1.020000000000007816e+02
1.000000000000004547e+02
-9.700000000000063949e+01
9.500000000000019895e+01
-9.499999999999941735e+01
9.400000000000011369e+01
9.299999999999963052e+01
9.199999999999998579e+01
-9.100000000000051159e+01
9.100000000000001421e+01
9.000000000000015632e+01
8.899999999999977263e+01
-8.899999999999968736e+01
-8.700000000000012790e+01
-8.600000000000021316e+01
8.600000000000009948e+01
-8.500000000000049738e+01
8.500000000000019895e+01
-8.499999999999968736e+01
8.400000000000015632e+01
8.400000000000008527e+01
-8.399999999999978684e+01
-8.399999999999967315e+01
8.300000000000032685e+01
-8.300000000000027001e+01
8.200000000000038369e+01
8.000000000000009948e+01
7.900000000000035527e+01
-7.899999999999990052e+01
7.699999999999994316e+01
7.600000000000014211e+01
7.599999999999997158e+01
-7.500000000000024158e+01
-7.500000000000012790e+01
7.499999999999991473e+01
-7.400000000000009948e+01
-7.299999999999987210e+01
-7.299999999999985789e+01
6.799999999999984368e+01
-6.600000000000015632e+01
-6.300000000000021316e+01
-6.300000000000020606e+01
6.300000000000006395e+01
-6.299999999999997868e+01
6.200000000000013500e+01
-6.100000000000002132e+01
-6.000000000000017053e+01
6.000000000000005684e+01
-5.999999999999994316e+01
5.900000000000014211e+01
-5.800000000000022737e+01
5.800000000000000711e+01
5.799999999999989342e+01
5.499999999999995737e+01
5.399999999999996447e+01
-5.399999999999980105e+01
-5.300000000000004263e+01
5.199999999999994316e+01
5.100000000000013500e+01
-4.800000000000014921e+01
-4.699999999999995737e+01
4.499999999999996447e+01
4.300000000000007105e+01
-4.100000000000002132e+01
3.999999999999999289e+01
-3.799999999999992184e+01
3.700000000000006395e+01
-3.699999999999984368e+01
3.599999999999993605e+01
3.500000000000003553e+01
-3.400000000000007816e+01
-3.399999999999995026e+01
3.200000000000005684e+01
-3.100000000000000355e+01
2.900000000000014211e+01
-2.900000000000002132e+01
-2.800000000000003553e+01
-2.700000000000002842e+01
2.600000000000007105e+01
2.500000000000005684e+01
-2.300000000000004263e+01
-2.299999999999996447e+01
-2.099999999999999645e+01
2.000000000000003553e+01
1.900000000000005684e+01
-1.499999999999997158e+01
-1.299999999999998579e+01
1.299999999999998401e+01
1.299999999999996092e+01
1.100000000000001421e+01
1.100000000000000000e+01
1.099999999999999467e+01
-1.000000000000002665e+01
9.000000000000030198e+00
-8.000000000000001776e+00
6.000000000000007105e+00
-5.000000000000031086e+00
-5.000000000000004441e+00
4.000000000000010658e+00
-3.000000000000002665e+00
1.000000000000013545e+00
9.999999999999935607e-01
