-1.235459076172113618e-01
6.364486149977555129e-02
6.738867688211529205e-02
-2.246289229403843068e-02
1.123144614701921534e-02
-1.460087999112497925e-01
1.871907691169869339e-02
-1.516245229847593967e-01
4.679769227924673175e-02
-1.291616306907209799e-01
-1.853188614258170497e-01
-6.926058457328515550e-02
-1.778312306611375682e-01
7.300439995562489626e-02
1.123144614701921534e-02
8.797966148498385930e-02
-1.871907691169869339e-02
-8.985156917615372274e-02
-1.516245229847593967e-01
8.423584610264411854e-02
-1.310335383818908399e-02
6.738867688211529205e-02
-1.029549230143428085e-01
1.871907691169869296e-03
-7.487630764679477184e-03
-1.647278768229484824e-01
6.177295380860568091e-02
7.487630764679477184e-03
-1.460087999112497925e-01
-1.329054460730607068e-01
5.054150766158646557e-02
-2.246289229403843068e-02
1.066987383966825492e-01
-1.291616306907209799e-01
-1.160582768525318942e-01
1.609840614406087556e-01
-9.921110763200306770e-02
1.141863691613620169e-01
-2.433479998520830107e-02
1.272897229995511026e-01
4.118196920573712061e-02
3.556624613222751641e-02
-3.931006151456725023e-02
5.615723073509607671e-03
1.104425537790222900e-01
1.441368922200799430e-01
-7.487630764679477184e-03
6.364486149977555129e-02
2.807861536754803836e-02
5.241341535275633595e-02
5.428532304392620633e-02
-2.246289229403843068e-02
7.487630764679477358e-02
9.359538455849346697e-03
3.556624613222751641e-02
2.807861536754803836e-02
1.123144614701921534e-02
-3.182243074988777565e-02
-3.931006151456725023e-02
-1.628559691317786329e-01
-1.310335383818908572e-01
8.423584610264411854e-02
-1.703435998964580866e-01
-1.141863691613620169e-01
7.300439995562489626e-02
8.610775379381398198e-02
-1.366492614554004614e-01
1.572402460582690009e-01
-1.553683383670991514e-01
1.759593229699677186e-01
-1.497526152935895437e-02
-4.305387689690699099e-02
-1.366492614554004614e-01
-1.123144614701921534e-02
3.743815382339738679e-02
2.059098460286856030e-02
1.403930768377401883e-01
-8.049203072030437778e-02
-9.733919994083320426e-02
2.059098460286856030e-02
-1.198020922348716349e-01
-1.684716922052882371e-01
1.759593229699677186e-01
-1.123144614701921534e-02
-1.123144614701921534e-02
-7.113249226445503282e-02
-1.871907691169869296e-03
-5.615723073509607671e-03
2.620670767637816798e-02
1.740874152787978413e-01
-1.722155075876279640e-01
8.985156917615372274e-02
-1.048268307055126719e-01
-1.722155075876279640e-01
1.422649845289100656e-01
8.985156917615372274e-02
1.310335383818908399e-02
1.740874152787978413e-01
-1.516245229847593967e-01
-4.305387689690699099e-02
