3361 58
1171 171
2740 171
171 1171
2740 1171
2825 1171
2955 1171
3173 1171
3432 1171
3331 1405
1656 1450
1726 1450
2707 1450
2813 1450
2825 1450
2848 1450
3097 1450
3222 1450
3340 1450
3350 1450
3403 1450
1450 1656
1726 1656
2707 1656
2848 1656
2922 1656
3147 1656
3162 1656
3222 1656
3233 1656
3340 1656
1450 1726
1656 1726
2675 1726
2707 1726
2720 1726
2825 1726
2848 1726
3097 1726
3205 1726
3222 1726
3319 1726
3340 1726
3350 1726
3432 1726
2768 2662
2675 2674
2690 2674
2720 2674
3049 2674
3097 2674
3146 2674
3205 2674
3214 2674
3247 2674
3340 2674
1726 2675
2674 2675
2688 2675
2689 2675
2720 2675
2813 2675
2825 2675
2849 2675
2914 2675
2955 2675
2979 2675
3001 2675
3050 2675
3097 2675
3205 2675
3214 2675
3221 2675
3222 2675
3240 2675
3264 2675
3304 2675
3340 2675
3349 2675
3411 2675
2793 2677
3319 2677
2874 2683
2927 2683
3044 2683
3084 2683
3243 2683
3400 2683
2675 2688
2691 2688
2720 2688
2793 2688
2813 2688
2849 2688
2859 2688
2933 2688
2970 2688
3264 2688
3272 2688
3349 2688
2675 2689
2694 2689
2720 2689
2969 2689
3097 2689
3284 2689
3313 2689
3349 2689
2674 2690
2720 2690
2819 2690
2825 2690
2859 2690
2868 2690
2871 2690
3427 2690
2688 2691
2720 2691
2793 2691
3222 2691
3319 2691
3319 2693
2689 2694
2720 2702
3173 2704
1450 2707
1656 2707
1726 2707
2848 2707
3350 2707
3403 2707
2720 2718
3077 2718
3196 2718
3222 2718
3349 2718
3280 2719
1726 2720
2674 2720
2675 2720
2688 2720
2689 2720
2690 2720
2691 2720
2702 2720
2718 2720
2784 2720
2813 2720
2825 2720
2849 2720
2859 2720
2868 2720
2870 2720
2914 2720
2933 2720
3001 2720
3049 2720
3050 2720
3055 2720
3077 2720
3097 2720
3196 2720
3205 2720
3214 2720
3221 2720
3222 2720
3240 2720
3313 2720
3327 2720
3331 2720
3340 2720
3349 2720
3411 2720
2810 2729
171 2740
1171 2740
3077 2740
2825 2744
2871 2744
3247 2748
2927 2755
2943 2755
3085 2755
3257 2755
3196 2758
3237 2763
2662 2768
2814 2768
2868 2768
2871 2768
2955 2768
2957 2768
3032 2768
3221 2768
3079 2774
2789 2782
2825 2782
2925 2782
2943 2782
2944 2782
2960 2782
3036 2782
3055 2782
3085 2782
3163 2782
3284 2782
3313 2782
2720 2784
2813 2784
2859 2784
3313 2784
2782 2789
2677 2793
2688 2793
2691 2793
2849 2793
2970 2793
3049 2793
3141 2793
3146 2793
3319 2793
3383 2793
2821 2794
3313 2801
2884 2809
3257 2809
2729 2810
1450 2813
2675 2813
2688 2813
2720 2813
2784 2813
2825 2813
2849 2813
3001 2813
3221 2813
3222 2813
3313 2813
3349 2813
2768 2814
2960 2814
2690 2819
2868 2819
2871 2819
3219 2819
3313 2819
2794 2821
1171 2825
1450 2825
1726 2825
2675 2825
2690 2825
2720 2825
2744 2825
2782 2825
2813 2825
2871 2825
2925 2825
2955 2825
3097 2825
3173 2825
3205 2825
3221 2825
3222 2825
3313 2825
3340 2825
3349 2825
3411 2825
2831 2830
2830 2831
1450 2848
1656 2848
1726 2848
2707 2848
3350 2848
3403 2848
2675 2849
2688 2849
2720 2849
2793 2849
2813 2849
2970 2849
3049 2849
3141 2849
3222 2849
3313 2849
3319 2849
3349 2849
2925 2850
3054 2850
2688 2859
2690 2859
2720 2859
2784 2859
2914 2859
2933 2859
3196 2859
3313 2859
3349 2859
3411 2859
2927 2864
2690 2868
2720 2868
2768 2868
2819 2868
2871 2868
2921 2868
3032 2868
2720 2870
2690 2871
2744 2871
2768 2871
2819 2871
2825 2871
2868 2871
3427 2871
2884 2873
3084 2873
2683 2874
2809 2884
2873 2884
3084 2884
3257 2884
3394 2890
3234 2891
3237 2891
3286 2891
3333 2891
3432 2892
2927 2896
2988 2907
3426 2907
2675 2914
2720 2914
2859 2914
3196 2914
3264 2914
3090 2915
3085 2920
2868 2921
1656 2922
2782 2925
2825 2925
2850 2925
3054 2925
3195 2925
2683 2927
2755 2927
2864 2927
2896 2927
2943 2927
2960 2927
2993 2927
3040 2927
3085 2927
3143 2927
3163 2927
3257 2927
3284 2927
3363 2927
3400 2927
3090 2928
2688 2933
2720 2933
2859 2933
3077 2933
3313 2933
3308 2936
2755 2943
2782 2943
2927 2943
3085 2943
2782 2944
3237 2948
3315 2948
3055 2952
1171 2955
2675 2955
2768 2955
2825 2955
2957 2955
3173 2955
3221 2955
3264 2955
3304 2955
3313 2955
3369 2955
2768 2957
2955 2957
3032 2957
3221 2957
3236 2957
3264 2957
3304 2957
3397 2957
2782 2960
2814 2960
2927 2960
2985 2960
3257 2960
2689 2969
3349 2969
2688 2970
2793 2970
2849 2970
3049 2970
3319 2970
3084 2977
3130 2978
2675 2979
3264 2979
3319 2979
2960 2985
2907 2988
3007 2990
2927 2993
3257 2993
2675 3001
2720 3001
2813 3001
3205 3001
2990 3007
3080 3010
3394 3010
3221 3020
3146 3021
3257 3022
3084 3026
2768 3032
2868 3032
2957 3032
3221 3032
3426 3033
2782 3036
2927 3040
2683 3044
2674 3049
2720 3049
2793 3049
2849 3049
2970 3049
3077 3049
3146 3049
3214 3049
3247 3049
3319 3049
3340 3049
3411 3049
2675 3050
2720 3050
2850 3054
2925 3054
2720 3055
2782 3055
2952 3055
3147 3055
3222 3055
3313 3055
3349 3055
3432 3061
3368 3063
3078 3064
2718 3077
2720 3077
2740 3077
2933 3077
3049 3077
3340 3077
3064 3078
2774 3079
3222 3079
3403 3079
3010 3080
3394 3080
2683 3084
2873 3084
2884 3084
2977 3084
3026 3084
3257 3084
3364 3084
2755 3085
2782 3085
2920 3085
2927 3085
2943 3085
2915 3090
2928 3090
3257 3090
3293 3090
3384 3090
1450 3097
1726 3097
2674 3097
2675 3097
2689 3097
2720 3097
2825 3097
3205 3097
3214 3097
3221 3097
3222 3097
3313 3097
3340 3097
3420 3097
3284 3098
3344 3120
2978 3130
2793 3141
2849 3141
2927 3143
2674 3146
2793 3146
3021 3146
3049 3146
3240 3146
3319 3146
3411 3146
1656 3147
3055 3147
3222 3147
1656 3162
2782 3163
2927 3163
1171 3173
2704 3173
2825 3173
2955 3173
3249 3173
3313 3173
3329 3189
2925 3195
2718 3196
2720 3196
2758 3196
2859 3196
2914 3196
3264 3196
3313 3196
3349 3196
1726 3205
2674 3205
2675 3205
2720 3205
2825 3205
3001 3205
3097 3205
3221 3205
3222 3205
3313 3205
3331 3205
3350 3205
3403 3205
3411 3205
3313 3210
3349 3210
3379 3210
2674 3214
2675 3214
2720 3214
3049 3214
3097 3214
3340 3214
2819 3219
3313 3219
2675 3221
2720 3221
2768 3221
2813 3221
2825 3221
2955 3221
2957 3221
3020 3221
3032 3221
3097 3221
3205 3221
3264 3221
3313 3221
3340 3221
3349 3221
3411 3221
3420 3221
1450 3222
1656 3222
1726 3222
2675 3222
2691 3222
2718 3222
2720 3222
2813 3222
2825 3222
2849 3222
3055 3222
3079 3222
3097 3222
3147 3222
3205 3222
3233 3222
3313 3222
3327 3222
3340 3222
3350 3222
3264 3223
1656 3233
3222 3233
3350 3233
2891 3234
3257 3234
3286 3234
3315 3234
3322 3234
3400 3234
2957 3236
3264 3236
2763 3237
2891 3237
2948 3237
3286 3237
3315 3237
2675 3240
2720 3240
3146 3240
2683 3243
2674 3247
2748 3247
3049 3247
3420 3247
3173 3249
2755 3257
2809 3257
2884 3257
2927 3257
2960 3257
2993 3257
3022 3257
3084 3257
3090 3257
3234 3257
3384 3257
3400 3257
2675 3264
2688 3264
2914 3264
2955 3264
2957 3264
2979 3264
3196 3264
3221 3264
3223 3264
3236 3264
3304 3264
3313 3264
3349 3264
2688 3272
2719 3280
2689 3284
2782 3284
2927 3284
3098 3284
2891 3286
3234 3286
3237 3286
3431 3291
3090 3293
2675 3304
2955 3304
2957 3304
3264 3304
3349 3304
2936 3308
2689 3313
2720 3313
2782 3313
2784 3313
2801 3313
2813 3313
2819 3313
2825 3313
2849 3313
2859 3313
2933 3313
2955 3313
3055 3313
3097 3313
3173 3313
3196 3313
3205 3313
3210 3313
3219 3313
3221 3313
3222 3313
3264 3313
3327 3313
3349 3313
3411 3313
2948 3315
3234 3315
3237 3315
1726 3319
2677 3319
2691 3319
2693 3319
2793 3319
2849 3319
2970 3319
2979 3319
3049 3319
3146 3319
3234 3322
2720 3327
3222 3327
3313 3327
3189 3329
1405 3331
2720 3331
3205 3331
2891 3333
1450 3340
1656 3340
1726 3340
2674 3340
2675 3340
2720 3340
2825 3340
3049 3340
3077 3340
3097 3340
3214 3340
3221 3340
3222 3340
3349 3340
3120 3344
2675 3349
2688 3349
2689 3349
2718 3349
2720 3349
2813 3349
2825 3349
2849 3349
2859 3349
2969 3349
3055 3349
3196 3349
3210 3349
3221 3349
3264 3349
3304 3349
3313 3349
3340 3349
3420 3349
1450 3350
1726 3350
2707 3350
2848 3350
3205 3350
3222 3350
3233 3350
3366 3350
3403 3350
58 3361
2927 3363
3084 3364
3350 3366
3063 3368
2955 3369
3410 3371
3210 3379
2793 3383
3090 3384
3257 3384
2890 3394
3010 3394
3080 3394
2957 3397
2683 3400
2927 3400
3234 3400
3257 3400
3427 3401
1450 3403
2707 3403
2848 3403
3079 3403
3205 3403
3350 3403
3371 3410
2675 3411
2720 3411
2825 3411
2859 3411
3049 3411
3146 3411
3205 3411
3221 3411
3313 3411
3097 3420
3221 3420
3247 3420
3349 3420
2907 3426
3033 3426
2690 3427
2871 3427
3401 3427
3291 3431
1171 3432
1726 3432
2892 3432
3061 3432
