2825 1171
3222 1450
3340 1450
1726 1656
3222 1656
1656 1726
2720 2674
2720 2675
3264 2675
3349 2675
2849 2688
2720 2690
2868 2690
2674 2720
2675 2720
2690 2720
2784 2720
2813 2720
2859 2720
3077 2720
3205 2720
3222 2720
3340 2720
2925 2782
2720 2784
2813 2784
3146 2793
3319 2793
2720 2813
2784 2813
3313 2813
1171 2825
3221 2825
3313 2825
2688 2849
3049 2849
3349 2849
2720 2859
3313 2859
2690 2868
2782 2925
3394 3010
2849 3049
3146 3049
3319 3049
2720 3077
3394 3080
3340 3097
2793 3146
3049 3146
2720 3205
2825 3221
1450 3222
1656 3222
2720 3222
3313 3222
2675 3264
2813 3313
2825 3313
2859 3313
3222 3313
3349 3313
2793 3319
3049 3319
1450 3340
2720 3340
3097 3340
2675 3349
2849 3349
3313 3349
3010 3394
3080 3394
