2.000000000000000000e+01
1.900000000000005329e+01
1.800000000000002487e+01
1.499999999999997335e+01
1.399999999999997691e+01
1.299999999999998934e+01
1.200000000000001243e+01
1.200000000000000888e+01
1.000000000000001066e+01
1.000000000000000888e+01
9.000000000000007105e+00
7.999999999999989342e+00
7.999999999999984901e+00
6.999999999999994671e+00
5.000000000000011546e+00
4.000000000000000888e+00
4.000000000000000888e+00
3.999999999999999556e+00
3.000000000000007105e+00
1.999999999999994227e+00
