-9.875730851395249088e-01 3.581700117722808659e-03 4.018273314011666653e-02 -3.866932742916747573e-02 3.810258310052112851e-02 -5.811385605385194740e-03 -3.377636558247719412e-02 -5.909480930639927215e-02 1.440553856420393256e-02 -5.054350971482673982e-02 -1.381698735606763997e-02 -3.551245383339776121e-04 1.731819886057527416e-02 -3.376394147140048419e-03 6.384601258967760595e-02 -5.363133605210548827e-02 6.739009608811617237e-03 6.788847043897665301e-02 5.507334088146885638e-03 4.450059040450876635e-02
9.921582671944342846e-02 -6.384323928830613060e-01 5.116624756302065036e-01 -1.534017766118120629e-01 1.511534937302684567e-01 -2.305385005919370622e-02 -1.339913267778533035e-01 -2.344299562163800477e-01 5.714697812746571959e-02 -2.005068280706969741e-01 -5.481218704219590482e-02 -1.408784137728066096e-03 6.870154330444119828e-02 -1.339420401509950134e-02 2.532780477957776721e-01 -2.127562794446580530e-01 2.673374778729354848e-02 2.693145360718312564e-01 2.184767332878763402e-02 1.765344804827445879e-01
4.305798931454446477e-02 -3.484080085475388389e-01 -8.477364180648140346e-01 -6.657377433201085160e-02 6.559805761936221558e-02 -1.000498068030017049e-02 -5.814996767559468815e-02 -1.017386326711607891e-01 2.480082114851678982e-02 -8.701656929166343146e-02 -2.378756133982160015e-02 -6.113884684981273727e-04 2.981530684474861803e-02 -5.812857811383902173e-03 1.099183853644502967e-01 -9.233262383465977441e-02 1.160199400261122289e-02 1.168779498176673037e-01 9.481520396930218086e-03 7.661297623180263194e-02
2.450578484796121781e-02 1.474964573587636829e-01 -2.877780865791961656e-02 -9.076963006246639709e-02 8.943929471732758874e-02 -1.364123341728827078e-02 9.207157607178034775e-01 -1.387149540983887708e-01 3.381453708286850240e-02 -1.186422413804987808e-01 -3.243301381916270654e-02 -8.335940941741556715e-04 4.065150879083473390e-02 -7.925507580713399280e-03 1.498675909050503352e-01 -1.258903853996936328e-01 1.581867205473480587e-02 1.593565690672905932e-01 1.292752450187069878e-02 1.044575222048296503e-01
4.348476664153108628e-02 2.617279580511784332e-01 -5.106534239601677461e-02 -1.610679358320096510e-01 1.587072963994381469e-01 -2.420595200413833137e-02 -1.406874607333560290e-01 -2.461454487617313058e-01 6.000286313059071536e-02 -2.105270331992009636e-01 -5.755139230013835844e-02 -1.479187256552627746e-03 7.213486057936506490e-02 -1.406357110377067302e-02 2.659354620987257611e-01 -2.233886433542855987e-01 4.503834114814331269e-01 -6.690834366330046246e-01 2.293949733518832468e-02 1.853566823185233414e-01
1.256488221609135605e-02 7.562604607449555094e-02 -1.475528241463557044e-02 -4.654042780547561209e-02 4.585832327288306975e-02 -6.994286950360931177e-03 -4.065150879083426899e-02 -7.112349474503609770e-02 1.733777058249227551e-02 -6.083158723737307205e-02 -1.662942040334390581e-02 -4.274097595449611740e-04 -9.791567002227343774e-01 -4.063655576519370656e-03 7.684180039179114297e-02 -6.454793733395060296e-02 8.110727830831124252e-03 8.170709622701544106e-02 6.628346070913586872e-03 5.355863814325487193e-02
2.607723454711362646e-02 1.569547654676673176e-01 -3.062320471596677654e-02 -9.659029276471634007e-02 -8.481287845202686304e-01 4.574043747329598064e-01 -8.436839368658033411e-02 -1.476101424891592129e-01 3.598291669019704903e-02 -1.262502537612849862e-01 -3.451280233134238623e-02 -8.870488680829956589e-04 4.325831374141266006e-02 -8.433736008433785625e-03 1.594779495245194634e-01 -1.339631898207691574e-01 1.683305488701830263e-02 1.695754147020029357e-01 1.375651058067979896e-02 1.111559300649098830e-01
4.565999863938977749e-02 2.748203366714949136e-01 -5.361977640453017419e-02 -1.691250131698964210e-01 1.666462878229749422e-01 -2.541680273198209175e-02 -1.477250486042383515e-01 -2.584583458433102332e-01 6.300437740616955662e-02 -2.210581955900254858e-01 -6.043027701589541445e-02 -1.553180420131043162e-03 7.574325195436970581e-02 -1.308915884219871428e-01 -7.064654530022111967e-01 -2.345631801521504411e-01 2.947387928920855785e-02 2.969184938141484209e-01 2.408699638996418188e-02 1.946287520002971672e-01
8.781445116002076570e-03 5.285413436609009974e-02 -1.031228948006273488e-02 -3.252654544788426139e-02 3.204983079084927633e-02 -4.888223058827955228e-03 -2.841085074973378685e-02 -4.970735537511890983e-02 1.211715941188905646e-02 -4.251446495536085474e-02 8.643634264670889689e-01 -4.599621557002828154e-01 1.456713161990561001e-02 -2.840040025988302928e-03 5.370381044170203372e-02 -4.511177735699578584e-02 5.668490167464723499e-03 5.710410720655299116e-02 4.632471377809707115e-03 3.743148827455405198e-02
7.804723969171012930e-03 4.697540369581344050e-02 -9.165299312229587686e-03 -2.890876222967574127e-02 2.848507042712252954e-02 -4.344527713823640759e-03 -2.525083797733230356e-02 -4.417862695894540781e-02 1.076942157594387196e-02 -3.778576980102587440e-02 -1.032942719106438520e-02 -2.654871838518888059e-04 1.294689425420346603e-02 9.907105083545852953e-01 -1.207570739270343863e-01 -4.009419467742014048e-02 5.038009176691243644e-03 5.075267092895327514e-02 4.117222156636498286e-03 3.326815004580652851e-02
2.565345512589361360e-02 1.544041039108406121e-01 -3.012554903292121236e-02 -9.502061027827680972e-02 9.362797183431105508e-02 -1.428008821196274925e-02 -8.299732847714251516e-02 -1.452113397849347509e-01 3.539816068083963263e-02 -1.241985692020497328e-01 -3.395193705361285869e-02 -8.726334953473070550e-04 4.255532573372335092e-02 -8.296679919992670099e-03 1.568862838697571149e-01 -1.317861628455918588e-01 -8.898902603071050521e-01 -1.397233772365878146e-01 1.353295443321598547e-02 1.093495423659743560e-01
2.789316971754677438e-02 1.678845931019899151e-01 -3.275570670250142064e-02 -1.033165316777000658e-01 1.018023067796468561e-01 -1.552683340794024612e-02 -9.024353865609231751e-02 -1.578892404807186456e-01 3.848865186830294910e-02 -1.350419174504306208e-01 -3.691616344965474583e-02 -9.488201128263806837e-04 4.627068428993481863e-02 -9.021034397309906153e-03 1.705834836227309026e-01 -1.432919576968009756e-01 1.800525496597703279e-02 1.813841039647267062e-01 -6.187274640001576564e-01 -5.950182171290628874e-01
4.835261708127651555e-03 2.910267827682554848e-02 -5.678179136507775782e-03 -1.790984941820636736e-02 1.764735957781918274e-02 -2.691565848777387280e-03 -1.564365510583224164e-02 -2.736999080249830074e-02 6.671981221955740685e-03 -2.340942313305637359e-02 4.759379945635454634e-01 8.879287149296780646e-01 8.020991168144055855e-03 -1.563790083045424719e-03 2.957052908480137243e-02 -2.483956191246862802e-02 3.121198514319508798e-03 3.144280916241585372e-02 2.550743205842520827e-03 2.061062154819848918e-02
4.287508906065342490e-02 2.580584047653508017e-01 -5.034938145559384598e-02 -1.588096850223736367e-01 1.564821429029469857e-01 -2.386657278238906929e-02 -1.387149540984133345e-01 7.573056301639626842e-01 5.916159380192846651e-02 -2.075753417857737759e-01 -5.674449378501068841e-02 -1.458448331685608876e-03 7.112349474503568136e-02 -1.386639299586550113e-02 2.622069175594683443e-01 -2.202566259101370882e-01 2.767619879860454962e-02 2.788087438761841508e-01 2.261787442394794581e-02 1.827578914682160272e-01
1.045165821086679360e-02 6.290688379057662871e-02 -1.227366607584206605e-02 -3.871302858593136942e-02 3.814564376559062553e-02 -5.817953194999457393e-03 -3.381453708286801668e-02 -5.916159380193954098e-02 -9.855781813828238258e-01 -5.060063017664868934e-02 -1.383260227286282201e-02 -3.555258732967261481e-04 1.733777058249303879e-02 -3.380209893099867403e-03 6.391816653674640969e-02 -5.369194614231707213e-02 6.746625529099979125e-03 6.796519286695484885e-02 5.513558061675605595e-03 4.455088161478689551e-02
9.176114238662016337e-03 5.522958562308912661e-02 -1.077576014894694387e-02 -3.398840314731905315e-02 -2.984414054949750539e-01 -8.867490983700043738e-01 -2.968773461010443260e-02 -5.194137928306864077e-02 1.266174730272252337e-02 -4.442521499279926400e-02 -1.214444025176332140e-02 -3.121366927962532212e-04 1.522182990476903669e-02 -2.967681443837272715e-03 5.611744913902220327e-02 -4.713925977655208932e-02 5.923252112865904501e-03 5.967056723603766932e-02 4.840670983940942654e-03 3.911379140825512607e-02
1.767011755060416550e-02 1.063536530658768381e-01 -2.075049891236321539e-02 -6.545026177205282014e-02 6.449101145315337680e-02 -9.836134590841108527e-03 -5.716861699058036622e-02 -1.000216708076361594e-01 2.438227744512605835e-02 -8.554805996491188225e-02 -2.338611761510937803e-02 -6.010705523181195066e-04 2.931213766055863756e-02 -5.714758840342218892e-03 1.080633803303163304e-01 -9.077439968989751973e-02 1.140619639141670846e-02 1.149054937579061242e-01 7.831117359124375454e-01 -6.249126460655772819e-01
2.805577811149825157e-02 1.688633074011932356e-01 -3.294666215552025795e-02 8.960811654842094631e-01 1.023957821635118892e-01 -1.561734995622387177e-02 -9.076963006246484278e-02 -1.588096850223726653e-01 3.871302858592950979e-02 -1.358291692950355511e-01 -3.713137305508894259e-02 -9.543514352345998635e-04 4.654042780547530678e-02 -9.073624186492639659e-03 1.715779316036006585e-01 -1.441273046775302935e-01 1.811021993131687116e-02 1.824415161603215041e-01 1.480025068389296920e-02 1.195896023423568544e-01
3.667086002808152972e-02 2.207161278856608622e-01 -4.306358681253447812e-02 -1.358291692950348017e-01 1.338384335755092580e-01 -2.041296634077946481e-02 -1.186422413804964493e-01 -2.075753417857859329e-01 5.060063017664970242e-02 8.224617960993785282e-01 -4.853329601276754057e-02 -1.247403930841405485e-03 6.083158723737046997e-02 -1.185986006761211541e-02 2.242643311741149836e-01 -1.883844459793911075e-01 2.367132137771769604e-02 2.384637943684557171e-01 1.934496056579585940e-02 1.563119565204282024e-01
3.891117234600953434e-02 2.342002146970650067e-01 -4.569444640831086396e-02 -1.441273046775288780e-01 1.420149500553971600e-01 -2.166004426324037030e-02 -1.258903853996889144e-01 -2.202566259101388368e-01 5.369194614231917462e-02 -1.883844459793923010e-01 -5.149831348996269931e-02 -1.323610880706908681e-03 6.454793733394863231e-02 -1.258440785782047495e-02 2.379651863822123681e-01 8.001066885478492763e-01 2.511746015994207465e-02 2.530321294305256097e-01 2.052679140947358954e-02 1.658614353535919073e-01
