1.571322054281377412e+01 -8.623392642485385728e-01 -1.504031471681280263e-01 -4.277617283532857834e-02 -1.958734662899453749e+00 -1.415179311367990245e+00 -1.341939267141411540e-01 -8.978768666707659385e-03 -3.230075277765573349e-01 -3.878019613218988138e-01 -7.853775683817998399e-01 -2.654363820465547530e+00 -2.004824609703397709e+00 -1.019678870005618521e+00 -5.106748143952544172e-01 -1.222314822931549250e+00 -3.319995114150194215e+00 -4.907647503357266960e-01 -1.317604864382906582e+00 -1.490912148347385502e+00
-8.623392642485387949e-01 1.484908653708284909e+01 1.207843886423476225e-02 5.590945626397095941e-02 -2.337606999224197957e-01 -1.052578037295315849e-01 -2.245513095065497858e-02 -3.627125003156372331e-04 1.485153723807871862e-01 7.904884598307566901e-02 -1.160432826165277292e-01 -5.111256884054961036e-01 -2.392611990090743879e-01 -7.584138455391346845e-02 1.040950247207701601e-01 -1.806028465214103707e-01 -6.543785081270785398e-01 1.000365934998708461e-01 -1.313895677649394300e-01 -2.361144322076625113e-01
-1.504031471681279153e-01 1.207843886423476398e-02 5.074173839590955915e+00 1.195775583173624840e-01 2.320535207687688950e-01 2.870830533090981129e-01 3.811622383029345407e-03 2.394047115546222605e-03 3.893420951267411168e-01 2.811585870841048496e-01 5.116607914983713895e-02 -5.027754585371068535e-02 2.375138491279293051e-01 2.068518957594233931e-01 3.702420915701006843e-01 7.963183504845321170e-02 -9.118439097215613742e-02 3.558071839676502646e-01 2.046255823675376673e-01 6.743062428583190826e-02
-4.277617283532857834e-02 5.590945626397095247e-02 1.195775583173624701e-01 2.184089551032429632e+00 4.388202605566843828e-01 4.990431693149042780e-01 1.164470424177581863e-02 4.038869772188365820e-03 6.073821018850178444e-01 4.453346017345627406e-01 1.121297275545434097e-01 3.881663886001734953e-02 4.491459074391524475e-01 3.595754763254337960e-01 5.864363457816788028e-01 1.745120227505224109e-01 5.424893589255998239e-03 5.635725097705469588e-01 3.691393273661972008e-01 1.675992243663590175e-01
-1.958734662899453749e+00 -2.337606999224199900e-01 2.320535207687688950e-01 4.388202605566843273e-01 1.024365369660556091e+01 6.281461364034904848e-01 -2.906289753186164226e-02 6.153093154480123242e-03 1.369242817489662922e+00 9.386930896534808610e-01 -6.084338537689238519e-02 -1.050620360135563702e+00 2.493869825517610050e-01 4.525980117298048500e-01 1.236112673847453269e+00 -9.469301749570555038e-02 -1.421213690496239579e+00 1.187919416950222296e+00 3.476114242334993887e-01 -2.279360357680228766e-01
-1.415179311367990245e+00 -1.052578037295316959e-01 2.870830533090981129e-01 4.990431693149043335e-01 6.281461364034907069e-01 8.959991390797485522e+00 -8.191354366388724564e-03 8.517684294569116688e-03 1.591541379709370707e+00 1.121273478745072882e+00 7.436952881192521181e-02 -6.946578525871843768e-01 6.429267100872603224e-01 6.917024074053622629e-01 1.476542624211133692e+00 1.157443007043715832e-01 -9.887947222653263868e-01 1.418975543544585882e+00 6.282155101727132651e-01 1.530188719663234075e-02
-1.341939267141411540e-01 -2.245513095065497858e-02 3.811622383029347142e-03 1.164470424177581516e-02 -2.906289753186164226e-02 -8.191354366388755789e-03 1.399671279806614876e+01 9.433126424409563805e-06 3.285469175813658660e-02 1.946913677580341950e-02 -1.614392668383776014e-02 -7.849738308199744052e-02 -2.974676116412568530e-02 -5.902114945462897180e-03 2.563782239658772555e-02 -2.512544498391143175e-02 -1.012166757572023346e-01 2.463826128279497304e-02 -1.434626385867434663e-02 -3.383148306011291712e-02
-8.978768666707657650e-03 -3.627125003156380463e-04 2.394047115546223039e-03 4.038869772188366687e-03 6.153093154480124977e-03 8.517684294569116688e-03 9.433126424409558723e-06 7.000073566169076500e+00 1.298545144449968561e-02 9.238469536399724139e-03 1.039204220389901377e-03 -4.098497200568805912e-03 6.297878327041425001e-03 6.137245384229901742e-03 1.216562623797829736e-02 1.617355490879127285e-03 -6.091189620953942237e-03 1.169131579443459350e-02 5.793735402760439093e-03 9.600699339807990855e-04
-3.230075277765573349e-01 1.485153723807871862e-01 3.893420951267411168e-01 6.073821018850178444e-01 1.369242817489663144e+00 1.591541379709370707e+00 3.285469175813657272e-02 1.298545144449968561e-02 4.996288390349669761e+00 1.457295000994061729e+00 3.378182455723878763e-01 1.609826198659802463e-02 1.401461744236159213e+00 1.146752996311462658e+00 1.919030660946143607e+00 5.257601765615042000e-01 -1.225773478020326657e-01 1.844211965536461495e+00 1.165791199604058193e+00 4.915149600347407666e-01
-3.878019613218985917e-01 7.904884598307564125e-02 2.811585870841048496e-01 4.453346017345627961e-01 9.386930896534807500e-01 1.121273478745072660e+00 1.946913677580341603e-02 9.238469536399722404e-03 1.457295000994061507e+00 5.058503539991503040e+00 2.210095283714708370e-01 -8.114488455613486084e-02 9.607809790378016856e-01 8.079109584133412625e-01 1.393884386193679603e+00 3.439660532884400990e-01 -2.064829030566927848e-01 1.339539964580573228e+00 8.114798352602818898e-01 3.093633304836302389e-01
-7.853775683817998399e-01 -1.160432826165277292e-01 5.116607914983716671e-02 1.121297275545434236e-01 -6.084338537689228110e-02 7.436952881192525344e-02 -1.614392668383776014e-02 1.039204220389901160e-03 3.378182455723879873e-01 2.210095283714709202e-01 1.193411013888722216e+01 -4.438456583193070570e-01 -6.227505881817525096e-02 5.358546192177583017e-02 2.910351445773110002e-01 -1.025470514583148446e-01 -5.831872367290854564e-01 2.796883379427016481e-01 7.153662973916944355e-03 -1.545084411935649105e-01
-2.654363820465547530e+00 -5.111256884054958816e-01 -5.027754585371062984e-02 3.881663886001741198e-02 -1.050620360135563258e+00 -6.946578525871841547e-01 -7.849738308199744052e-02 -4.098497200568805912e-03 1.609826198659845484e-02 -8.114488455613470819e-02 -4.438456583193070570e-01 1.637953618056965155e+01 -1.075341950776180777e+00 -5.005216854689041872e-01 -1.068551812336805962e-01 -6.907749203676806227e-01 -2.042088327708456941e+00 -1.026891377095361102e-01 -6.805597945115208214e-01 -8.585877347564209172e-01
-2.004824609703397709e+00 -2.392611990090742213e-01 2.375138491279292774e-01 4.491459074391523920e-01 2.493869825517610050e-01 6.429267100872599894e-01 -2.974676116412568530e-02 6.297878327041423266e-03 1.401461744236158768e+00 9.607809790378017967e-01 -6.227505881817536199e-02 -1.075341950776180999e+00 1.025525517540969034e+01 4.632478555699701128e-01 1.265198985771383899e+00 -9.692118868282338651e-02 -1.454655516299763418e+00 1.215871718898849263e+00 3.557908843486574102e-01 -2.332994777707790013e-01
-1.019678870005618521e+00 -7.584138455391352396e-02 2.068518957594234209e-01 3.595754763254337405e-01 4.525980117298049610e-01 6.917024074053621518e-01 -5.902114945462916262e-03 6.137245384229900874e-03 1.146752996311462436e+00 8.079109584133414845e-01 5.358546192177577466e-02 -5.005216854689045203e-01 4.632478555699701683e-01 8.498392199135155423e+00 1.063892965701529914e+00 8.339721815021267082e-02 -7.124560661449995669e-01 1.022414168426826420e+00 4.526479975980559067e-01 1.102546576273304504e-02
-5.106748143952541952e-01 1.040950247207701740e-01 3.702420915701006843e-01 5.864363457816788028e-01 1.236112673847453269e+00 1.476542624211133692e+00 2.563782239658771861e-02 1.216562623797829909e-02 1.919030660946143385e+00 1.393884386193679603e+00 2.910351445773110002e-01 -1.068551812336808876e-01 1.265198985771383899e+00 1.063892965701529914e+00 5.835528752308310807e+00 4.529497473983591371e-01 -2.719058403800692081e-01 1.763965608774709537e+00 1.068592620946177352e+00 4.073833480287357145e-01
-1.222314822931549250e+00 -1.806028465214103151e-01 7.963183504845322558e-02 1.745120227505224109e-01 -9.469301749570521731e-02 1.157443007043714861e-01 -2.512544498391143521e-02 1.617355490879128152e-03 5.257601765615043110e-01 3.439660532884401545e-01 -1.025470514583148446e-01 -6.907749203676806227e-01 -9.692118868282340038e-02 8.339721815021275408e-02 4.529497473983591371e-01 1.184040188300299512e+01 -9.076378454087904446e-01 4.352902540530145248e-01 1.113353454860152060e-02 -2.404677260238883008e-01
-3.319995114150193771e+00 -6.543785081270786508e-01 -9.118439097215606803e-02 5.424893589256054617e-03 -1.421213690496239579e+00 -9.887947222653263868e-01 -1.012166757572023346e-01 -6.091189620953942237e-03 -1.225773478020326240e-01 -2.064829030566929235e-01 -5.831872367290855674e-01 -2.042088327708456941e+00 -1.454655516299762974e+00 -7.124560661449997889e-01 -2.719058403800692081e-01 -9.076378454087902226e-01 1.643680895831422006e+01 -2.613048423525128339e-01 -9.405722193011317733e-01 -1.116543608257071885e+00
-4.907647503357263630e-01 1.000365934998708461e-01 3.558071839676502646e-01 5.635725097705470699e-01 1.187919416950222073e+00 1.418975543544585882e+00 2.463826128279496958e-02 1.169131579443459350e-02 1.844211965536461495e+00 1.339539964580573228e+00 2.796883379427015370e-01 -1.026891377095367069e-01 1.215871718898849041e+00 1.022414168426826420e+00 1.763965608774709537e+00 4.352902540530144138e-01 -2.613048423525129449e-01 5.695192551479731691e+00 1.026930594668708396e+00 3.915003862546335145e-01
-1.317604864382905916e+00 -1.313895677649393745e-01 2.046255823675375840e-01 3.691393273661973118e-01 3.476114242334993887e-01 6.282155101727132651e-01 -1.434626385867433448e-02 5.793735402760439093e-03 1.165791199604058415e+00 8.114798352602818898e-01 7.153662973916957366e-03 -6.805597945115212655e-01 3.557908843486575767e-01 4.526479975980556847e-01 1.068592620946177352e+00 1.113353454860152233e-02 -9.405722193011317733e-01 1.026930594668708396e+00 9.387050093165951736e+00 -8.019298408969204039e-02
-1.490912148347385280e+00 -2.361144322076625390e-01 6.743062428583193602e-02 1.675992243663590453e-01 -2.279360357680227378e-01 1.530188719663265300e-02 -3.383148306011292406e-02 9.600699339807995192e-04 4.915149600347410441e-01 3.093633304836302944e-01 -1.545084411935649660e-01 -8.585877347564210282e-01 -2.332994777707792233e-01 1.102546576273301208e-02 4.073833480287356590e-01 -2.404677260238883285e-01 -1.116543608257072107e+00 3.915003862546332924e-01 -8.019298408969192937e-02 1.266193021522763651e+01
