2.000000000000008527e+01
-1.800000000000002487e+01
-1.600000000000000355e+01
-1.600000000000000000e+01
-1.500000000000000888e+01
1.499999999999996803e+01
-1.400000000000000533e+01
1.199999999999999645e+01
-9.000000000000008882e+00
-9.000000000000005329e+00
7.999999999999995559e+00
-7.000000000000006217e+00
-7.000000000000006217e+00
-7.000000000000001776e+00
6.999999999999993783e+00
-6.000000000000002665e+00
-4.000000000000003553e+00
4.000000000000000888e+00
-1.000000000000002665e+00
9.999999999999964473e-01
