-8.616714231207290853e-01 6.489803257512119505e-02 -4.497868181350045402e-02 -2.873022692850132984e-03 5.229814761035433274e-02 2.833589224071753196e-04 1.737308633142111980e-01 -1.588893465555840101e-01 3.566894059467377778e-03 2.427911866205417213e-01 -1.993233045108650514e-01 3.434337960518385469e-02 5.327428348078153478e-03 7.863794622215448948e-02 1.876976316357931163e-01 2.644757778129459488e-02 1.267764986743740996e-01 -1.956625867881831016e-01 1.308251747292668854e-01 5.256427141697418703e-02
1.463389014407606714e-01 6.865614471692856047e-02 -4.758330515166001029e-02 -3.039393552447294550e-03 5.532662622102643701e-02 2.997676572252417769e-04 1.837912617719299757e-01 -1.680903031763123778e-01 3.773445588714332329e-03 2.568507269510768576e-01 5.233128746839780243e-01 -4.238113391575237809e-01 -5.585674735684953429e-01 8.319170862107215514e-02 1.985668170401792276e-01 2.797910284048944415e-02 1.341178660480681351e-01 -2.069930064315650131e-01 1.384009926407722413e-01 5.560816071221105772e-02
3.477731331359322497e-02 -5.195601609678531796e-01 8.607038756339414620e-01 5.179031528801393280e-01 1.314832485230121861e-02 7.123952437247346205e-05 4.367783434215807836e-02 -3.994651511652744236e-02 8.967560793351952780e-04 6.104035303024094722e-02 -5.011205325798313848e-02 8.634300299493824840e-03 1.339373605921792814e-03 1.977043757554295192e-02 4.718923226770758289e-02 6.649209582257616796e-03 3.187299482627561908e-02 -4.919170888615142373e-02 3.289087615522946068e-02 1.321523128054956711e-02
4.258131754082871562e-02 -6.361490893861210250e-01 -6.404995136645644238e-02 2.931780246744970508e-01 1.609879954260661286e-02 8.722562267944532449e-05 5.347910912060655636e-02 -4.891048453019977010e-02 1.097987501985320637e-03 7.473776458082774521e-02 -6.135716215798293210e-02 1.057183110956129261e-02 1.639928084877716316e-03 2.420690962335707991e-02 5.777846222852985048e-02 8.141287455548438037e-03 3.902527206276058119e-02 -6.023029316754405921e-02 4.027156523372121821e-02 1.618071972548360341e-02
1.805294243454621250e-01 8.469692037795592543e-02 -5.870063669270430412e-02 -3.749515426045004970e-03 6.825310210970692015e-02 3.698051718560193928e-04 2.267321290562292480e-01 -2.073628090119052081e-01 6.623301497244280522e-01 -4.266972333845092114e-01 -2.601322317758480995e-01 4.482074991353987570e-02 6.952703444348831349e-03 1.026285636957373765e-01 2.449598351596575796e-01 3.451612168580309864e-02 1.654530744301150602e-01 -2.553547137960024971e-01 1.707369078508040039e-01 6.860041413081981176e-02
1.267764986743725453e-01 5.947827648013789825e-02 -4.122242796064539555e-02 -2.633091193654502320e-03 4.793063147741975089e-02 2.596950887615851584e-04 1.592222739475921967e-01 -1.456202000151904929e-01 3.269016064528285949e-03 2.225152404742277990e-01 -1.826774425081226783e-01 3.147529973354729060e-02 4.882524841540089415e-03 7.207074423739270874e-02 1.720226513211828012e-01 2.423889108941917545e-02 -8.838108438709599834e-01 -1.793224381699956849e-01 1.198997196733612020e-01 4.817453078715230180e-02
1.591312194957417991e-01 7.465776992390182887e-02 -5.174283325809242440e-02 -3.305084278798088582e-03 6.016304218807525667e-02 3.259720579429920407e-04 1.998575042622398046e-01 -1.827840353214872371e-01 4.103303990400495108e-03 2.793035140053894416e-01 -2.292986831522025593e-01 3.950813347084360105e-02 6.128597495409398785e-03 9.046397037608279457e-02 2.159246750925131741e-01 3.042491580549606250e-02 1.458418736936810123e-01 5.882066135692384234e-01 -8.259501116229451823e-01 -2.347551257650458412e-01
1.588893465555777929e-01 7.454429316946929729e-02 -5.166418626945089992e-02 -3.300060685975738078e-03 6.007159682650882460e-02 3.254765937572548420e-04 1.995537290362280058e-01 8.174937889305886607e-01 4.097067136290870326e-03 2.788789840964084332e-01 -2.289501585393353689e-01 3.944808272509275904e-02 6.119282278068780001e-03 9.032646884393175091e-02 2.155964784244794319e-01 3.037867117880721154e-02 1.456202000151849418e-01 -2.247453220550490183e-01 1.502706598644074076e-01 6.037727652545956530e-02
5.883978929503261984e-02 2.760518938697023930e-02 -1.913224454687020501e-02 -1.222076115443854021e-03 2.224567081753024006e-02 1.205302596570643906e-04 7.389859436184331720e-02 -6.758556968829029787e-02 1.517222974684109610e-03 1.032742661403353579e-01 2.104130832963141962e-01 8.894087894049346188e-01 -2.868628922166744921e-01 3.344963340686914893e-02 7.983953385326640617e-02 1.124980780633310848e-02 5.392596842858120992e-02 -8.322752708997863125e-02 5.564812339733855862e-02 2.235886990524763029e-02
9.337913657476910878e-02 4.380961898100872720e-02 -3.036299922091788631e-02 -1.939442915343412600e-03 3.530402739975330856e-02 1.912823229449707625e-04 1.172775602746864293e-01 -1.072587481705892798e-01 2.407842942079807709e-03 1.638969465750884646e-01 -1.345538173988375663e-01 2.318360534707555876e-02 3.596297095875163746e-03 5.308479047425476716e-02 1.267058707224072434e-01 1.785351973848995494e-02 8.558087020961363534e-02 3.451631045576478707e-01 2.673505568775212393e-01 -5.505866506230295832e-01
3.448368465371540875e-02 -5.151734577048725505e-01 4.756904043304242546e-01 -8.035579905234465636e-01 1.303731210755047776e-02 7.063804128857527104e-05 4.330905760979205515e-02 -3.960924232047512844e-02 8.891846696808250114e-04 6.052498265366523106e-02 -4.968895171160504776e-02 8.561399957736049240e-03 1.328065128081041884e-03 1.960351360881325278e-02 4.679080841861701229e-02 6.593069578535213672e-03 3.160388764502936043e-02 -4.877637790796201384e-02 3.261317489059835373e-02 1.310365363750711637e-02
2.644757778129399467e-02 1.240810686487026429e-02 -8.599648840462143992e-03 -5.493043653796465938e-04 9.999085929653631424e-03 5.417649273532910536e-05 3.321627840156359673e-02 -3.037867117880767992e-02 6.819683264560630559e-04 4.642018979464963835e-02 -3.810939661641081500e-02 6.566244111463614107e-03 1.018571713732309815e-03 1.503509431089492497e-02 3.588663907375531231e-02 -9.949433849008068043e-01 2.423889108941484558e-02 -3.740948977944124482e-02 2.501297318646970858e-02 1.004996717367236288e-02
1.737308633142149172e-01 8.150731743962084941e-02 -5.649002829700752043e-02 -3.608312353172275517e-03 6.568275723686031742e-02 3.558786718416659693e-04 -7.818063805120760712e-01 -1.995537290362105476e-01 4.479765485063270936e-03 3.049284783250701403e-01 -2.503359071028207206e-01 4.313284443852657968e-02 6.690871452859587648e-03 9.876367266002572531e-02 2.357348880598967023e-01 3.321627840156503308e-02 1.592222739475956939e-01 -2.457383057636111645e-01 1.643071233848169554e-01 6.601698982794987347e-02
1.218711813430822660e-01 5.717690498381125530e-02 -3.962742342567660697e-02 -2.531209945929921174e-03 4.607606884361623717e-02 2.496468003708669824e-04 1.530615439377751574e-01 -1.399857701453822434e-01 3.142529205172469968e-03 2.139055385421826105e-01 4.358154780475670953e-01 -1.213744776483903637e-01 7.780492519063583190e-01 6.928213692860032968e-02 1.653666409271120907e-01 2.330102442015653114e-02 1.116934910236971751e-01 -1.723839797566266152e-01 1.152604830713046813e-01 4.631053104533892906e-02
4.952503137553167928e-02 2.323509120100031647e-02 -1.610347390466343800e-02 -1.028612758232801561e-03 -9.282508443479073890e-01 -3.263323238401288906e-01 6.219992029588419791e-02 -5.688629241281723675e-02 1.277035766532457883e-03 8.692521390991540808e-02 -7.136264344272659488e-02 1.229577424173837821e-02 1.907350325158986039e-03 2.815431808684508430e-02 6.720036673252717530e-02 9.468883067947684792e-03 4.538910336660374051e-02 -7.005201649807862863e-02 4.683862893226387741e-02 1.881930147687166377e-02
7.863794622215497521e-02 3.689366370059861400e-02 -2.556977915474858629e-02 -1.633274982743244301e-03 2.973079758415029389e-02 1.610857583048677579e-04 9.876367266002653023e-02 -9.032646884393338849e-02 2.027731576197067554e-03 1.380235429830444505e-01 -1.133126332574609096e-01 1.952375206488314585e-02 3.028571777357974299e-03 -9.552953791215849089e-01 1.067035936868170609e-01 1.503509431089427618e-02 7.207074423739306956e-02 -1.112315641833409585e-01 7.437236243558689730e-02 2.988208540959986712e-02
1.623474275931324762e-01 7.616668140540416854e-02 -5.278860994373756749e-02 -3.371883482963221931e-03 6.137900008786487116e-02 3.325602935854458583e-04 2.038968330977128096e-01 -1.864782915229787064e-01 -7.491154901397168997e-01 -3.837224787717707364e-01 -2.339330489530309642e-01 4.030663409934593516e-02 6.252462849755498903e-03 9.229234167222184759e-02 2.202887382264447635e-01 3.103983512105282228e-02 1.487894902368004091e-01 -2.296366980555527848e-01 1.535411630834267460e-01 6.169133262536855705e-02
1.876976316357938657e-01 8.805994601393392351e-02 -6.103143862936118852e-02 -3.898395886444730798e-03 7.096319984532165059e-02 3.844888730773349792e-04 2.357348880598924834e-01 -2.155964784244887578e-01 4.839907865473614713e-03 3.294426338998112658e-01 -2.704611948633132146e-01 4.660042891851637337e-02 7.228771568410936529e-03 1.067035936868162560e-01 -7.453136458388207597e-01 3.588663907375170409e-02 1.720226513211826069e-01 -2.654939779502503705e-01 1.775162877331811218e-01 7.132430244141071962e-02
1.680379453358751829e-02 7.883643637697380219e-03 -5.463892889216425026e-03 -3.490072992081151267e-04 -3.149546003469654298e-01 9.452544974776933007e-01 2.110437190301213406e-02 -1.930146317796835667e-02 4.332969820878104414e-04 2.949363975672353658e-02 -2.421327487291001501e-02 4.171944131096861144e-03 6.471620931346840555e-04 9.552732491520275412e-03 2.280101847069240795e-02 3.212782730612563035e-03 1.540047821984819564e-02 -2.376858043705867840e-02 1.589230082147037940e-02 6.385370518699372104e-03
6.512633647758529765e-02 3.055457665778977053e-02 -2.117636740137169432e-02 -1.352644889606679406e-03 2.462243764279434949e-02 1.334079258310259309e-04 8.179405091847093134e-02 -7.480653152033771291e-02 1.679325761440454267e-03 1.143082714386771948e-01 -9.384320210803921702e-02 1.616917159421631806e-02 2.508201117835335940e-03 3.702345141626180169e-02 8.836973089535458958e-02 1.245175717454984586e-02 5.968751429665476727e-02 2.407305239462066981e-01 1.819772900597233511e-01 7.793099739665024783e-01
