1.725667234587777088e+01 -1.585138026702111569e+00 -6.201478737644733341e-01 -7.593086129719418542e-01 -2.316547462116623546e+00 -2.322502540722762021e-01 -1.323917878847095109e-01 -2.197752063008620915e+00 -6.373506058636929650e-01 -7.768828066195371251e-02 -6.149118974411287297e-01 -7.489864500219017840e-02 -2.576770283729530764e+00 -1.320104510858520985e+00 -8.336036516458289469e-01 -7.731656252906027316e-01 -2.083236695267773442e+00 -7.192509706937160185e-01 -2.828409007656968455e-01 -5.418290736394074103e-02
-1.585138026702111125e+00 1.071638766427992095e+01 -3.249386002748720359e-01 -3.978545897094580286e-01 -7.318423589498309623e-01 9.613614038436518738e-01 1.375057317191961337e+00 -8.122066549390725143e-01 -1.140345452299069140e-01 8.068917301525480035e-01 -3.221951081344373580e-01 1.725760534380834932e-01 -1.071864417153425952e+00 -2.361926326997088876e-01 -4.103396111749680886e-01 -6.921268545813011319e-02 -6.581349539553983385e-01 1.026200032130047735e+00 -1.392278272958959728e-01 5.627584945253673032e-01
-6.201478737644731121e-01 -3.249386002748719249e-01 1.786157485101032805e+01 -1.694876533910347205e-01 -4.916311706844454510e-01 5.355742060525155342e-03 4.672990943139330305e-02 -4.726458146330647647e-01 -1.306509655721036500e-01 2.742138600299886750e-02 -1.372564103172852490e-01 -5.531917290678294713e-03 -5.604724917443806298e-01 -2.706091865497360915e-01 -1.846747858102605055e-01 -1.548413978444564132e-01 -4.421166032883678820e-01 -8.644907611623522947e-02 -6.265997355476861375e-02 1.912476894753793386e-02
-7.593086129719418542e-01 -3.978545897094580286e-01 -1.694876533910347760e-01 1.779247943844261926e+01 -6.019528536639865424e-01 6.557566747309720966e-03 5.721606767635478014e-02 -5.787071972971514766e-01 -1.599689487763623075e-01 3.357472540430412461e-02 -1.680566505967051039e-01 -6.773275573070365076e-03 -6.862421179194148069e-01 -3.313336944126710759e-01 -2.261156756263195955e-01 -1.895876967443475558e-01 -5.413272527678683055e-01 -1.058481869494478783e-01 -7.672082679235268932e-02 2.341635341715132823e-02
-2.316547462116623546e+00 -7.318423589498309623e-01 -4.916311706844454510e-01 -6.019528536639865424e-01 1.162596093510588346e+01 8.550670893910894410e-01 1.280967844095296737e+00 -1.416695691750652131e+00 -2.942583945473947749e-01 7.516794733346668922e-01 -4.874802749409901659e-01 1.438643635883737060e-01 -1.775758359680684295e+00 -6.094790377952176152e-01 -6.354790276358267542e-01 -2.906406183165984869e-01 -1.235652904820450537e+00 7.760410498978347338e-01 -2.156174103116714202e-01 5.242512631768635467e-01
-2.322502540722762576e-01 9.613614038436519849e-01 5.355742060525131056e-03 6.557566747309748721e-03 8.550670893910892190e-01 3.878550209402361393e+00 2.503818224452496910e+00 6.069499230388036848e-01 3.865431671388884216e-01 1.469255276748522077e+00 5.310522944554224578e-03 3.676563205526648392e-01 5.044215536840062075e-01 8.006227245835806361e-01 5.301600919440597331e-02 5.886762785909209761e-01 7.689491222026376693e-01 2.437222747040888038e+00 1.798827988090334271e-02 1.024717265921329501e+00
-1.323917878847095109e-01 1.375057317191961559e+00 4.672990943139328918e-02 5.721606767635487034e-02 1.280967844095296737e+00 2.503818224452496910e+00 4.325881745245258259e+00 9.446340819463681093e-01 5.528815784155671764e-01 1.951646991111629870e+00 4.633536369524560161e-02 4.919110686541798838e-01 8.330128431223645658e-01 1.145149088934986015e+00 1.235191516581495424e-01 8.293767426951698107e-01 1.151955339537534373e+00 3.275152781048841000e+00 4.190992691530234099e-02 1.361156499094745342e+00
-2.197752063008620471e+00 -8.122066549390720702e-01 -4.726458146330648757e-01 -5.787071972971514766e-01 -1.416695691750652575e+00 6.069499230388036848e-01 9.446340819463677763e-01 1.257061753290479267e+01 -3.265711849011259105e-01 5.543168413512474801e-01 -4.686552143271670023e-01 9.624065863996322800e-02 -1.762451779773625438e+00 -6.764065026974922512e-01 -6.161903937631416639e-01 -3.461279709772554503e-01 -1.274013375226128231e+00 4.674204633601188319e-01 -2.090727957717535557e-01 3.866026871658598818e-01
-6.373506058636928540e-01 -1.140345452299069140e-01 -1.306509655721037055e-01 -1.599689487763622520e-01 -2.942583945473949969e-01 3.865431671388884216e-01 5.528815784155671764e-01 -3.265711849011257994e-01 1.095414911176985306e+01 3.244341656158975518e-01 -1.295478651805712367e-01 6.938919536563348256e-02 -4.309741007840022231e-01 -9.496808165336513563e-02 -1.649889128812038475e-01 -2.782896269416301055e-02 -2.646221998195585901e-01 4.126134135941336156e-01 -5.598057619294051490e-02 2.262733348129354338e-01
-7.768828066195390680e-02 8.068917301525481145e-01 2.742138600299891954e-02 3.357472540430422869e-02 7.516794733346670032e-01 1.469255276748522077e+00 1.951646991111629870e+00 5.543168413512474801e-01 3.244341656158975518e-01 2.145237945805015478e+00 2.718986424191720958e-02 2.886563114897043869e-01 4.888168411764208243e-01 6.719802280971901576e-01 7.248176548156629040e-02 4.866831560361535303e-01 6.759741760263994204e-01 1.921878936225828394e+00 2.459299188219528018e-02 7.987346482442069240e-01
-6.149118974411287297e-01 -3.221951081344374690e-01 -1.372564103172852767e-01 -1.680566505967051039e-01 -4.874802749409901659e-01 5.310522944554161261e-03 4.633536369524551141e-02 -4.686552143271668913e-01 -1.295478651805712644e-01 2.718986424191717141e-02 1.786390246056666342e+01 -5.485210707971077508e-03 -5.557403611980880065e-01 -2.683244035913542325e-01 -1.831155563959089017e-01 -1.535340549875575111e-01 -4.383837644528122413e-01 -8.571917711170930210e-02 -6.213092854496707340e-02 1.896329643165085149e-02
-7.489864500219012289e-02 1.725760534380834654e-01 -5.531917290678286039e-03 -6.773275573070365076e-03 1.438643635883737337e-01 3.676563205526648392e-01 4.919110686541799393e-01 9.624065863996324188e-02 6.938919536563349644e-02 2.886563114897043869e-01 -5.485210707971061896e-03 3.071642293896363451e+00 7.201401597566726986e-02 1.437215073842828539e-01 1.591092885673660176e-03 1.077720649720378121e-01 1.293750835110481223e-01 4.725564781183866359e-01 5.398562543449987464e-04 2.013204315013620294e-01
-2.576770283729530764e+00 -1.071864417153426174e+00 -5.604724917443807408e-01 -6.862421179194149179e-01 -1.775758359680683851e+00 5.044215536840059855e-01 8.330128431223650098e-01 -1.762451779773624994e+00 -4.309741007840021121e-01 4.888168411764205468e-01 -5.557403611980878955e-01 7.201401597566722823e-02 1.285472771924610846e+01 -8.926497429733842859e-01 -7.359473514174046382e-01 -4.772227230535799336e-01 -1.596913094729017324e+00 2.753463290931928986e-01 -2.497062139543820836e-01 3.409203730308170699e-01
-1.320104510858520763e+00 -2.361926326997089431e-01 -2.706091865497362026e-01 -3.313336944126710204e-01 -6.094790377952178373e-01 8.006227245835807471e-01 1.145149088934985793e+00 -6.764065026974922512e-01 -9.496808165336508012e-02 6.719802280971901576e-01 -2.683244035913542325e-01 1.437215073842828816e-01 -8.926497429733840638e-01 1.080329854270978807e+01 -3.417312325936679440e-01 -5.764039266157840874e-02 -5.480954382740687025e-01 8.546203981217193046e-01 -1.159490717869727239e-01 4.686658288631782576e-01
-8.336036516458289469e-01 -4.103396111749679775e-01 -1.846747858102605888e-01 -2.261156756263196510e-01 -6.354790276358267542e-01 5.301600919440589699e-02 1.235191516581497506e-01 -6.161903937631415529e-01 -1.649889128812039030e-01 7.248176548156627652e-02 -1.831155563959089017e-01 1.591092885673675789e-03 -7.359473514174047493e-01 -3.417312325936679440e-01 1.675474293475971521e+01 -1.923493481201859479e-01 -5.714768426261539469e-01 -5.590843032825167092e-02 -8.321548149981719544e-02 5.055167589242163390e-02
-7.731656252906027316e-01 -6.921268545813002993e-02 -1.548413978444564687e-01 -1.895876967443475558e-01 -2.906406183165986534e-01 5.886762785909209761e-01 8.293767426951698107e-01 -3.461279709772554503e-01 -2.782896269416303831e-02 4.866831560361534748e-01 -1.535340549875574834e-01 1.077720649720377843e-01 -4.772227230535799336e-01 -5.764039266157854752e-02 -1.923493481201860034e-01 1.000751188959943683e+01 -2.613687874364695740e-01 6.581513778734690012e-01 -6.526394501343020516e-02 3.394322558616142405e-01
-2.083236695267773442e+00 -6.581349539553981165e-01 -4.421166032883680486e-01 -5.413272527678684165e-01 -1.235652904820450981e+00 7.689491222026378914e-01 1.151955339537534373e+00 -1.274013375226128231e+00 -2.646221998195585345e-01 6.759741760263994204e-01 -4.383837644528122968e-01 1.293750835110482056e-01 -1.596913094729017324e+00 -5.480954382740681474e-01 -5.714768426261540579e-01 -2.613687874364696295e-01 1.188879571170789795e+01 6.978821796744644201e-01 -1.939015317603143551e-01 4.714513675418672833e-01
-7.192509706937161296e-01 1.026200032130048179e+00 -8.644907611623529886e-02 -1.058481869494477395e-01 7.760410498978345117e-01 2.437222747040888038e+00 3.275152781048841444e+00 4.674204633601194980e-01 4.126134135941337266e-01 1.921878936225828394e+00 -8.571917711170920495e-02 4.725564781183867469e-01 2.753463290931925656e-01 8.546203981217195267e-01 -5.590843032825183745e-02 6.581513778734693343e-01 6.978821796744644201e-01 7.099032178796734094e+00 -1.896967553251241792e-02 1.340395069616077572e+00
-2.828409007656968455e-01 -1.392278272958959728e-01 -6.265997355476864150e-02 -7.672082679235268932e-02 -2.156174103116714202e-01 1.798827988090337046e-02 4.190992691530229242e-02 -2.090727957717535279e-01 -5.598057619294052878e-02 2.459299188219524201e-02 -6.213092854496707340e-02 5.398562543450004811e-04 -2.497062139543820836e-01 -1.159490717869727655e-01 -8.321548149981719544e-02 -6.526394501343017740e-02 -1.939015317603142441e-01 -1.896967553251246996e-02 1.697176506880867208e+01 1.715213401044802730e-02
-5.418290736394073409e-02 5.627584945253673032e-01 1.912476894753794079e-02 2.341635341715132823e-02 5.242512631768635467e-01 1.024717265921329501e+00 1.361156499094745342e+00 3.866026871658599928e-01 2.262733348129354893e-01 7.987346482442069240e-01 1.896329643165090006e-02 2.013204315013620294e-01 3.409203730308171254e-01 4.686658288631781466e-01 5.055167589242164777e-02 3.394322558616142960e-01 4.714513675418673944e-01 1.340395069616077572e+00 1.715213401044805505e-02 1.557069420064794540e+00
