7.408830364701832032e-03
3.593282726880388522e-01
1.778119287528439618e-01
-1.074280402881765684e-01
-2.704223083116168436e-01
-3.333973664115824076e-01
-3.333973664115824631e-02
3.704415182350916016e-03
2.222649109410549523e-02
1.704030983881421324e-01
-3.333973664115824631e-02
3.408061967762842648e-01
2.333781564881076964e-01
4.815739737056190517e-02
-3.667371030527406539e-01
2.222649109410549523e-02
-7.408830364701832205e-02
-3.296929512292315345e-01
-3.222841208645296773e-01
-2.926487994057223596e-01
