-9.420000000000000000e+02
-8.700000000000000000e+02
8.550000000000000000e+02
-8.460000000000000000e+02
-8.100000000000000000e+02
-6.500000000000000000e+02
5.790000000000000000e+02
5.510000000000000000e+02
-5.500000000000000000e+02
-3.620000000000000000e+02
-3.200000000000000000e+02
-2.860000000000000000e+02
-2.420000000000000000e+02
-2.020000000000000000e+02
1.530000000000000000e+02
1.290000000000000000e+02
-8.400000000000000000e+01
-4.800000000000000000e+01
-4.400000000000000000e+01
2.700000000000000000e+01
