9.530000000000000000e+02
-9.340000000000000000e+02
-8.960000000000000000e+02
8.450000000000000000e+02
8.390000000000000000e+02
6.190000000000000000e+02
-5.800000000000000000e+02
-5.140000000000000000e+02
-4.860000000000000000e+02
4.790000000000000000e+02
4.530000000000000000e+02
-3.380000000000000000e+02
-3.260000000000000000e+02
3.170000000000000000e+02
-3.160000000000000000e+02
2.690000000000000000e+02
-2.080000000000000000e+02
7.300000000000000000e+01
-5.600000000000000000e+01
-3.000000000000000000e+01
