-9.960000000000000000e+02
9.410000000000000000e+02
8.590000000000000000e+02
-8.220000000000000000e+02
8.010000000000000000e+02
-7.640000000000000000e+02
-6.560000000000000000e+02
-6.540000000000000000e+02
-5.980000000000000000e+02
-5.040000000000000000e+02
4.770000000000000000e+02
4.530000000000000000e+02
4.510000000000000000e+02
-4.460000000000000000e+02
-2.200000000000000000e+02
-1.520000000000000000e+02
1.390000000000000000e+02
8.900000000000000000e+01
7.500000000000000000e+01
-6.000000000000000000e+00
