9.910000000000000000e+02
9.410000000000000000e+02
-8.460000000000000000e+02
-8.160000000000000000e+02
7.830000000000000000e+02
-7.420000000000000000e+02
-6.660000000000000000e+02
-6.300000000000000000e+02
4.890000000000000000e+02
4.390000000000000000e+02
-4.060000000000000000e+02
-3.680000000000000000e+02
3.650000000000000000e+02
-3.400000000000000000e+02
3.170000000000000000e+02
-2.960000000000000000e+02
2.890000000000000000e+02
2.550000000000000000e+02
-1.740000000000000000e+02
8.900000000000000000e+01
