8.130000000000000000e+02
7.470000000000000000e+02
7.070000000000000000e+02
6.950000000000000000e+02
-5.500000000000000000e+02
-5.300000000000000000e+02
-5.120000000000000000e+02
-4.460000000000000000e+02
-4.420000000000000000e+02
3.830000000000000000e+02
-3.820000000000000000e+02
-3.420000000000000000e+02
3.310000000000000000e+02
2.270000000000000000e+02
-1.560000000000000000e+02
8.100000000000000000e+01
-7.800000000000000000e+01
-5.200000000000000000e+01
-4.400000000000000000e+01
4.100000000000000000e+01
