-9.920000000000000000e+02
8.870000000000000000e+02
8.510000000000000000e+02
7.930000000000000000e+02
-7.800000000000000000e+02
-6.480000000000000000e+02
-6.160000000000000000e+02
6.010000000000000000e+02
5.350000000000000000e+02
-5.320000000000000000e+02
-4.940000000000000000e+02
-4.280000000000000000e+02
3.230000000000000000e+02
2.690000000000000000e+02
-2.560000000000000000e+02
-2.240000000000000000e+02
-1.960000000000000000e+02
-1.340000000000000000e+02
-8.400000000000000000e+01
4.100000000000000000e+01
