8.510000000000000000e+02
7.390000000000000000e+02
-7.200000000000000000e+02
-7.120000000000000000e+02
6.670000000000000000e+02
-6.220000000000000000e+02
5.650000000000000000e+02
-5.600000000000000000e+02
-5.580000000000000000e+02
4.250000000000000000e+02
-4.060000000000000000e+02
-3.760000000000000000e+02
-2.720000000000000000e+02
2.610000000000000000e+02
1.710000000000000000e+02
1.510000000000000000e+02
1.030000000000000000e+02
8.500000000000000000e+01
7.100000000000000000e+01
2.700000000000000000e+01
