-8.840000000000000000e+02
8.190000000000000000e+02
7.630000000000000000e+02
-6.400000000000000000e+02
6.190000000000000000e+02
-6.020000000000000000e+02
5.950000000000000000e+02
5.250000000000000000e+02
5.110000000000000000e+02
5.050000000000000000e+02
-4.680000000000000000e+02
3.050000000000000000e+02
2.850000000000000000e+02
1.730000000000000000e+02
-1.680000000000000000e+02
-1.020000000000000000e+02
-8.800000000000000000e+01
6.100000000000000000e+01
2.900000000000000000e+01
-4.000000000000000000e+00
