9.470000000000000000e+02
8.770000000000000000e+02
-8.480000000000000000e+02
7.990000000000000000e+02
7.670000000000000000e+02
-7.280000000000000000e+02
7.190000000000000000e+02
6.230000000000000000e+02
5.230000000000000000e+02
4.810000000000000000e+02
4.750000000000000000e+02
-4.400000000000000000e+02
-3.620000000000000000e+02
3.570000000000000000e+02
3.210000000000000000e+02
2.730000000000000000e+02
2.530000000000000000e+02
-1.780000000000000000e+02
4.300000000000000000e+01
2.700000000000000000e+01
