-9.700000000000000000e+02
9.350000000000000000e+02
8.570000000000000000e+02
7.970000000000000000e+02
-7.840000000000000000e+02
7.770000000000000000e+02
7.610000000000000000e+02
6.990000000000000000e+02
-5.760000000000000000e+02
5.190000000000000000e+02
-4.060000000000000000e+02
4.010000000000000000e+02
3.550000000000000000e+02
-3.420000000000000000e+02
-3.040000000000000000e+02
-2.780000000000000000e+02
2.650000000000000000e+02
-2.620000000000000000e+02
-6.000000000000000000e+01
-4.000000000000000000e+01
