9.270000000000000000e+02
-8.980000000000000000e+02
8.030000000000000000e+02
7.870000000000000000e+02
-7.700000000000000000e+02
7.390000000000000000e+02
7.310000000000000000e+02
-6.580000000000000000e+02
-6.360000000000000000e+02
-6.280000000000000000e+02
-5.900000000000000000e+02
-5.600000000000000000e+02
5.550000000000000000e+02
-3.420000000000000000e+02
-3.380000000000000000e+02
-2.700000000000000000e+02
2.370000000000000000e+02
-3.600000000000000000e+01
-1.000000000000000000e+01
-6.000000000000000000e+00
