9.990000000000000000e+02
-9.940000000000000000e+02
-9.480000000000000000e+02
9.350000000000000000e+02
-9.160000000000000000e+02
9.090000000000000000e+02
-8.020000000000000000e+02
7.830000000000000000e+02
-7.760000000000000000e+02
6.470000000000000000e+02
6.230000000000000000e+02
6.190000000000000000e+02
5.630000000000000000e+02
5.290000000000000000e+02
3.870000000000000000e+02
3.330000000000000000e+02
3.170000000000000000e+02
-2.280000000000000000e+02
-7.400000000000000000e+01
6.300000000000000000e+01
