-9.880000000000000000e+02
8.810000000000000000e+02
8.430000000000000000e+02
8.290000000000000000e+02
-8.080000000000000000e+02
7.630000000000000000e+02
7.550000000000000000e+02
-7.260000000000000000e+02
7.110000000000000000e+02
6.410000000000000000e+02
-5.860000000000000000e+02
5.770000000000000000e+02
-4.040000000000000000e+02
3.670000000000000000e+02
2.570000000000000000e+02
-8.800000000000000000e+01
-8.400000000000000000e+01
-4.600000000000000000e+01
4.300000000000000000e+01
1.900000000000000000e+01
