9.830000000000000000e+02
9.750000000000000000e+02
9.510000000000000000e+02
-8.580000000000000000e+02
8.330000000000000000e+02
-7.880000000000000000e+02
7.630000000000000000e+02
6.450000000000000000e+02
-5.960000000000000000e+02
5.810000000000000000e+02
-5.560000000000000000e+02
4.570000000000000000e+02
-3.260000000000000000e+02
-2.820000000000000000e+02
2.690000000000000000e+02
1.990000000000000000e+02
-1.200000000000000000e+02
-1.000000000000000000e+02
-7.000000000000000000e+01
-1.000000000000000000e+01
