-9.700000000000000000e+02
9.350000000000000000e+02
-9.260000000000000000e+02
-9.240000000000000000e+02
8.990000000000000000e+02
-8.640000000000000000e+02
-8.000000000000000000e+02
7.370000000000000000e+02
7.090000000000000000e+02
-6.340000000000000000e+02
6.250000000000000000e+02
-6.240000000000000000e+02
-6.080000000000000000e+02
-5.820000000000000000e+02
-5.320000000000000000e+02
-3.960000000000000000e+02
-3.700000000000000000e+02
1.250000000000000000e+02
-8.000000000000000000e+01
-6.800000000000000000e+01
