-9.920000000000000000e+02
-9.320000000000000000e+02
-8.900000000000000000e+02
-8.640000000000000000e+02
-7.760000000000000000e+02
-7.440000000000000000e+02
-6.720000000000000000e+02
-5.580000000000000000e+02
-5.020000000000000000e+02
-4.640000000000000000e+02
4.490000000000000000e+02
-3.760000000000000000e+02
3.270000000000000000e+02
-2.960000000000000000e+02
2.190000000000000000e+02
-1.940000000000000000e+02
1.770000000000000000e+02
-1.540000000000000000e+02
1.390000000000000000e+02
-4.400000000000000000e+01
