9.950000000000000000e+02
9.910000000000000000e+02
9.790000000000000000e+02
-9.780000000000000000e+02
-8.700000000000000000e+02
8.410000000000000000e+02
-8.300000000000000000e+02
7.110000000000000000e+02
-6.820000000000000000e+02
-5.100000000000000000e+02
-4.740000000000000000e+02
3.090000000000000000e+02
-2.600000000000000000e+02
2.450000000000000000e+02
2.270000000000000000e+02
-2.220000000000000000e+02
2.050000000000000000e+02
1.510000000000000000e+02
-1.340000000000000000e+02
-7.000000000000000000e+01
