9.810000000000000000e+02
9.570000000000000000e+02
-9.560000000000000000e+02
-9.140000000000000000e+02
-8.900000000000000000e+02
8.190000000000000000e+02
7.990000000000000000e+02
6.330000000000000000e+02
-5.940000000000000000e+02
-5.860000000000000000e+02
-4.860000000000000000e+02
-4.800000000000000000e+02
-4.740000000000000000e+02
4.730000000000000000e+02
-4.160000000000000000e+02
3.830000000000000000e+02
-2.680000000000000000e+02
-2.020000000000000000e+02
-1.240000000000000000e+02
7.900000000000000000e+01
