-9.420000000000000000e+02
-9.260000000000000000e+02
-9.000000000000000000e+02
8.610000000000000000e+02
8.570000000000000000e+02
-8.520000000000000000e+02
7.570000000000000000e+02
7.350000000000000000e+02
-6.840000000000000000e+02
6.490000000000000000e+02
6.070000000000000000e+02
5.750000000000000000e+02
-5.140000000000000000e+02
-4.860000000000000000e+02
4.770000000000000000e+02
-3.440000000000000000e+02
3.250000000000000000e+02
2.230000000000000000e+02
-1.180000000000000000e+02
3.100000000000000000e+01
