-9.480000000000000000e+02
9.290000000000000000e+02
-9.180000000000000000e+02
-8.900000000000000000e+02
-8.860000000000000000e+02
-8.500000000000000000e+02
-8.180000000000000000e+02
7.450000000000000000e+02
6.550000000000000000e+02
6.530000000000000000e+02
5.650000000000000000e+02
-5.380000000000000000e+02
4.950000000000000000e+02
3.450000000000000000e+02
3.250000000000000000e+02
2.190000000000000000e+02
-1.960000000000000000e+02
8.100000000000000000e+01
4.900000000000000000e+01
-2.400000000000000000e+01
