9.870000000000000000e+02
-9.440000000000000000e+02
-9.100000000000000000e+02
9.030000000000000000e+02
-8.580000000000000000e+02
-7.880000000000000000e+02
-7.860000000000000000e+02
-6.800000000000000000e+02
-4.740000000000000000e+02
3.510000000000000000e+02
3.450000000000000000e+02
3.430000000000000000e+02
-3.140000000000000000e+02
-3.020000000000000000e+02
-2.980000000000000000e+02
2.050000000000000000e+02
-1.400000000000000000e+02
1.390000000000000000e+02
1.370000000000000000e+02
-2.400000000000000000e+01
