9.990000000000000000e+02
-8.940000000000000000e+02
8.590000000000000000e+02
-7.880000000000000000e+02
-7.740000000000000000e+02
-6.220000000000000000e+02
-5.300000000000000000e+02
4.910000000000000000e+02
-4.900000000000000000e+02
4.210000000000000000e+02
3.750000000000000000e+02
-3.340000000000000000e+02
2.950000000000000000e+02
-2.460000000000000000e+02
-2.380000000000000000e+02
2.150000000000000000e+02
-1.920000000000000000e+02
-6.600000000000000000e+01
-5.200000000000000000e+01
-1.600000000000000000e+01
