9.670000000000000000e+02
-9.560000000000000000e+02
-9.080000000000000000e+02
-7.860000000000000000e+02
7.810000000000000000e+02
-7.740000000000000000e+02
-7.280000000000000000e+02
6.270000000000000000e+02
-5.720000000000000000e+02
-5.100000000000000000e+02
4.930000000000000000e+02
-4.580000000000000000e+02
-4.120000000000000000e+02
3.490000000000000000e+02
-3.000000000000000000e+02
2.610000000000000000e+02
2.190000000000000000e+02
-1.280000000000000000e+02
1.270000000000000000e+02
-1.260000000000000000e+02
