8.630000000000000000e+02
-8.500000000000000000e+02
-8.000000000000000000e+02
-7.720000000000000000e+02
-7.140000000000000000e+02
-7.080000000000000000e+02
6.290000000000000000e+02
6.070000000000000000e+02
-5.380000000000000000e+02
-5.220000000000000000e+02
5.170000000000000000e+02
-4.460000000000000000e+02
-4.420000000000000000e+02
3.370000000000000000e+02
2.710000000000000000e+02
-1.880000000000000000e+02
8.900000000000000000e+01
-8.000000000000000000e+01
3.900000000000000000e+01
1.000000000000000000e+00
