-9.960000000000000000e+02
-9.800000000000000000e+02
-9.100000000000000000e+02
-8.860000000000000000e+02
-8.700000000000000000e+02
8.330000000000000000e+02
-8.040000000000000000e+02
7.590000000000000000e+02
-7.440000000000000000e+02
7.130000000000000000e+02
-7.040000000000000000e+02
-6.000000000000000000e+02
-5.740000000000000000e+02
-4.020000000000000000e+02
3.950000000000000000e+02
3.310000000000000000e+02
2.230000000000000000e+02
2.070000000000000000e+02
-1.000000000000000000e+02
-8.000000000000000000e+00
