9.650000000000000000e+02
9.230000000000000000e+02
-9.160000000000000000e+02
-8.340000000000000000e+02
-7.620000000000000000e+02
6.570000000000000000e+02
6.510000000000000000e+02
-5.980000000000000000e+02
-5.580000000000000000e+02
-5.000000000000000000e+02
-4.560000000000000000e+02
-3.320000000000000000e+02
3.170000000000000000e+02
-2.760000000000000000e+02
-2.340000000000000000e+02
2.170000000000000000e+02
2.090000000000000000e+02
1.770000000000000000e+02
4.700000000000000000e+01
4.100000000000000000e+01
