9.610000000000000000e+02
-9.120000000000000000e+02
8.810000000000000000e+02
-8.120000000000000000e+02
7.570000000000000000e+02
-6.160000000000000000e+02
5.930000000000000000e+02
5.650000000000000000e+02
4.110000000000000000e+02
3.210000000000000000e+02
-3.080000000000000000e+02
-2.940000000000000000e+02
2.610000000000000000e+02
-1.680000000000000000e+02
-1.560000000000000000e+02
1.170000000000000000e+02
-9.600000000000000000e+01
8.100000000000000000e+01
7.700000000000000000e+01
1.900000000000000000e+01
