-9.760000000000000000e+02
-8.880000000000000000e+02
-8.820000000000000000e+02
8.490000000000000000e+02
8.350000000000000000e+02
8.290000000000000000e+02
-8.260000000000000000e+02
-7.920000000000000000e+02
6.950000000000000000e+02
6.510000000000000000e+02
-6.500000000000000000e+02
-6.200000000000000000e+02
-6.120000000000000000e+02
5.030000000000000000e+02
4.110000000000000000e+02
-4.100000000000000000e+02
-3.640000000000000000e+02
-3.160000000000000000e+02
2.070000000000000000e+02
4.700000000000000000e+01
