9.970000000000000000e+02
9.950000000000000000e+02
-9.420000000000000000e+02
8.990000000000000000e+02
-8.820000000000000000e+02
-7.700000000000000000e+02
-7.360000000000000000e+02
-7.160000000000000000e+02
-7.120000000000000000e+02
-6.680000000000000000e+02
6.350000000000000000e+02
-6.240000000000000000e+02
5.710000000000000000e+02
4.910000000000000000e+02
-2.620000000000000000e+02
2.230000000000000000e+02
-2.220000000000000000e+02
1.090000000000000000e+02
2.100000000000000000e+01
7.000000000000000000e+00
