-9.940000000000000000e+02
8.770000000000000000e+02
8.630000000000000000e+02
7.430000000000000000e+02
-7.280000000000000000e+02
7.090000000000000000e+02
6.850000000000000000e+02
6.650000000000000000e+02
6.550000000000000000e+02
-6.200000000000000000e+02
5.950000000000000000e+02
5.330000000000000000e+02
-4.520000000000000000e+02
-3.500000000000000000e+02
-2.640000000000000000e+02
-2.380000000000000000e+02
1.250000000000000000e+02
3.700000000000000000e+01
1.500000000000000000e+01
1.300000000000000000e+01
