-9.060000000000000000e+02
9.030000000000000000e+02
-8.900000000000000000e+02
8.250000000000000000e+02
-7.720000000000000000e+02
7.470000000000000000e+02
6.870000000000000000e+02
-6.460000000000000000e+02
5.690000000000000000e+02
-5.340000000000000000e+02
5.230000000000000000e+02
-2.880000000000000000e+02
-2.380000000000000000e+02
-2.260000000000000000e+02
-1.500000000000000000e+02
-1.080000000000000000e+02
-5.600000000000000000e+01
5.300000000000000000e+01
-1.200000000000000000e+01
-6.000000000000000000e+00
