8.930000000000000000e+02
-8.820000000000000000e+02
-7.720000000000000000e+02
-6.740000000000000000e+02
6.650000000000000000e+02
6.470000000000000000e+02
-6.440000000000000000e+02
-6.420000000000000000e+02
-5.280000000000000000e+02
4.830000000000000000e+02
4.810000000000000000e+02
-4.540000000000000000e+02
-3.480000000000000000e+02
3.270000000000000000e+02
-3.100000000000000000e+02
-3.040000000000000000e+02
2.290000000000000000e+02
-1.760000000000000000e+02
-1.500000000000000000e+02
1.070000000000000000e+02
