-9.000000000000000000e+02
8.490000000000000000e+02
-7.380000000000000000e+02
-7.240000000000000000e+02
-6.880000000000000000e+02
-6.100000000000000000e+02
-5.940000000000000000e+02
-5.820000000000000000e+02
-5.580000000000000000e+02
5.230000000000000000e+02
-4.520000000000000000e+02
-3.600000000000000000e+02
-3.460000000000000000e+02
-3.440000000000000000e+02
2.650000000000000000e+02
-2.440000000000000000e+02
1.710000000000000000e+02
-1.660000000000000000e+02
-7.800000000000000000e+01
-4.200000000000000000e+01
