-9.500000000000000000e+02
8.790000000000000000e+02
8.550000000000000000e+02
-8.320000000000000000e+02
8.270000000000000000e+02
-7.920000000000000000e+02
-7.580000000000000000e+02
7.510000000000000000e+02
5.870000000000000000e+02
-5.400000000000000000e+02
-5.200000000000000000e+02
4.730000000000000000e+02
4.350000000000000000e+02
4.090000000000000000e+02
-4.080000000000000000e+02
-4.020000000000000000e+02
2.450000000000000000e+02
-5.000000000000000000e+01
-1.400000000000000000e+01
-6.000000000000000000e+00
