9.810000000000000000e+02
9.530000000000000000e+02
9.410000000000000000e+02
-9.200000000000000000e+02
-8.900000000000000000e+02
-7.500000000000000000e+02
-7.460000000000000000e+02
-7.280000000000000000e+02
-6.880000000000000000e+02
-6.240000000000000000e+02
6.030000000000000000e+02
-4.560000000000000000e+02
4.110000000000000000e+02
3.330000000000000000e+02
1.770000000000000000e+02
1.710000000000000000e+02
1.130000000000000000e+02
-1.020000000000000000e+02
-7.200000000000000000e+01
3.700000000000000000e+01
