9.810000000000000000e+02
8.550000000000000000e+02
8.450000000000000000e+02
8.010000000000000000e+02
7.530000000000000000e+02
7.410000000000000000e+02
-6.400000000000000000e+02
-5.560000000000000000e+02
-5.260000000000000000e+02
-4.980000000000000000e+02
4.410000000000000000e+02
-4.340000000000000000e+02
4.010000000000000000e+02
-3.420000000000000000e+02
-3.160000000000000000e+02
2.530000000000000000e+02
2.150000000000000000e+02
-1.700000000000000000e+02
-2.800000000000000000e+01
3.000000000000000000e+00
