-9.980000000000000000e+02
-9.540000000000000000e+02
-9.440000000000000000e+02
-8.580000000000000000e+02
-8.560000000000000000e+02
-8.480000000000000000e+02
-7.560000000000000000e+02
7.010000000000000000e+02
6.770000000000000000e+02
-5.880000000000000000e+02
-5.060000000000000000e+02
4.890000000000000000e+02
-4.880000000000000000e+02
4.450000000000000000e+02
3.950000000000000000e+02
3.390000000000000000e+02
3.110000000000000000e+02
-2.580000000000000000e+02
8.300000000000000000e+01
-5.000000000000000000e+01
