-9.340000000000000000e+02
-8.480000000000000000e+02
-7.820000000000000000e+02
7.650000000000000000e+02
-7.640000000000000000e+02
7.310000000000000000e+02
-7.000000000000000000e+02
6.890000000000000000e+02
5.790000000000000000e+02
-5.400000000000000000e+02
-5.160000000000000000e+02
-4.800000000000000000e+02
4.670000000000000000e+02
2.990000000000000000e+02
-2.060000000000000000e+02
1.790000000000000000e+02
-1.640000000000000000e+02
1.630000000000000000e+02
1.530000000000000000e+02
-1.420000000000000000e+02
