9.470000000000000000e+02
-8.960000000000000000e+02
-8.880000000000000000e+02
-7.660000000000000000e+02
7.430000000000000000e+02
-7.040000000000000000e+02
6.470000000000000000e+02
6.290000000000000000e+02
-5.000000000000000000e+02
-4.880000000000000000e+02
-4.300000000000000000e+02
-3.660000000000000000e+02
3.510000000000000000e+02
-2.960000000000000000e+02
-2.760000000000000000e+02
2.410000000000000000e+02
2.290000000000000000e+02
2.110000000000000000e+02
-1.080000000000000000e+02
4.900000000000000000e+01
