-9.160000000000000000e+02
-9.120000000000000000e+02
-8.920000000000000000e+02
8.430000000000000000e+02
-8.180000000000000000e+02
-7.080000000000000000e+02
-6.800000000000000000e+02
6.710000000000000000e+02
6.690000000000000000e+02
6.350000000000000000e+02
-5.520000000000000000e+02
-5.300000000000000000e+02
-5.000000000000000000e+02
4.550000000000000000e+02
-4.040000000000000000e+02
-3.740000000000000000e+02
2.430000000000000000e+02
2.330000000000000000e+02
9.500000000000000000e+01
-6.000000000000000000e+01
