9.750000000000000000e+02
8.810000000000000000e+02
7.750000000000000000e+02
-7.400000000000000000e+02
6.630000000000000000e+02
6.250000000000000000e+02
6.150000000000000000e+02
-5.880000000000000000e+02
-4.160000000000000000e+02
-3.520000000000000000e+02
3.450000000000000000e+02
-3.440000000000000000e+02
3.410000000000000000e+02
2.950000000000000000e+02
2.630000000000000000e+02
-2.200000000000000000e+02
-1.760000000000000000e+02
1.170000000000000000e+02
-1.060000000000000000e+02
-5.400000000000000000e+01
