-8.100000000000000000e+02
7.510000000000000000e+02
7.250000000000000000e+02
7.150000000000000000e+02
-6.460000000000000000e+02
6.030000000000000000e+02
5.810000000000000000e+02
-4.980000000000000000e+02
-2.900000000000000000e+02
2.710000000000000000e+02
-2.660000000000000000e+02
-2.380000000000000000e+02
2.310000000000000000e+02
-2.200000000000000000e+02
1.070000000000000000e+02
5.500000000000000000e+01
-4.400000000000000000e+01
3.700000000000000000e+01
-1.200000000000000000e+01
-1.000000000000000000e+01
