9.850000000000000000e+02
-9.380000000000000000e+02
9.190000000000000000e+02
9.070000000000000000e+02
-7.620000000000000000e+02
-7.600000000000000000e+02
-7.220000000000000000e+02
7.190000000000000000e+02
-6.040000000000000000e+02
-5.740000000000000000e+02
-5.260000000000000000e+02
5.230000000000000000e+02
4.430000000000000000e+02
4.250000000000000000e+02
-4.180000000000000000e+02
4.130000000000000000e+02
3.410000000000000000e+02
2.590000000000000000e+02
-7.800000000000000000e+01
-3.800000000000000000e+01
