9.170000000000000000e+02
8.810000000000000000e+02
8.770000000000000000e+02
-8.620000000000000000e+02
8.550000000000000000e+02
7.470000000000000000e+02
6.330000000000000000e+02
-6.300000000000000000e+02
6.190000000000000000e+02
5.390000000000000000e+02
5.070000000000000000e+02
3.930000000000000000e+02
-3.240000000000000000e+02
-2.220000000000000000e+02
-1.660000000000000000e+02
-1.620000000000000000e+02
1.410000000000000000e+02
-1.340000000000000000e+02
-1.140000000000000000e+02
-5.600000000000000000e+01
