-9.360000000000000000e+02
-7.920000000000000000e+02
-7.860000000000000000e+02
7.670000000000000000e+02
-6.900000000000000000e+02
-6.400000000000000000e+02
6.230000000000000000e+02
-6.040000000000000000e+02
5.950000000000000000e+02
-5.760000000000000000e+02
-4.720000000000000000e+02
3.970000000000000000e+02
3.730000000000000000e+02
-3.720000000000000000e+02
2.670000000000000000e+02
2.430000000000000000e+02
1.890000000000000000e+02
-1.500000000000000000e+02
9.700000000000000000e+01
7.100000000000000000e+01
