9.670000000000000000e+02
9.330000000000000000e+02
9.210000000000000000e+02
-8.500000000000000000e+02
8.310000000000000000e+02
-7.440000000000000000e+02
6.470000000000000000e+02
6.430000000000000000e+02
6.170000000000000000e+02
5.710000000000000000e+02
-5.080000000000000000e+02
5.030000000000000000e+02
4.990000000000000000e+02
4.970000000000000000e+02
4.930000000000000000e+02
-4.560000000000000000e+02
4.330000000000000000e+02
3.370000000000000000e+02
2.470000000000000000e+02
-2.100000000000000000e+02
