-8.000000000000000000e+02
7.810000000000000000e+02
-7.640000000000000000e+02
7.430000000000000000e+02
-7.160000000000000000e+02
-6.880000000000000000e+02
6.730000000000000000e+02
-6.120000000000000000e+02
-5.460000000000000000e+02
-5.320000000000000000e+02
4.370000000000000000e+02
-4.360000000000000000e+02
-4.160000000000000000e+02
4.090000000000000000e+02
3.990000000000000000e+02
-3.860000000000000000e+02
-3.740000000000000000e+02
2.770000000000000000e+02
-1.960000000000000000e+02
1.390000000000000000e+02
