8.670000000000000000e+02
8.270000000000000000e+02
-7.680000000000000000e+02
6.930000000000000000e+02
-5.480000000000000000e+02
-5.460000000000000000e+02
-4.720000000000000000e+02
-3.660000000000000000e+02
-3.640000000000000000e+02
3.030000000000000000e+02
2.650000000000000000e+02
-2.520000000000000000e+02
2.450000000000000000e+02
-2.120000000000000000e+02
1.970000000000000000e+02
-1.740000000000000000e+02
1.450000000000000000e+02
-7.400000000000000000e+01
-6.400000000000000000e+01
-1.200000000000000000e+01
