9.710000000000000000e+02
-9.080000000000000000e+02
-8.640000000000000000e+02
-7.600000000000000000e+02
7.070000000000000000e+02
6.250000000000000000e+02
-5.760000000000000000e+02
-4.580000000000000000e+02
4.290000000000000000e+02
3.990000000000000000e+02
2.850000000000000000e+02
-2.840000000000000000e+02
2.490000000000000000e+02
-1.720000000000000000e+02
1.490000000000000000e+02
1.070000000000000000e+02
-1.020000000000000000e+02
-9.000000000000000000e+01
-6.400000000000000000e+01
7.000000000000000000e+00
