9.730000000000000000e+02
-9.620000000000000000e+02
9.470000000000000000e+02
-9.440000000000000000e+02
8.550000000000000000e+02
8.130000000000000000e+02
7.650000000000000000e+02
-7.360000000000000000e+02
-6.060000000000000000e+02
5.890000000000000000e+02
5.010000000000000000e+02
4.630000000000000000e+02
-4.480000000000000000e+02
-4.340000000000000000e+02
-3.660000000000000000e+02
3.610000000000000000e+02
-1.860000000000000000e+02
1.030000000000000000e+02
-3.000000000000000000e+01
-4.000000000000000000e+00
