9.450000000000000000e+02
-7.640000000000000000e+02
6.990000000000000000e+02
-6.080000000000000000e+02
-5.920000000000000000e+02
-5.700000000000000000e+02
-4.900000000000000000e+02
-4.740000000000000000e+02
-4.720000000000000000e+02
-4.680000000000000000e+02
4.530000000000000000e+02
4.490000000000000000e+02
-4.460000000000000000e+02
1.670000000000000000e+02
-8.000000000000000000e+01
7.100000000000000000e+01
-5.800000000000000000e+01
4.700000000000000000e+01
-2.400000000000000000e+01
-6.000000000000000000e+00
