9.570000000000000000e+02
-9.220000000000000000e+02
8.170000000000000000e+02
-7.820000000000000000e+02
-7.420000000000000000e+02
-7.140000000000000000e+02
-6.700000000000000000e+02
-5.980000000000000000e+02
-5.040000000000000000e+02
-4.600000000000000000e+02
4.450000000000000000e+02
-4.040000000000000000e+02
-3.580000000000000000e+02
-3.380000000000000000e+02
-3.340000000000000000e+02
-2.960000000000000000e+02
2.690000000000000000e+02
-1.480000000000000000e+02
-1.160000000000000000e+02
-6.200000000000000000e+01
