-9.820000000000000000e+02
9.710000000000000000e+02
-9.320000000000000000e+02
-9.220000000000000000e+02
7.630000000000000000e+02
7.430000000000000000e+02
-7.040000000000000000e+02
5.910000000000000000e+02
5.490000000000000000e+02
4.110000000000000000e+02
4.030000000000000000e+02
-3.160000000000000000e+02
2.890000000000000000e+02
2.270000000000000000e+02
-1.780000000000000000e+02
1.750000000000000000e+02
-1.440000000000000000e+02
1.350000000000000000e+02
6.500000000000000000e+01
4.300000000000000000e+01
