7.830000000000000000e+02
7.810000000000000000e+02
7.730000000000000000e+02
-7.040000000000000000e+02
-6.460000000000000000e+02
6.190000000000000000e+02
-5.600000000000000000e+02
5.270000000000000000e+02
5.250000000000000000e+02
4.630000000000000000e+02
-4.060000000000000000e+02
-3.620000000000000000e+02
-3.560000000000000000e+02
3.530000000000000000e+02
-3.440000000000000000e+02
-2.740000000000000000e+02
2.410000000000000000e+02
1.630000000000000000e+02
1.290000000000000000e+02
-4.400000000000000000e+01
