-9.320000000000000000e+02
7.310000000000000000e+02
-7.200000000000000000e+02
-7.040000000000000000e+02
-6.640000000000000000e+02
5.550000000000000000e+02
-5.320000000000000000e+02
-4.660000000000000000e+02
4.010000000000000000e+02
3.790000000000000000e+02
3.450000000000000000e+02
-3.240000000000000000e+02
-3.080000000000000000e+02
-2.960000000000000000e+02
2.730000000000000000e+02
2.630000000000000000e+02
2.350000000000000000e+02
1.350000000000000000e+02
2.900000000000000000e+01
1.700000000000000000e+01
