-9.940000000000000000e+02
9.610000000000000000e+02
9.510000000000000000e+02
9.470000000000000000e+02
9.370000000000000000e+02
8.650000000000000000e+02
7.790000000000000000e+02
7.410000000000000000e+02
6.370000000000000000e+02
6.230000000000000000e+02
-6.220000000000000000e+02
4.970000000000000000e+02
-4.960000000000000000e+02
-4.940000000000000000e+02
2.610000000000000000e+02
2.450000000000000000e+02
-2.440000000000000000e+02
-2.220000000000000000e+02
-1.980000000000000000e+02
1.810000000000000000e+02
