-9.940000000000000000e+02
9.710000000000000000e+02
8.430000000000000000e+02
7.990000000000000000e+02
-7.160000000000000000e+02
-6.700000000000000000e+02
6.650000000000000000e+02
6.570000000000000000e+02
6.250000000000000000e+02
-6.020000000000000000e+02
-5.400000000000000000e+02
4.750000000000000000e+02
-3.600000000000000000e+02
-3.500000000000000000e+02
-3.120000000000000000e+02
-2.460000000000000000e+02
-2.020000000000000000e+02
1.650000000000000000e+02
1.030000000000000000e+02
2.900000000000000000e+01
