9.690000000000000000e+02
9.670000000000000000e+02
8.750000000000000000e+02
-8.260000000000000000e+02
7.990000000000000000e+02
-7.800000000000000000e+02
-7.140000000000000000e+02
6.990000000000000000e+02
5.130000000000000000e+02
4.630000000000000000e+02
4.070000000000000000e+02
-3.740000000000000000e+02
3.450000000000000000e+02
3.270000000000000000e+02
2.750000000000000000e+02
-2.240000000000000000e+02
-1.660000000000000000e+02
-1.440000000000000000e+02
1.310000000000000000e+02
7.500000000000000000e+01
