9.610000000000000000e+02
9.510000000000000000e+02
9.230000000000000000e+02
-8.780000000000000000e+02
-7.860000000000000000e+02
-6.960000000000000000e+02
6.950000000000000000e+02
6.170000000000000000e+02
-5.320000000000000000e+02
-4.360000000000000000e+02
4.210000000000000000e+02
-3.940000000000000000e+02
3.090000000000000000e+02
2.650000000000000000e+02
2.490000000000000000e+02
2.410000000000000000e+02
-2.220000000000000000e+02
2.110000000000000000e+02
-2.100000000000000000e+02
1.210000000000000000e+02
