-9.800000000000000000e+02
9.630000000000000000e+02
-9.420000000000000000e+02
8.950000000000000000e+02
8.850000000000000000e+02
-7.640000000000000000e+02
7.370000000000000000e+02
-7.240000000000000000e+02
-6.680000000000000000e+02
6.370000000000000000e+02
-6.240000000000000000e+02
-4.420000000000000000e+02
-3.600000000000000000e+02
-3.480000000000000000e+02
-2.000000000000000000e+02
-1.960000000000000000e+02
1.750000000000000000e+02
-1.700000000000000000e+02
1.690000000000000000e+02
1.470000000000000000e+02
