-9.900000000000000000e+02
-9.780000000000000000e+02
-8.200000000000000000e+02
7.990000000000000000e+02
7.310000000000000000e+02
-7.040000000000000000e+02
6.850000000000000000e+02
6.730000000000000000e+02
6.330000000000000000e+02
-5.380000000000000000e+02
3.510000000000000000e+02
2.310000000000000000e+02
-2.140000000000000000e+02
2.010000000000000000e+02
-1.960000000000000000e+02
-1.640000000000000000e+02
-1.200000000000000000e+02
-9.800000000000000000e+01
8.300000000000000000e+01
-8.000000000000000000e+00
