-9.760000000000000000e+02
-8.620000000000000000e+02
8.610000000000000000e+02
8.530000000000000000e+02
-7.800000000000000000e+02
7.450000000000000000e+02
-7.280000000000000000e+02
-7.020000000000000000e+02
-6.780000000000000000e+02
4.890000000000000000e+02
4.350000000000000000e+02
4.190000000000000000e+02
-3.300000000000000000e+02
2.230000000000000000e+02
2.210000000000000000e+02
2.050000000000000000e+02
1.990000000000000000e+02
1.410000000000000000e+02
-1.080000000000000000e+02
-3.600000000000000000e+01
