9.770000000000000000e+02
9.210000000000000000e+02
-9.080000000000000000e+02
8.990000000000000000e+02
8.570000000000000000e+02
-7.440000000000000000e+02
7.070000000000000000e+02
-5.480000000000000000e+02
-5.220000000000000000e+02
5.110000000000000000e+02
-5.060000000000000000e+02
4.970000000000000000e+02
-4.880000000000000000e+02
3.870000000000000000e+02
3.170000000000000000e+02
-3.160000000000000000e+02
-2.280000000000000000e+02
-1.160000000000000000e+02
-9.200000000000000000e+01
-2.600000000000000000e+01
