9.890000000000000000e+02
-9.620000000000000000e+02
-9.380000000000000000e+02
9.350000000000000000e+02
8.830000000000000000e+02
7.770000000000000000e+02
7.090000000000000000e+02
7.050000000000000000e+02
6.470000000000000000e+02
-5.980000000000000000e+02
5.710000000000000000e+02
4.690000000000000000e+02
-4.400000000000000000e+02
4.150000000000000000e+02
-4.120000000000000000e+02
-3.680000000000000000e+02
2.130000000000000000e+02
-1.460000000000000000e+02
-1.240000000000000000e+02
9.900000000000000000e+01
