9.870000000000000000e+02
-9.440000000000000000e+02
8.830000000000000000e+02
-8.760000000000000000e+02
-6.600000000000000000e+02
6.530000000000000000e+02
6.010000000000000000e+02
5.890000000000000000e+02
4.790000000000000000e+02
4.310000000000000000e+02
-4.220000000000000000e+02
4.190000000000000000e+02
3.850000000000000000e+02
-3.820000000000000000e+02
-3.800000000000000000e+02
3.650000000000000000e+02
2.670000000000000000e+02
1.930000000000000000e+02
-1.720000000000000000e+02
5.300000000000000000e+01
