8.930000000000000000e+02
8.890000000000000000e+02
7.850000000000000000e+02
-7.180000000000000000e+02
7.170000000000000000e+02
-7.060000000000000000e+02
6.430000000000000000e+02
6.370000000000000000e+02
-5.880000000000000000e+02
5.510000000000000000e+02
-4.860000000000000000e+02
-4.700000000000000000e+02
-4.400000000000000000e+02
-4.320000000000000000e+02
-3.920000000000000000e+02
-3.760000000000000000e+02
-2.760000000000000000e+02
1.170000000000000000e+02
-1.020000000000000000e+02
-2.000000000000000000e+01
