-8.800000000000000000e+02
8.790000000000000000e+02
-7.240000000000000000e+02
-7.180000000000000000e+02
-7.120000000000000000e+02
7.090000000000000000e+02
6.910000000000000000e+02
4.930000000000000000e+02
-4.920000000000000000e+02
-4.880000000000000000e+02
-4.460000000000000000e+02
-3.240000000000000000e+02
3.230000000000000000e+02
2.790000000000000000e+02
2.630000000000000000e+02
-2.380000000000000000e+02
-8.600000000000000000e+01
8.300000000000000000e+01
-4.200000000000000000e+01
1.100000000000000000e+01
