9.950000000000000000e+02
9.670000000000000000e+02
8.510000000000000000e+02
8.430000000000000000e+02
7.850000000000000000e+02
-7.580000000000000000e+02
-7.560000000000000000e+02
7.510000000000000000e+02
-7.060000000000000000e+02
-6.140000000000000000e+02
5.610000000000000000e+02
-4.180000000000000000e+02
-3.540000000000000000e+02
-2.200000000000000000e+02
1.450000000000000000e+02
-9.600000000000000000e+01
7.900000000000000000e+01
6.500000000000000000e+01
-6.000000000000000000e+01
-3.600000000000000000e+01
