9.430000000000000000e+02
9.090000000000000000e+02
-7.400000000000000000e+02
7.390000000000000000e+02
-7.340000000000000000e+02
6.090000000000000000e+02
5.930000000000000000e+02
5.710000000000000000e+02
5.570000000000000000e+02
-4.900000000000000000e+02
-4.880000000000000000e+02
4.670000000000000000e+02
3.910000000000000000e+02
2.930000000000000000e+02
2.110000000000000000e+02
1.310000000000000000e+02
1.070000000000000000e+02
-9.400000000000000000e+01
8.300000000000000000e+01
-4.000000000000000000e+01
