-1.000000000000000000e+03
9.690000000000000000e+02
-9.440000000000000000e+02
9.190000000000000000e+02
8.970000000000000000e+02
-8.920000000000000000e+02
-7.920000000000000000e+02
-7.780000000000000000e+02
7.330000000000000000e+02
7.210000000000000000e+02
-7.200000000000000000e+02
-7.140000000000000000e+02
4.490000000000000000e+02
-3.920000000000000000e+02
3.710000000000000000e+02
3.510000000000000000e+02
3.350000000000000000e+02
3.150000000000000000e+02
2.590000000000000000e+02
1.690000000000000000e+02
