-9.860000000000000000e+02
-9.280000000000000000e+02
-9.000000000000000000e+02
-8.800000000000000000e+02
-8.520000000000000000e+02
-7.980000000000000000e+02
6.430000000000000000e+02
6.110000000000000000e+02
4.990000000000000000e+02
4.330000000000000000e+02
-3.940000000000000000e+02
-3.420000000000000000e+02
2.910000000000000000e+02
2.750000000000000000e+02
-2.600000000000000000e+02
-2.180000000000000000e+02
1.610000000000000000e+02
7.900000000000000000e+01
6.500000000000000000e+01
7.000000000000000000e+00
