-9.600000000000000000e+02
8.130000000000000000e+02
-8.120000000000000000e+02
8.070000000000000000e+02
8.050000000000000000e+02
-7.720000000000000000e+02
7.550000000000000000e+02
7.250000000000000000e+02
-7.100000000000000000e+02
5.670000000000000000e+02
5.230000000000000000e+02
-5.160000000000000000e+02
-4.140000000000000000e+02
3.770000000000000000e+02
3.130000000000000000e+02
-2.820000000000000000e+02
-1.960000000000000000e+02
-1.920000000000000000e+02
-6.400000000000000000e+01
-3.400000000000000000e+01
