9.650000000000000000e+02
9.430000000000000000e+02
9.330000000000000000e+02
-9.260000000000000000e+02
8.830000000000000000e+02
8.390000000000000000e+02
-7.700000000000000000e+02
7.650000000000000000e+02
-7.380000000000000000e+02
-4.640000000000000000e+02
4.550000000000000000e+02
-4.300000000000000000e+02
3.630000000000000000e+02
-2.920000000000000000e+02
2.450000000000000000e+02
1.930000000000000000e+02
-6.200000000000000000e+01
-4.800000000000000000e+01
3.300000000000000000e+01
-1.800000000000000000e+01
