-9.940000000000000000e+02
-9.640000000000000000e+02
9.490000000000000000e+02
-8.340000000000000000e+02
8.210000000000000000e+02
-7.820000000000000000e+02
7.530000000000000000e+02
-6.080000000000000000e+02
5.030000000000000000e+02
-4.760000000000000000e+02
4.270000000000000000e+02
3.790000000000000000e+02
3.190000000000000000e+02
-3.080000000000000000e+02
2.310000000000000000e+02
-2.040000000000000000e+02
1.690000000000000000e+02
1.590000000000000000e+02
5.100000000000000000e+01
-4.000000000000000000e+01
