-9.540000000000000000e+02
-9.060000000000000000e+02
-8.060000000000000000e+02
-7.740000000000000000e+02
-5.960000000000000000e+02
5.490000000000000000e+02
5.370000000000000000e+02
5.090000000000000000e+02
-4.880000000000000000e+02
4.650000000000000000e+02
4.270000000000000000e+02
-4.160000000000000000e+02
4.010000000000000000e+02
3.450000000000000000e+02
2.870000000000000000e+02
-1.360000000000000000e+02
1.010000000000000000e+02
-9.400000000000000000e+01
-8.600000000000000000e+01
-8.200000000000000000e+01
