9.890000000000000000e+02
-9.480000000000000000e+02
9.250000000000000000e+02
8.330000000000000000e+02
-7.600000000000000000e+02
6.890000000000000000e+02
6.510000000000000000e+02
6.450000000000000000e+02
6.110000000000000000e+02
-5.980000000000000000e+02
-4.500000000000000000e+02
4.050000000000000000e+02
-2.640000000000000000e+02
-1.880000000000000000e+02
1.810000000000000000e+02
-1.320000000000000000e+02
1.250000000000000000e+02
-1.200000000000000000e+02
-5.000000000000000000e+01
-2.000000000000000000e+00
