-8.160000000000000000e+02
7.270000000000000000e+02
7.250000000000000000e+02
7.210000000000000000e+02
-5.300000000000000000e+02
-5.260000000000000000e+02
5.070000000000000000e+02
4.970000000000000000e+02
4.610000000000000000e+02
4.150000000000000000e+02
3.070000000000000000e+02
3.050000000000000000e+02
2.990000000000000000e+02
2.610000000000000000e+02
-9.600000000000000000e+01
9.300000000000000000e+01
8.700000000000000000e+01
-5.400000000000000000e+01
-5.000000000000000000e+01
2.900000000000000000e+01
