9.530000000000000000e+02
-9.360000000000000000e+02
-8.040000000000000000e+02
-7.460000000000000000e+02
7.370000000000000000e+02
7.250000000000000000e+02
6.910000000000000000e+02
-6.720000000000000000e+02
-6.040000000000000000e+02
-5.460000000000000000e+02
-5.340000000000000000e+02
-5.160000000000000000e+02
4.730000000000000000e+02
-4.200000000000000000e+02
1.610000000000000000e+02
-1.420000000000000000e+02
-1.140000000000000000e+02
8.700000000000000000e+01
7.500000000000000000e+01
-3.800000000000000000e+01
