9.910000000000000000e+02
9.490000000000000000e+02
8.330000000000000000e+02
-7.540000000000000000e+02
-7.380000000000000000e+02
5.810000000000000000e+02
5.510000000000000000e+02
5.450000000000000000e+02
4.750000000000000000e+02
3.950000000000000000e+02
-3.840000000000000000e+02
3.810000000000000000e+02
3.230000000000000000e+02
-3.040000000000000000e+02
-2.820000000000000000e+02
-2.480000000000000000e+02
1.890000000000000000e+02
-1.240000000000000000e+02
-5.000000000000000000e+01
-4.800000000000000000e+01
