9.870000000000000000e+02
-9.480000000000000000e+02
-9.440000000000000000e+02
-8.020000000000000000e+02
8.010000000000000000e+02
7.970000000000000000e+02
-7.860000000000000000e+02
-7.460000000000000000e+02
-7.380000000000000000e+02
-7.200000000000000000e+02
-5.920000000000000000e+02
5.890000000000000000e+02
5.070000000000000000e+02
5.010000000000000000e+02
4.650000000000000000e+02
4.250000000000000000e+02
4.130000000000000000e+02
3.330000000000000000e+02
-2.000000000000000000e+02
1.710000000000000000e+02
