-9.340000000000000000e+02
-9.280000000000000000e+02
8.470000000000000000e+02
8.230000000000000000e+02
-8.120000000000000000e+02
-7.560000000000000000e+02
7.530000000000000000e+02
7.490000000000000000e+02
-4.040000000000000000e+02
3.130000000000000000e+02
2.810000000000000000e+02
2.410000000000000000e+02
-1.980000000000000000e+02
-1.960000000000000000e+02
1.770000000000000000e+02
-1.540000000000000000e+02
-1.400000000000000000e+02
1.010000000000000000e+02
-7.600000000000000000e+01
9.000000000000000000e+00
