-4.730779551857682463e+01 -2.041908401387002812e+02 -1.435261173385698856e-02 -2.699181721435610370e+01 -5.131338783041912599e+00 -3.059345516532766140e+01 -8.118395224462028992e+00 -9.676466160125866622e+01 -2.687132021812805505e+01 2.598672893689960262e+01 -5.151949301442795814e+01 5.578213203749328386e+00 -7.117585545122068424e+01 -6.969109226175750393e+01 -9.569845591601493950e+00 8.059220050901036103e+00 1.023273508220376193e+01 3.730080900477439343e+01 -2.660329326830364849e+01 -2.861657455635031866e+01
-2.041908401387002812e+02 1.175005952421888509e+02 -5.127614921394572228e-02 -1.166316953212508452e+02 -4.284640070387781918e+01 -7.422631084181708161e+01 -5.715363893617161040e+01 -2.471607034252681956e+02 -1.382910448503787393e+02 -7.988216975372534989e+01 -1.860592130718695216e+02 -1.490351555544746702e+02 -1.702857257291934729e+02 -3.237159870220181688e+02 -2.287196036913849184e+01 -1.413337056922649708e+02 -7.895665185564376998e+01 -6.494113752574651244e+01 -7.846022653058783192e+01 -9.530224499230901358e+01
-1.435261173385698856e-02 -5.127614921394572228e-02 -9.600000318596171667e+01 -5.419182694112186817e-03 -4.444157198780173648e-04 -7.784857432116452924e-03 -1.004456340346710158e-03 -2.427183802009461044e-02 -4.766502765192076954e-03 1.066269713084492914e-02 -1.137949591932816210e-02 6.025959303697992105e-03 -1.817958608094501216e-02 -1.335213284547316810e-02 -2.444977201577188189e-03 6.609619559937511893e-03 5.544620682672405688e-03 1.389615752787021555e-02 -6.375225277428506372e-03 -6.548706937232928911e-03
-2.699181721435610370e+01 -1.166316953212508594e+02 -5.419182694112186817e-03 -2.703883306868456202e+02 2.677708401596706089e+00 -1.815413734317408156e+01 2.234344129872668727e+00 -5.508770843459234356e+01 -2.184081426048395613e+00 4.232958216239433114e+01 -1.907580410603612364e+01 3.391624983034657959e+01 -4.268796502235034040e+01 -1.224309471807499783e+01 -5.743983076612854788e+00 3.507181663576633213e+01 2.561093821359586897e+01 5.139843077187901343e+01 -1.316668167939407219e+01 -1.211020320895032043e+01
-5.131338783041912599e+00 -4.284640070387781918e+01 -4.444157198780167143e-04 2.677708401596704757e+00 -5.118951659900799882e+02 -7.047309703120250290e+00 4.644691705458597220e+00 -2.013531094777735575e+01 6.523498320631688330e+00 3.084605051053621594e+01 -1.247285580547807582e+00 2.956040957980892259e+01 -1.681342458702294351e+01 1.084109014258301329e+01 -2.264721827313685765e+00 2.983937119780574321e+01 2.040808081262957785e+01 3.562802694822281069e+01 -3.707958724642309356e+00 -2.091995094318536808e+00
-3.059345516532765785e+01 -7.422631084181708161e+01 -7.784857432116452924e-03 -1.815413734317408156e+01 -7.047309703120251179e+00 8.485066196843727084e+02 -9.299890402837675651e+00 -3.534467113783279046e+01 -2.193115394384103922e+01 -1.594865721116481083e+01 -2.829217374844082400e+01 -2.636447408036810103e+01 -2.399506080341695835e+01 -5.080053153227764540e+01 -3.222123080998894995e+00 -2.522093188549019516e+01 -1.454264627737047455e+01 -1.424390938063685041e+01 -1.154517941459031860e+01 -1.431562412513360272e+01
-8.118395224462028992e+00 -5.715363893617161750e+01 -1.004456340346710158e-03 2.234344129872667839e+00 4.644691705458597220e+00 -9.299890402837675651e+00 -4.708222447375647448e+02 -2.688602645806225055e+01 6.751728176595229947e+00 3.707454527830018520e+01 -3.197182953133852035e+00 3.487909280579138027e+01 -2.212659026543777685e+01 1.037806249338299835e+01 -2.979806965572084909e+00 3.528995033145762505e+01 2.429473557134373607e+01 4.306722946932213603e+01 -5.246654661394822838e+00 -3.417935011234240594e+00
-9.676466160125866622e+01 -2.471607034252682240e+02 -2.427183802009460697e-02 -5.508770843459234356e+01 -2.013531094777735575e+01 -3.534467113783279046e+01 -2.688602645806225055e+01 5.034172348745992167e+02 -6.520848051208818674e+01 -3.678212359551270083e+01 -8.806018176620433735e+01 -6.953848187720680585e+01 -8.110681284920423195e+01 -1.527867723905954449e+02 -1.089408722940236807e+01 -6.588602551205855207e+01 -3.668535061612274006e+01 -2.955768531819177980e+01 -3.723850433101875979e+01 -4.515319161934230152e+01
-2.687132021812805505e+01 -1.382910448503787393e+02 -4.766502765192076087e-03 -2.184081426048395613e+00 6.523498320631683001e+00 -2.193115394384104277e+01 6.751728176595228170e+00 -6.520848051208818674e+01 -3.587301217555269659e+02 6.660046055600317061e+01 -1.643815601186526365e+01 5.856134183587765563e+01 -5.182921237032226713e+01 1.939515051497083586e+00 -6.976527656813575007e+00 5.977534869734498812e+01 4.216793506246668244e+01 7.890952404071168758e+01 -1.440055890131254124e+01 -1.183058244362010214e+01
2.598672893689958130e+01 -7.988216975372537831e+01 1.066269713084492914e-02 4.232958216239433114e+01 3.084605051053620173e+01 -1.594865721116480906e+01 3.707454527830018520e+01 -3.678212359551272215e+01 6.660046055600317061e+01 -7.308297200075393221e+02 4.048062332424024845e+01 1.821871525861476471e+02 -3.975379299067365935e+01 1.341938382336873588e+02 -5.371017522625198382e+00 1.816256440668170171e+02 1.197855382036489971e+02 1.908635858316534666e+02 1.476638550727734422e+00 1.361352834047262128e+01
-5.151949301442795104e+01 -1.860592130718695216e+02 -1.137949591932816036e-02 -1.907580410603612009e+01 -1.247285580547806694e+00 -2.829217374844082400e+01 -3.197182953133853811e+00 -8.806018176620433735e+01 -1.643815601186526010e+01 4.048062332424025556e+01 -1.486170944330500845e+02 2.386716296827395212e+01 -6.609836039893050952e+01 -4.665387465890349716e+01 -8.889869479243275308e+00 2.596798033243674908e+01 2.140647937785016097e+01 5.238322787468550956e+01 -2.300082127042005808e+01 -2.348660006055699512e+01
5.578213203749328386e+00 -1.490351555544746702e+02 6.025959303697992972e-03 3.391624983034657959e+01 2.956040957980894035e+01 -2.636447408036810103e+01 3.487909280579136606e+01 -6.953848187720682006e+01 5.856134183587769826e+01 1.821871525861476471e+02 2.386716296827395212e+01 -5.294461733068227431e+02 -6.402271462162816817e+01 1.128139044557953383e+02 -8.634417470694371488e+00 1.868114694814122174e+02 1.248446206675081100e+02 2.059223094625900217e+02 -7.369487295535272153e+00 4.263455145960621806e+00
-7.117585545122067003e+01 -1.702857257291934729e+02 -1.817958608094501216e-02 -4.268796502235034040e+01 -1.681342458702294351e+01 -2.399506080341695835e+01 -2.212659026543777685e+01 -8.110681284920424616e+01 -5.182921237032226003e+01 -3.975379299067365935e+01 -6.609836039893050952e+01 -6.402271462162818239e+01 8.821860394753690571e+02 -1.197178804494204769e+02 -7.360019379170079645e+00 -6.136914502480108524e+01 -3.563915738822064583e+01 -3.614300638756069617e+01 -2.671992624791747772e+01 -3.332981400704385067e+01
-6.969109226175750393e+01 -3.237159870220181119e+02 -1.335213284547317331e-02 -1.224309471807498539e+01 1.084109014258301507e+01 -5.080053153227765961e+01 1.037806249338299835e+01 -1.527867723905954449e+02 1.939515051497058717e+00 1.341938382336873019e+02 -4.665387465890351137e+01 1.128139044557953383e+02 -1.197178804494204769e+02 -3.272277253673227619e+02 -1.611149824498025396e+01 1.158622492361362504e+02 8.309820616566766205e+01 1.609489645327071798e+02 -3.531150827924138724e+01 -3.103811371355127235e+01
-9.569845591601493950e+00 -2.287196036913849184e+01 -2.444977201577188189e-03 -5.743983076612853012e+00 -2.264721827313685765e+00 -3.222123080998894995e+00 -2.979806965572084909e+00 -1.089408722940236807e+01 -6.976527656813575007e+00 -5.371017522625199270e+00 -8.889869479243275308e+00 -8.634417470694373264e+00 -7.360019379170079645e+00 -1.611149824498025396e+01 9.420117557052658412e+02 -8.277703199632471254e+00 -4.809517833001138776e+00 -4.889019000588466390e+00 -3.591215659758774770e+00 -4.481550987987956702e+00
8.059220050901036103e+00 -1.413337056922649992e+02 6.609619559937511893e-03 3.507181663576634634e+01 2.983937119780574321e+01 -2.522093188549019871e+01 3.528995033145763927e+01 -6.588602551205855207e+01 5.977534869734498812e+01 1.816256440668170455e+02 2.596798033243674553e+01 1.868114694814122174e+02 -6.136914502480109945e+01 1.158622492361362220e+02 -8.277703199632469477e+00 -5.470284473569025749e+02 1.247597224038811419e+02 2.049737650635195507e+02 -6.335192527432832676e+00 5.407290078182841242e+00
1.023273508220376193e+01 -7.895665185564376998e+01 5.544620682672403954e-03 2.561093821359586187e+01 2.040808081262957785e+01 -1.454264627737047455e+01 2.429473557134373607e+01 -3.668535061612275427e+01 4.216793506246667533e+01 1.197855382036489971e+02 2.140647937785016097e+01 1.248446206675080816e+02 -3.563915738822064583e+01 8.309820616566763363e+01 -4.809517833001139664e+00 1.247597224038811135e+02 -7.091283209625356676e+02 1.345662077938091272e+02 -2.186952299725726245e+00 5.843633018256007006e+00
3.730080900477440053e+01 -6.494113752574651244e+01 1.389615752787021208e-02 5.139843077187903475e+01 3.562802694822281069e+01 -1.424390938063685041e+01 4.306722946932214313e+01 -2.955768531819176559e+01 7.890952404071170179e+01 1.908635858316534382e+02 5.238322787468553798e+01 2.059223094625900217e+02 -3.614300638756069617e+01 1.609489645327071798e+02 -4.889019000588464614e+00 2.049737650635195507e+02 1.345662077938091272e+02 -7.762232685247923882e+02 5.017231767122152242e+00 1.903494962581097028e+01
-2.660329326830364849e+01 -7.846022653058783192e+01 -6.375225277428504637e-03 -1.316668167939407041e+01 -3.707958724642309800e+00 -1.154517941459031682e+01 -5.246654661394821950e+00 -3.723850433101875979e+01 -1.440055890131253413e+01 1.476638550727734422e+00 -2.300082127042006164e+01 -7.369487295535270377e+00 -2.671992624791747772e+01 -3.531150827924138724e+01 -3.591215659758774770e+00 -6.335192527432834453e+00 -2.186952299725724469e+00 5.017231767122155794e+00 1.901496408797544575e+02 -1.230699712191111495e+01
-2.861657455635032221e+01 -9.530224499230901358e+01 -6.548706937232928911e-03 -1.211020320895032043e+01 -2.091995094318536808e+00 -1.431562412513360272e+01 -3.417935011234242815e+00 -4.515319161934230152e+01 -1.183058244362010747e+01 1.361352834047261950e+01 -2.348660006055699512e+01 4.263455145960621806e+00 -3.332981400704385777e+01 -3.103811371355127235e+01 -4.481550987987956702e+00 5.407290078182839466e+00 5.843633018256006117e+00 1.903494962581097738e+01 -1.230699712191111495e+01 -2.112747402802878582e+01
