-9.880000000000000000e+02
9.430000000000000000e+02
9.370000000000000000e+02
-9.020000000000000000e+02
8.590000000000000000e+02
-7.920000000000000000e+02
-7.340000000000000000e+02
-7.160000000000000000e+02
6.370000000000000000e+02
6.210000000000000000e+02
-5.160000000000000000e+02
-4.760000000000000000e+02
-3.640000000000000000e+02
-3.100000000000000000e+02
-2.640000000000000000e+02
2.010000000000000000e+02
-1.080000000000000000e+02
-9.600000000000000000e+01
1.500000000000000000e+01
-8.000000000000000000e+00
