9.870000000000000000e+02
-8.560000000000000000e+02
-8.320000000000000000e+02
8.310000000000000000e+02
-8.180000000000000000e+02
7.910000000000000000e+02
-6.980000000000000000e+02
-5.300000000000000000e+02
-5.220000000000000000e+02
-4.340000000000000000e+02
-4.000000000000000000e+02
-3.180000000000000000e+02
-2.960000000000000000e+02
-2.260000000000000000e+02
-9.200000000000000000e+01
-8.400000000000000000e+01
6.500000000000000000e+01
5.700000000000000000e+01
3.700000000000000000e+01
-2.400000000000000000e+01
