7.121711159083611165e+02 -3.242456050183407967e+01 2.332301872230603479e+00 -2.559040653003858079e+00 -9.468697275602469432e+00 -2.350570704605926409e+01 -1.306483493793650652e+01 -1.294839733344011456e+01 -1.668766967159100723e-01 -3.247482548258659563e+01 1.041655576285204354e+01 1.345881205265298775e+01 -8.483614742181490698e+00 -1.571372778396253667e+00 -3.759404334523451752e+01 4.642794339189482145e+00 7.188058834567493172e+00 -4.308109209807557960e+00 -8.019305753021984673e-01 -1.052756147703374090e+01
-3.242456050183407967e+01 7.650290208845390225e+02 4.391170455804128459e+00 -2.789550428366962009e+01 -6.963505595821122540e+01 -1.756712003365548469e+02 -1.088869004521250616e+02 -1.008198598412242717e+02 -2.613770440276245832e+00 -2.156730345775876572e+02 3.158766815931055305e+01 2.341342062471201046e+01 -6.008343956553036946e+01 -1.171099921346444006e+01 -2.506988550651477965e+02 1.139557341833229742e+01 1.389816546677040598e+01 -4.165777803617879727e+01 -8.817325801924992490e+00 -1.060195126950072790e+02
2.332301872230603479e+00 4.391170455804128459e+00 -6.221012870105529373e+02 1.361709030816703425e+01 1.157213059726987048e+01 3.196895514085202095e+01 3.076695271633680306e+01 2.229059454168013588e+01 1.806466073291185026e+00 1.292727355722614035e+01 3.930076781085587356e+01 7.088928904282437315e+01 7.701721995415706346e+00 2.099303979154390820e+00 1.615308963247297314e+01 2.061836715620383131e+01 3.624976422144472821e+01 1.679399722147644525e+01 4.354664796170853336e+00 4.591856744350273800e+01
-2.559040653003858079e+00 -2.789550428366963430e+01 1.361709030816703603e+01 1.541270891077613570e+01 1.634871359510145838e+00 7.139766032221324110e+00 1.632375363147917113e+01 8.381711222578131171e+00 1.552087423843496738e+00 -1.983122323773754303e+01 4.765985929613453465e+01 8.069528429714473816e+01 -1.069850305789608047e+00 4.413268225186581240e-01 -2.182808847283661180e+01 2.419075458254506472e+01 4.156657980951133879e+01 1.170260143660856222e+01 3.346178117068507873e+00 3.323561805862797058e+01
-9.468697275602469432e+00 -6.963505595821122540e+01 1.157213059726987048e+01 1.634871359510147837e+00 4.061940452571525384e+02 -3.501347387635330932e+01 -1.247673272513415021e+01 -1.677281271166832965e+01 6.001429625347345365e-01 -6.515994532861782318e+01 4.424616638009423042e+01 6.797461483910248603e+01 -1.469839822518989259e+01 -2.361009077668522416e+00 -7.479317806126458379e+01 2.138762758887045123e+01 3.543830326975448486e+01 -5.416583009886355438e-01 5.593150067772325595e-01 1.298397700238295371e+00
-2.350570704605926409e+01 -1.756712003365549037e+02 3.196895514085202095e+01 7.139766032221325887e+00 -3.501347387635330932e+01 3.032109265416219159e+02 -2.488654929468751220e+01 -3.764691206193160156e+01 1.919346084539558017e+00 -1.624435777445754638e+02 1.208723142026510118e+02 1.880043934862277979e+02 -3.559128074912135986e+01 -5.527552741754068855e+00 -1.861702697353996427e+02 5.878334281745510026e+01 9.785974136068901430e+01 2.316998346364562256e+00 2.375822594979727587e+00 1.338545502629898643e+01
-1.306483493793650830e+01 -1.088869004521250616e+02 3.076695271633681017e+01 1.632375363147917113e+01 -1.247673272513416087e+01 -2.488654929468752286e+01 2.195736003712231366e+02 -4.921422228933828080e+00 2.789080722773534138e+00 -9.304065263673150810e+01 1.114223981819657894e+02 1.817246225209261752e+02 -1.618545359965758124e+01 -1.734738611358275229e+00 -1.054765944319560163e+02 5.548595534311029098e+01 9.403090423687304167e+01 1.597046137409966704e+01 5.279611918015083560e+00 4.818881802181313390e+01
-1.294839733344011456e+01 -1.008198598412242717e+02 2.229059454168013232e+01 8.381711222578127618e+00 -1.677281271166834387e+01 -3.764691206193158735e+01 -4.921422228933847620e+00 2.920239245703816096e+02 1.677420245327227999e+00 -9.047486002922786952e+01 8.251294701849026580e+01 1.313715722108658497e+02 -1.831083593619376870e+01 -2.563314262091846096e+00 -1.032743243248221603e+02 4.059567336291456741e+01 6.817964663888331245e+01 6.562994487543169164e+00 2.734265894808354247e+00 2.204566226473198043e+01
-1.668766967159100723e-01 -2.613770440276244944e+00 1.806466073291185026e+00 1.552087423843496738e+00 6.001429625347347585e-01 1.919346084539558461e+00 2.789080722773534582e+00 1.677420245327228665e+00 -1.057770858628043982e+02 -1.487671970855120707e+00 6.234043851314996942e+00 1.071942234098915847e+01 1.843903898150810461e-01 1.232953611796272775e-01 -1.564769992434362100e+00 3.189550462628151450e+00 5.511593927847785679e+00 1.800654683687629598e+00 4.979681625315223181e-01 5.046764419691340819e+00
-3.247482548258660273e+01 -2.156730345775876572e+02 1.292727355722614035e+01 -1.983122323773755724e+01 -6.515994532861782318e+01 -1.624435777445755207e+02 -9.304065263673150810e+01 -9.047486002922785531e+01 -1.487671970855119818e+00 5.511867754368878423e+02 6.066650051024212331e+01 7.412691120158348212e+01 -5.781642597726497002e+01 -1.085145335748634032e+01 -2.524000677248503166e+02 2.638318735683230187e+01 3.993058627761152479e+01 -3.208768450709256115e+01 -6.233057920581513756e+00 -7.944459610979851050e+01
1.041655576285204177e+01 3.158766815931053884e+01 3.930076781085587356e+01 4.765985929613452754e+01 4.424616638009422331e+01 1.208723142026510118e+02 1.114223981819657894e+02 8.251294701849029423e+01 6.234043851314996942e+00 6.066650051024212331e+01 -7.075843276131466837e+02 2.343672519107784638e+02 3.056744650461810764e+01 7.951598092389381200e+00 7.427319006708414406e+01 6.779265129565298764e+01 1.196884827584549669e+02 5.937033378756210311e+01 1.523290500238425693e+01 1.616893690510553654e+02
1.345881205265298775e+01 2.341342062471198915e+01 7.088928904282437315e+01 8.069528429714472395e+01 6.797461483910247182e+01 1.880043934862277979e+02 1.817246225209261752e+02 1.313715722108658497e+02 1.071942234098915847e+01 7.412691120158345370e+01 2.343672519107784922e+02 -1.956969654849267783e+02 4.505973483777972177e+01 1.234337913875549653e+01 9.287060860672792728e+01 1.228882566104250600e+02 2.159730377428581676e+02 9.942661946059962474e+01 2.580723066376138419e+01 2.719580955941801221e+02
-8.483614742181492474e+00 -6.008343956553036946e+01 7.701721995415706346e+00 -1.069850305789608935e+00 -1.469839822518989259e+01 -3.559128074912136697e+01 -1.618545359965758834e+01 -1.831083593619377581e+01 1.843903898150808240e-01 -5.781642597726497002e+01 3.056744650461810764e+01 4.505973483777971467e+01 5.070929099056746168e+02 -2.389773283472101273e+00 -6.660166997256533250e+01 1.448253069350857025e+01 2.361973510209735849e+01 -3.497371577591369629e+00 -3.110605992732614622e-01 -7.196117589750635091e+00
-1.571372778396254555e+00 -1.171099921346444184e+01 2.099303979154390820e+00 4.413268225186581795e-01 -2.361009077668522860e+00 -5.527552741754067078e+00 -1.734738611358276117e+00 -2.563314262091845208e+00 1.232953611796272497e-01 -1.085145335748633855e+01 7.951598092389379424e+00 1.234337913875549653e+01 -2.389773283472101273e+00 3.906265850928385248e+02 -1.243978769459125289e+01 3.863288452288851094e+00 6.426586330760925669e+00 1.121458187911638094e-01 1.472988560116010870e-01 7.761901077961186335e-01
-3.759404334523452462e+01 -2.506988550651478818e+02 1.615308963247296958e+01 -2.182808847283661891e+01 -7.479317806126458379e+01 -1.861702697353996427e+02 -1.054765944319560305e+02 -1.032743243248221745e+02 -1.564769992434362100e+00 -2.524000677248502598e+02 7.427319006708412985e+01 9.287060860672789886e+01 -6.660166997256533250e+01 -1.243978769459125289e+01 4.566296461255286090e+02 3.262723510140947525e+01 4.984803794220728435e+01 -3.580390622607886542e+01 -6.853760868165332809e+00 -8.824357594185399023e+01
4.642794339189481256e+00 1.139557341833229742e+01 2.061836715620383131e+01 2.419075458254506472e+01 2.138762758887044768e+01 5.878334281745510026e+01 5.548595534311029098e+01 4.059567336291456741e+01 3.189550462628151450e+00 2.638318735683230187e+01 6.779265129565298764e+01 1.228882566104250458e+02 1.448253069350857025e+01 3.863288452288851094e+00 3.262723510140947525e+01 -6.783404183894740527e+02 6.280503580156579346e+01 2.996558106744757310e+01 7.734190322638301751e+00 8.179024239873041324e+01
7.188058834567494948e+00 1.389816546677040598e+01 3.624976422144472821e+01 4.156657980951133879e+01 3.543830326975448486e+01 9.785974136068901430e+01 9.403090423687304167e+01 6.817964663888332666e+01 5.511593927847785679e+00 3.993058627761153900e+01 1.196884827584549669e+02 2.159730377428581107e+02 2.361973510209735849e+01 6.426586330760926558e+00 4.984803794220727013e+01 6.280503580156579346e+01 -5.295653642316977994e+02 5.128219372019619016e+01 1.329248899987453036e+01 1.401974885600859011e+02
-4.308109209807559736e+00 -4.165777803617879727e+01 1.679399722147644525e+01 1.170260143660856222e+01 -5.416583009886402067e-01 2.316998346364565808e+00 1.597046137409965638e+01 6.562994487543176270e+00 1.800654683687629154e+00 -3.208768450709254694e+01 5.937033378756208890e+01 9.942661946059962474e+01 -3.497371577591371405e+00 1.121458187911638094e-01 -3.580390622607885831e+01 2.996558106744756600e+01 5.128219372019619016e+01 8.577652489140619707e+01 3.766052493469270512e+00 3.673362404153183292e+01
-8.019305753021985783e-01 -8.817325801924992490e+00 4.354664796170852448e+00 3.346178117068506985e+00 5.593150067772323375e-01 2.375822594979727587e+00 5.279611918015083560e+00 2.734265894808352915e+00 4.979681625315223181e-01 -6.233057920581511979e+00 1.523290500238425693e+01 2.580723066376138419e+01 -3.110605992732617398e-01 1.472988560116010870e-01 -6.853760868165331033e+00 7.734190322638301751e+00 1.329248899987453036e+01 3.766052493469270512e+00 2.075235247755760071e+00 1.068927112458725048e+01
-1.052756147703374090e+01 -1.060195126950073075e+02 4.591856744350273800e+01 3.323561805862797058e+01 1.298397700238305585e+00 1.338545502629898820e+01 4.818881802181316232e+01 2.204566226473198043e+01 5.046764419691340819e+00 -7.944459610979849629e+01 1.616893690510553654e+02 2.719580955941801221e+02 -7.196117589750631538e+00 7.761901077961200768e-01 -8.824357594185397602e+01 8.179024239873042745e+01 1.401974885600859295e+02 3.673362404153184002e+01 1.068927112458725048e+01 1.520624294484561005e+02
