-9.820000000000000000e+02
9.270000000000000000e+02
7.630000000000000000e+02
-6.940000000000000000e+02
6.530000000000000000e+02
-6.380000000000000000e+02
-4.460000000000000000e+02
-4.120000000000000000e+02
4.090000000000000000e+02
3.370000000000000000e+02
3.150000000000000000e+02
3.130000000000000000e+02
3.030000000000000000e+02
-2.180000000000000000e+02
2.090000000000000000e+02
-2.020000000000000000e+02
1.910000000000000000e+02
1.410000000000000000e+02
-1.100000000000000000e+02
-3.000000000000000000e+01
