9.450000000000000000e+02
-9.360000000000000000e+02
-8.260000000000000000e+02
7.950000000000000000e+02
-7.400000000000000000e+02
-7.320000000000000000e+02
7.230000000000000000e+02
-6.100000000000000000e+02
-5.600000000000000000e+02
-3.800000000000000000e+02
-3.220000000000000000e+02
-2.820000000000000000e+02
-2.800000000000000000e+02
-2.100000000000000000e+02
-1.960000000000000000e+02
1.550000000000000000e+02
-1.400000000000000000e+02
-1.320000000000000000e+02
-6.200000000000000000e+01
9.000000000000000000e+00
