9.730000000000000000e+02
-8.360000000000000000e+02
7.690000000000000000e+02
7.490000000000000000e+02
7.170000000000000000e+02
-7.140000000000000000e+02
-6.400000000000000000e+02
-6.340000000000000000e+02
-6.180000000000000000e+02
5.210000000000000000e+02
4.210000000000000000e+02
3.910000000000000000e+02
3.850000000000000000e+02
3.070000000000000000e+02
2.090000000000000000e+02
-1.060000000000000000e+02
7.300000000000000000e+01
4.700000000000000000e+01
5.000000000000000000e+00
1.000000000000000000e+00
