-9.720000000000000000e+02
9.650000000000000000e+02
9.530000000000000000e+02
-9.160000000000000000e+02
-8.720000000000000000e+02
-8.580000000000000000e+02
-7.300000000000000000e+02
-6.480000000000000000e+02
-6.380000000000000000e+02
-5.920000000000000000e+02
-5.080000000000000000e+02
3.450000000000000000e+02
-3.200000000000000000e+02
-3.040000000000000000e+02
-3.000000000000000000e+02
2.890000000000000000e+02
-2.680000000000000000e+02
2.650000000000000000e+02
1.890000000000000000e+02
7.700000000000000000e+01
