9.510000000000000000e+02
9.210000000000000000e+02
8.550000000000000000e+02
-8.360000000000000000e+02
8.270000000000000000e+02
7.990000000000000000e+02
6.730000000000000000e+02
6.390000000000000000e+02
-6.200000000000000000e+02
5.950000000000000000e+02
-5.760000000000000000e+02
-5.560000000000000000e+02
-5.360000000000000000e+02
4.410000000000000000e+02
-1.680000000000000000e+02
-1.540000000000000000e+02
-1.420000000000000000e+02
1.170000000000000000e+02
5.700000000000000000e+01
3.000000000000000000e+00
