9.070081097346419483e+02 -6.808432411014619845e+01 -3.315514563870713971e+00 -1.368901503298419868e+02 -2.945309214045228430e+01 -8.914639714281747729e+00 -5.427836118149969735e+01 -8.431586866191249641e+00 1.540008787285944702e-01 -1.261132023089967191e+00 -3.949673917892623898e+00 -5.516645119774391759e+01 -4.203898480385465319e+00 -1.836466929903411938e+01 -1.994309140395135849e+00 -2.005033833636528584e+01 -6.736207873719150996e+01 -7.897563551907781587e+00 6.983931455442452751e+00 -1.117975562063016071e+02
-6.808432411014619845e+01 1.544371665724704030e+02 2.023383215343420432e+02 -1.850500858063462601e+02 -4.097003994089715917e+01 8.079260455785075123e+00 6.989871137567382675e+01 -9.221862796601712375e+00 2.138948491313445999e+01 1.463820715991799375e+02 1.154245444945872023e+01 -7.881792291808356765e+01 1.711685419054359159e+02 5.740649362601875794e+01 5.499979473017230447e+00 -1.332237221277305750e+01 -1.018585281818669586e+02 -9.113806642238053257e+00 1.058437638330754993e+02 -1.129861925873558732e+02
-3.315514563870728182e+00 2.023383215343420432e+02 -2.548413802027468762e+02 2.863047976022566132e+01 4.482238940571000363e+00 3.110932089871423045e+01 2.194969722206170673e+02 4.924832146113409692e+00 3.073964932359481139e+01 2.154020161895158196e+02 2.535150612832033801e+01 5.373694150148878634e+00 2.578061618696847859e+02 1.233064592574575613e+02 1.232400258948260685e+01 2.421573195854328020e+01 -1.597696044489183009e+00 3.921358423529127446e+00 1.385917313548823699e+02 7.879644367207008315e+01
-1.368901503298419868e+02 -1.850500858063462601e+02 2.863047976022566132e+01 3.780698050741238490e+02 -9.078355757299142681e+01 -2.363310096797286874e+01 -1.400071325770321664e+02 -2.551819119606859587e+01 4.449823553080499927e+00 2.392182336493224071e+01 -8.975916637464674608e+00 -1.704305520991532603e+02 2.027281647630326589e+01 -4.103332066056067617e+01 -4.593813032165009247e+00 -5.906653115679579713e+01 -2.091619081889264180e+02 -2.399133133221460668e+01 3.957252761101996441e+01 -3.366112586535675177e+02
-2.945309214045229140e+01 -4.097003994089715917e+01 4.482238940570993257e+00 -9.078355757299144102e+01 8.074298292853495695e+02 -5.261781514514465741e+00 -3.136838658976124350e+01 -5.521410663050441592e+00 7.863635595242107756e-01 3.947375414384451275e+00 -2.074027230484933426e+00 -3.672265634706793236e+01 2.924973870883560423e+00 -9.522788069962118129e+00 -1.057839241710715639e+00 -1.285188577560509060e+01 -4.502234929401235064e+01 -5.187083546057630556e+00 7.745798944525317253e+00 -7.291034599764255120e+01
-8.914639714281749505e+00 8.079260455785078676e+00 3.110932089871423045e+01 -2.363310096797286874e+01 -5.261781514514465741e+00 5.854459178961880639e+01 1.257647251477505179e+01 -1.122310803644189336e+00 3.271240712796652073e+00 2.246693289288191053e+01 1.904133835987076306e+00 -1.017407227529856861e+01 2.636517601437898151e+01 9.426181388622596913e+00 9.111864058499736796e-01 -1.350359464060528980e+00 -1.328359097272298328e+01 -1.124147121118606929e+00 1.597316547116470886e+01 -1.345806220915209117e+01
-5.427836118149971156e+01 6.989871137567385517e+01 2.194969722206170388e+02 -1.400071325770321664e+02 -3.136838658976123995e+01 1.257647251477505179e+01 1.018894696655497683e+02 -6.278437631484829140e+00 2.298437000027270471e+01 1.583017895675667148e+02 1.415359698482189010e+01 -6.099534891461618713e+01 1.862912550137605763e+02 6.983783353033624053e+01 6.792929933933820053e+00 -5.654208719661376392e+00 -8.053225421072642121e+01 -6.393787981408120658e+00 1.110351930633040354e+02 -7.323649324362774848e+01
-8.431586866191249641e+00 -9.221862796601712375e+00 4.924832146113409692e+00 -2.551819119606859587e+01 -5.521410663050441592e+00 -1.122310803644188892e+00 -6.278437631484825587e+00 6.374865572131283216e+02 5.963776471655464206e-01 3.733712090939736328e+00 -2.838354165487572689e-01 -1.039749664904345039e+01 3.956044782986613217e+00 -1.219562017295903189e+00 -1.521117030314746987e-01 -3.368292837648103166e+00 -1.284658869135714454e+01 -1.430344897757838796e+00 3.885543981536765390e+00 -1.981832780493279245e+01
1.540008787285953584e-01 2.138948491313445999e+01 3.073964932359480784e+01 4.449823553080499039e+00 7.863635595242117748e-01 3.271240712796651628e+00 2.298437000027270116e+01 5.963776471655460876e-01 -6.168678715793873835e+02 2.197394459363838592e+01 2.628713195511294121e+00 1.164827611271094687e+00 2.632988167548040082e+01 1.277626008962574033e+01 1.278714062553327979e+00 2.692995204315686397e+00 5.905048021438576988e-01 4.881027522709588951e-01 1.405106318281500322e+01 9.283512324604107135e+00
-1.261132023089976073e+00 1.463820715991799375e+02 2.154020161895158481e+02 2.392182336493226202e+01 3.947375414384458825e+00 2.246693289288191053e+01 1.583017895675667432e+02 3.733712090939737216e+00 2.197394459363838592e+01 -4.219629121580788365e+02 1.822508425290873646e+01 5.233154285850005749e+00 1.844288515143884126e+02 8.862312687532117650e+01 8.861543255830969912e+00 1.781905656060661158e+01 5.563810434195808341e-01 3.002795161965465809e+00 9.891236878872875593e+01 5.915605690955293028e+01
-3.949673917892623898e+00 1.154245444945872023e+01 2.535150612832033445e+01 -8.975916637464678161e+00 -2.074027230484933426e+00 1.904133835987075862e+00 1.415359698482189010e+01 -2.838354165487573244e-01 2.628713195511294121e+00 1.822508425290873646e+01 -1.521719221451012629e+02 -4.141846643897476810e+00 2.158824724452591681e+01 8.962067736887927794e+00 8.824823967457567919e-01 3.891402797604434083e-01 -5.751825431611132800e+00 -3.247081123303061645e-01 1.237608063607190267e+01 -2.614978872632072182e+00
-5.516645119774391759e+01 -7.881792291808355344e+01 5.373694150148875082e+00 -1.704305520991532603e+02 -3.672265634706794657e+01 -1.017407227529856684e+01 -6.099534891461619424e+01 -1.039749664904345039e+01 1.164827611271096242e+00 5.233154285849996867e+00 -4.141846643897475921e+00 7.861219016268522637e+02 2.890837129684936002e+00 -1.908648402452142534e+01 -2.106418657195295641e+00 -2.432985068263724315e+01 -8.436297676562142556e+01 -9.760829317071666011e+00 1.312396951818814195e+01 -1.374374974040096049e+02
-4.203898480385465319e+00 1.711685419054359159e+02 2.578061618696847859e+02 2.027281647630329431e+01 2.924973870883556870e+00 2.636517601437898151e+01 1.862912550137605763e+02 3.956044782986612773e+00 2.632988167548039726e+01 1.844288515143883842e+02 2.158824724452591681e+01 2.890837129684936002e+00 -3.153479722567837484e+02 1.050286950305057587e+02 1.049228431820610297e+01 2.011617680422771315e+01 -3.457666800327359624e+00 3.113244862083661690e+00 1.189050930100846983e+02 6.401272287076452017e+01
-1.836466929903411227e+01 5.740649362601877215e+01 1.233064592574575613e+02 -4.103332066056067617e+01 -9.522788069962118129e+00 9.426181388622596913e+00 6.983783353033626895e+01 -1.219562017295902745e+00 1.277626008962574033e+01 8.862312687532117650e+01 8.962067736887927794e+00 -1.908648402452142534e+01 1.050286950305057871e+02 -1.240828529756096543e+02 4.327995553040642207e+00 2.272886354352947169e+00 -2.668139126638111236e+01 -1.428410883020454269e+00 6.003214154225221932e+01 -1.058732295037212623e+01
-1.994309140395135849e+00 5.499979473017232223e+00 1.232400258948260685e+01 -4.593813032165009247e+00 -1.057839241710715417e+00 9.111864058499736796e-01 6.792929933933820053e+00 -1.521117030314745600e-01 1.278714062553328201e+00 8.861543255830969912e+00 8.824823967457569029e-01 -2.106418657195295197e+00 1.049228431820610297e+01 4.327995553040642207e+00 -1.415741386034659683e+02 1.557966814206893646e-01 -2.909772574390497635e+00 -1.710987113896761391e-01 6.030678470423308291e+00 -1.458340137557673444e+00
-2.005033833636528584e+01 -1.332237221277305572e+01 2.421573195854328375e+01 -5.906653115679579003e+01 -1.285188577560509060e+01 -1.350359464060529202e+00 -5.654208719661376392e+00 -3.368292837648103166e+00 2.692995204315686397e+00 1.781905656060661158e+01 3.891402797604438524e-01 -2.432985068263723960e+01 2.011617680422770960e+01 2.272886354352943616e+00 1.557966814206892536e-01 4.340575140177458593e+02 -3.040488702706304736e+01 -3.213986439613120805e+00 1.496772226985482668e+01 -4.350947253277909965e+01
-6.736207873719149575e+01 -1.018585281818669586e+02 -1.597696044489193667e+00 -2.091619081889264180e+02 -4.502234929401235064e+01 -1.328359097272297973e+01 -8.053225421072643542e+01 -1.284658869135714454e+01 5.905048021438594752e-01 5.563810434195666232e-01 -5.751825431611131023e+00 -8.436297676562142556e+01 -3.457666800327359624e+00 -2.668139126638109815e+01 -2.909772574390496747e+00 -3.040488702706304736e+01 8.178927471810368388e+02 -1.204091923714299917e+01 1.228774894382801719e+01 -1.701819258904868377e+02
-7.897563551907781587e+00 -9.113806642238053257e+00 3.921358423529127446e+00 -2.399133133221461023e+01 -5.187083546057630556e+00 -1.124147121118607373e+00 -6.393787981408120658e+00 -1.430344897757838796e+00 4.881027522709586730e-01 3.002795161965465809e+00 -3.247081123303061645e-01 -9.760829317071666011e+00 3.113244862083661690e+00 -1.428410883020455158e+00 -1.710987113896762224e-01 -3.213986439613121249e+00 -1.204091923714299917e+01 6.716498846234663915e+02 3.322670577601710917e+00 -1.876323689782366699e+01
6.983931455442452751e+00 1.058437638330755135e+02 1.385917313548823415e+02 3.957252761101996441e+01 7.745798944525318142e+00 1.597316547116470709e+01 1.110351930633040354e+02 3.885543981536766722e+00 1.405106318281500322e+01 9.891236878872875593e+01 1.237608063607190267e+01 1.312396951818814372e+01 1.189050930100846983e+02 6.003214154225220511e+01 6.030678470423307402e+00 1.496772226985482845e+01 1.228774894382801008e+01 3.322670577601711805e+00 -7.738654995215493955e+02 5.770207127171973127e+01
-1.117975562063016355e+02 -1.129861925873558874e+02 7.879644367207008315e+01 -3.366112586535674609e+02 -7.291034599764255120e+01 -1.345806220915209650e+01 -7.323649324362773427e+01 -1.981832780493279245e+01 9.283512324604107135e+00 5.915605690955290186e+01 -2.614978872632075735e+00 -1.374374974040096333e+02 6.401272287076452017e+01 -1.058732295037214044e+01 -1.458340137557674332e+00 -4.350947253277909965e+01 -1.701819258904868661e+02 -1.876323689782366699e+01 5.770207127171973127e+01 3.361269726587382252e+02
