9.670000000000000000e+02
-9.280000000000000000e+02
-9.240000000000000000e+02
-8.440000000000000000e+02
-7.380000000000000000e+02
5.470000000000000000e+02
4.390000000000000000e+02
3.570000000000000000e+02
3.550000000000000000e+02
-3.360000000000000000e+02
-3.160000000000000000e+02
-3.040000000000000000e+02
-2.960000000000000000e+02
2.830000000000000000e+02
-2.720000000000000000e+02
2.590000000000000000e+02
1.530000000000000000e+02
1.150000000000000000e+02
-6.600000000000000000e+01
-2.800000000000000000e+01
