1.703802801267037523e+02 -2.646312871178938408e+01 -2.502023807762083152e+01 -8.489983383433640896e+00 1.169255129093999024e+01 -2.062458975610380207e+01 -2.556975090044284826e+01 -2.624189902002506614e+01 6.949391095128567031e+01 -2.885906826115867574e+01 -5.588386665895383132e+00 -3.432284023682471208e+00 -1.205848530031915011e+01 8.946559892963467320e+00 -1.133703729060770797e+02 -3.767124908914214387e+01 2.848753113857254959e+01 -5.967444407521920624e+00 1.644491937679135374e+00 -6.778919844932875094e+01
-2.646312871178938408e+01 1.750841557455084967e+02 -3.225318150370289061e+01 -1.069526519811292253e+01 1.291397168268269624e+01 -2.626640373581670218e+01 -3.242924674632664050e+01 -3.343739484663551309e+01 8.369050199482981611e+01 -3.826733527526827316e+01 -9.025470714180698906e+00 -5.264341631941282351e+00 -1.533926794427284079e+01 9.585888973946429914e+00 -1.422009223522821060e+02 -4.736102336229510001e+01 3.345180058517176036e+01 -8.171206712849205189e+00 1.944647416658976891e+00 -8.632414922114043065e+01
-2.502023807762082086e+01 -3.225318150370289061e+01 1.110752212118895130e+02 -1.091474450623206671e+01 2.057706792548785657e+01 -2.564601584985020111e+01 -3.220761726570669481e+01 -3.257880347129268728e+01 1.011129441225546799e+02 -3.126191401182727247e+01 -1.120907586629412478e+00 -1.540288230455660212e+00 -1.504867235289104954e+01 1.664619309285883020e+01 -1.476350987590055581e+02 -4.872150990046511509e+01 4.406113980112696993e+01 -5.675378024894587092e+00 2.502019610037417685e+00 -8.432009394591842977e+01
-8.489983383433640896e+00 -1.069526519811292253e+01 -1.091474450623206671e+01 6.503676360283837994e+02 -4.185451923887235637e+00 -7.618845002843327663e+00 -8.864638838163598322e+00 -9.767379198900895787e+00 4.965832242625471515e+00 -1.717322240159909086e+01 -1.027377331295986274e+01 -5.110054409552831522e+00 -4.377942867402753180e+00 -4.472548131956172845e+00 -3.249467448695411065e+01 -1.126990852707973723e+01 -1.643707995540479194e+00 -4.662332917708059910e+00 -3.644923178092690508e-02 -2.500454259698958737e+01
1.169255129093999024e+01 1.291397168268269624e+01 2.057706792548785302e+01 -4.185451923887233860e+00 -3.588105323430750673e+02 2.593046917712698463e+00 -2.841741915331381207e+00 4.065161188671844172e+00 2.071129289920354495e+02 7.151937412134117267e+01 8.628310009902205024e+01 4.048480193992191545e+01 7.182342938197856519e-01 7.995293284867982209e+01 -8.358237746760050868e+01 -2.284828145606876149e+01 1.232575664800082507e+02 2.637339983476736194e+01 6.506070903961985508e+00 8.135202280063445812e+00
-2.062458975610379852e+01 -2.626640373581670218e+01 -2.564601584985020111e+01 -7.618845002843327663e+00 2.593046917712691357e+00 2.932536282515056882e+02 -2.389336696725382581e+01 -2.519879360120408762e+01 4.559330761071223037e+01 -3.421691018476324331e+01 -1.365332623391513422e+01 -7.172045951857283441e+00 -1.146761715190681841e+01 6.995562678726994221e-01 -9.905102691618974120e+01 -3.339095238400516052e+01 1.496874045463280467e+01 -8.199264711218056334e+00 9.231986693774788533e-01 -6.486504847386507322e+01
-2.556975090044284826e+01 -3.242924674632663340e+01 -3.220761726570668060e+01 -8.864638838163598322e+00 -2.841741915331379431e+00 -2.389336696725382581e+01 3.804971780065483813e+02 -3.054252027420456272e+01 4.061116444014376015e+01 -4.598160424816269654e+01 -2.229240948245169562e+01 -1.137953596588414662e+01 -1.382215891586947087e+01 -4.621561168811192388e+00 -1.132547929646460005e+02 -3.854313503924890938e+01 9.558101216954053569e+00 -1.164928885441874939e+01 6.643569855988424866e-01 -7.846140875403960990e+01
-2.624189902002506258e+01 -3.343739484663551309e+01 -3.257880347129268728e+01 -9.767379198900895787e+00 4.065161188671847725e+00 -2.519879360120408762e+01 -3.054252027420456983e+01 2.708497785915681675e+02 6.002349042814308433e+01 -4.308598124301791188e+01 -1.669346358639491257e+01 -8.810824402074601380e+00 -1.464089091760297734e+01 1.584175074801941641e+00 -1.272356404334985598e+02 -4.284620216433708606e+01 2.018367253539032546e+01 -1.024474615350920637e+01 1.235363798105534539e+00 -8.277906810572279994e+01
6.949391095128565610e+01 8.369050199482981611e+01 1.011129441225546799e+02 4.965832242625467963e+00 2.071129289920354211e+02 4.559330761071223037e+01 4.061116444014376015e+01 6.002349042814308433e+01 -5.684597678533405087e+02 2.421864473914726545e+02 2.372242367318111178e+02 1.128310598094056303e+02 2.456046092784232826e+01 1.932614994167091709e+02 -6.452983358596142693e+00 1.079630797667045172e+01 2.703059425967350649e+02 8.051888297594541655e+01 1.400318941125556016e+01 1.488381240654125861e+02
-2.885906826115866863e+01 -3.826733527526827316e+01 -3.126191401182727247e+01 -1.717322240159909086e+01 7.151937412134118688e+01 -3.421691018476324331e+01 -4.598160424816269654e+01 -4.308598124301791188e+01 2.421864473914726830e+02 -3.796651574387436767e+01 4.103960255459654149e+01 1.785217936696055929e+01 -2.047447308185002157e+01 6.250651548498797183e+01 -2.456010488422906519e+02 -7.871426461951190845e+01 1.218278310387066767e+02 5.163093112836891763e+00 6.674595215574157692e+00 -1.126925307974824193e+02
-5.588386665895388461e+00 -9.025470714180706011e+00 -1.120907586629414254e+00 -1.027377331295986274e+01 8.628310009902203603e+01 -1.365332623391513778e+01 -2.229240948245170983e+01 -1.669346358639491257e+01 2.372242367318111178e+02 4.103960255459652728e+01 -1.458844402269512841e+02 3.321070778701555781e+01 -8.689419688812904496e+00 7.774864220249978075e+01 -1.617224104207492417e+02 -4.937499457077047538e+01 1.312242918485079031e+02 1.874891441727418240e+01 7.035477089366979797e+00 -4.521937532063111576e+01
-3.432284023682472984e+00 -5.264341631941282351e+00 -1.540288230455661989e+00 -5.110054409552831522e+00 4.048480193992190834e+01 -7.172045951857281665e+00 -1.137953596588414662e+01 -8.810824402074604933e+00 1.128310598094056303e+02 1.785217936696055929e+01 3.321070778701556492e+01 -1.867408076922913267e+02 -4.520973657172723037e+00 3.641552614081336259e+01 -7.961192541743299955e+01 -2.443083462224598890e+01 6.200824738281762905e+01 8.450120226542216173e+00 3.329297346217674924e+00 -2.373242421101593891e+01
-1.205848530031915011e+01 -1.533926794427284435e+01 -1.504867235289104954e+01 -4.377942867402753180e+00 7.182342938197829874e-01 -1.146761715190682196e+01 -1.382215891586947087e+01 -1.464089091760297379e+01 2.456046092784232826e+01 -2.047447308185002157e+01 -8.689419688812904496e+00 -4.520973657172723037e+00 3.303473206464092868e+02 -3.140441564866227608e-01 -5.665424997202035229e+01 -1.914658072632668606e+01 7.566168460796105499e+00 -4.989326594314007934e+00 4.765056253826711608e-01 -3.766664298615833673e+01
8.946559892963465543e+00 9.585888973946429914e+00 1.664619309285883020e+01 -4.472548131956172845e+00 7.995293284867982209e+01 6.995562678726994221e-01 -4.621561168811185283e+00 1.584175074801945193e+00 1.932614994167092277e+02 6.250651548498796473e+01 7.774864220249979496e+01 3.641552614081336259e+01 -3.140441564866178759e-01 -3.388250694733648061e+02 -8.482051957011941568e+01 -2.372130201558248785e+01 1.139843812999313997e+02 2.342390460694532806e+01 6.027858775941536074e+00 1.947985226968761197e+00
-1.133703729060770655e+02 -1.422009223522821060e+02 -1.476350987590055581e+02 -3.249467448695410354e+01 -8.358237746760052289e+01 -9.905102691618972699e+01 -1.132547929646460005e+02 -1.272356404334985598e+02 -6.452983358596085850e+00 -2.456010488422906519e+02 -1.617224104207492417e+02 -7.961192541743299955e+01 -5.665424997202034518e+01 -8.482051957011941568e+01 5.367306167688341247e+02 -1.374426846470713883e+02 -6.309845557893455492e+01 -6.904380597087777005e+01 -2.682328155362515787e+00 -3.249513456240595701e+02
-3.767124908914214387e+01 -4.736102336229510001e+01 -4.872150990046511509e+01 -1.126990852707973723e+01 -2.284828145606876149e+01 -3.339095238400516052e+01 -3.854313503924890938e+01 -4.284620216433707185e+01 1.079630797667045172e+01 -7.871426461951190845e+01 -4.937499457077047538e+01 -2.443083462224598179e+01 -1.914658072632668606e+01 -2.372130201558248785e+01 -1.374426846470713883e+02 7.150091778312147426e+02 -1.364854169064441791e+01 -2.173541996711292867e+01 -5.008238752813286565e-01 -1.095671879286471437e+02
2.848753113857254959e+01 3.345180058517176747e+01 4.406113980112696993e+01 -1.643707995540479416e+00 1.232575664800082365e+02 1.496874045463279757e+01 9.558101216954053569e+00 2.018367253539033257e+01 2.703059425967350649e+02 1.218278310387066767e+02 1.312242918485079315e+02 6.200824738281764326e+01 7.566168460796107276e+00 1.139843812999313997e+02 -6.309845557893456203e+01 -1.364854169064441791e+01 -4.701986515213666848e+02 4.240572087329112350e+01 8.781403746189361925e+00 4.862342544678106293e+01
-5.967444407521920624e+00 -8.171206712849205189e+00 -5.675378024894585316e+00 -4.662332917708060798e+00 2.637339983476736194e+01 -8.199264711218056334e+00 -1.164928885441874939e+01 -1.024474615350920459e+01 8.051888297594541655e+01 5.163093112836893539e+00 1.874891441727418240e+01 8.450120226542217949e+00 -4.989326594314009711e+00 2.342390460694532806e+01 -6.904380597087777005e+01 -2.173541996711292867e+01 4.240572087329112350e+01 -1.060936755331915577e+02 2.298669339948154366e+00 -2.704445351796015728e+01
1.644491937679135374e+00 1.944647416658976891e+00 2.502019610037417685e+00 -3.644923178092712712e-02 6.506070903961985508e+00 9.231986693774791863e-01 6.643569855988423756e-01 1.235363798105534539e+00 1.400318941125556016e+01 6.674595215574157692e+00 7.035477089366980685e+00 3.329297346217674924e+00 4.765056253826713828e-01 6.027858775941536074e+00 -2.682328155362515787e+00 -5.008238752813286565e-01 8.781403746189361925e+00 2.298669339948154366e+00 -6.935413781045363066e+02 3.003646557395672101e+00
-6.778919844932875094e+01 -8.632414922114043065e+01 -8.432009394591841556e+01 -2.500454259698957671e+01 8.135202280063445812e+00 -6.486504847386507322e+01 -7.846140875403959569e+01 -8.277906810572279994e+01 1.488381240654126145e+02 -1.126925307974824051e+02 -4.521937532063112286e+01 -2.373242421101593180e+01 -3.766664298615832962e+01 1.947985226968768302e+00 -3.249513456240596270e+02 -1.095671879286471153e+02 4.862342544678107714e+01 -2.704445351796015728e+01 3.003646557395672101e+00 1.019258452834260993e+02
