-9.840000000000000000e+02
-9.780000000000000000e+02
9.650000000000000000e+02
8.190000000000000000e+02
-8.060000000000000000e+02
-6.800000000000000000e+02
6.710000000000000000e+02
6.290000000000000000e+02
-4.580000000000000000e+02
3.950000000000000000e+02
-3.240000000000000000e+02
2.950000000000000000e+02
2.130000000000000000e+02
2.090000000000000000e+02
1.830000000000000000e+02
1.170000000000000000e+02
6.100000000000000000e+01
-2.800000000000000000e+01
-2.600000000000000000e+01
-2.200000000000000000e+01
