-3.389705491605377574e+02 2.418854826697015348e+00 1.991001075584848579e+01 4.943666053684270167e+01 7.123845657859337166e+01 3.422533395403129219e+01 1.655689487836176355e+01 7.827712250175842712e+00 5.654855943660979278e+01 4.023980922636658875e+01 -1.371470372648495228e+01 6.045134885832937499e+01 4.378992422673377405e+01 6.043178775589458951e+01 1.152358221073127886e+01 2.942950568200329897e+01 -2.050802786438762482e+01 4.745660071618608811e+00 3.120037972120044856e+01 6.036482973100287808e+00
2.418854826697015348e+00 5.761044960975513050e+02 -3.945131186646764831e+01 -1.312089860470433500e+01 1.732423274076321107e+01 -6.049270253271267883e+00 -1.935354121731525368e+01 -6.248574117687046403e+00 5.652541854294457213e-02 -2.094927250123239659e+01 -5.472518991541547706e+01 1.958176530496412227e+01 9.311599628497955194e+00 1.276109406795983503e+00 -4.142655772401149505e+01 1.035713350799244026e+01 -7.478876866083960806e+01 3.469176089447629785e-01 8.154753284027222549e+00 -1.384706413682477333e+01
1.991001075584848934e+01 -3.945131186646764831e+01 3.224476093040875639e+02 -1.708001506153869187e+01 8.956721715326624178e+01 -2.261981355088866330e+00 -5.286257037175176521e+01 -1.584897377954266950e+01 2.793849796187619461e+01 -4.626511532956197215e+01 -1.791931054486774144e+02 9.138606152310259745e+01 5.084147573515296159e+01 3.368820547450088299e+01 -1.248941580150715396e+02 4.708665904483765985e+01 -2.457561825542923657e+02 3.422973842186870730e+00 4.101544420552440329e+01 -4.067411193808925418e+01
4.943666053684270167e+01 -1.312089860470432789e+01 -1.708001506153870608e+01 6.924420274548745624e+01 1.549378582485994684e+02 5.484412607539712070e+01 4.137165741851070777e+00 5.911190747698440440e+00 1.043183693937278775e+02 4.561874146472811731e+01 -9.988575579094515433e+01 1.381305442287375058e+02 9.341615458035170150e+01 1.131392901707254879e+02 -3.523226742432551362e+01 6.836956069988592333e+01 -1.397602175526895678e+02 9.221059932466781461e+00 6.863158438092618496e+01 -7.749397288093017977e+00
7.123845657859337166e+01 1.732423274076321462e+01 8.956721715326624178e+01 1.549378582485994684e+02 -4.435432860871035246e+02 1.048517116423967508e+02 6.378523538688595806e+01 2.784917785461379580e+01 1.652481251459495866e+02 1.342799220779213272e+02 3.426218966117664522e+00 1.611306113902381298e+02 1.205951008709986922e+02 1.756291623027017010e+02 6.662405973832551354e+01 7.778782752508523402e+01 -4.773239371491828642e-01 1.359585007762413689e+01 8.471536443699312713e+01 2.865529662943953682e+01
3.422533395403129219e+01 -6.049270253271267883e+00 -2.261981355088891643e+00 5.484412607539711360e+01 1.048517116423967508e+02 -2.786850664159680946e+01 7.706955075368024488e+00 5.711353709264374245e+00 7.347028106108918166e+01 3.732270008747182999e+01 -5.680989876568841623e+01 9.245320280384360956e+01 6.349861564996930241e+01 7.938192895453202880e+01 -1.455970631610056287e+01 4.559630187260498246e+01 -7.992992376960391709e+01 6.409619078764446698e+00 4.632626674729352345e+01 -2.029819279876317495e+00
1.655689487836176355e+01 -1.935354121731525012e+01 -5.286257037175173679e+01 4.137165741851074330e+00 6.378523538688597228e+01 7.706955075368028041e+00 3.005114888407268268e+02 -6.001677890433890106e+00 2.877524163976477567e+01 -1.302173125475168192e+01 -9.429546366690446746e+01 6.191622939166491335e+01 3.707385568074553817e+01 3.269145349207657603e+01 -6.026908827504063737e+01 3.145795346164383588e+01 -1.297618748702296045e+02 2.960963022153722868e+00 2.884137182664493437e+01 -1.903708939603615491e+01
7.827712250175844488e+00 -6.248574117687046403e+00 -1.584897377954266240e+01 5.911190747698442216e+00 2.784917785461378870e+01 5.711353709264375134e+00 -6.001677890433892770e+00 2.317105345089237005e+02 1.479940633533992234e+01 -6.676121658526319447e-01 -3.278030886250997611e+01 2.623631538459402535e+01 1.640512435231202204e+01 1.646432309815697081e+01 -1.909320728510661169e+01 1.321233589149065502e+01 -4.525939016554464445e+01 1.424558672272940862e+00 1.249978146157440051e+01 -5.811428530210385190e+00
5.654855943660978568e+01 5.652541854294979018e-02 2.793849796187618750e+01 1.043183693937278491e+02 1.652481251459495866e+02 7.347028106108918166e+01 2.877524163976477212e+01 1.479940633533992234e+01 -1.124687859168816146e+02 8.068146994769097091e+01 -5.298238548778444823e+01 1.422363914875043065e+02 1.010262334117635419e+02 1.346523137310317111e+02 8.511392324111236363e+00 6.958437784616606336e+01 -7.632478133043173329e+01 1.067576443828570198e+01 7.260755460580746501e+01 7.693771935348280522e+00
4.023980922636658875e+01 -2.094927250123238949e+01 -4.626511532956198636e+01 4.561874146472810310e+01 1.342799220779213272e+02 3.732270008747182999e+01 -1.302173125475169257e+01 -6.676121658526301683e-01 8.068146994769097091e+01 1.507046026739954812e+02 -1.230713390769668649e+02 1.231804810020064735e+02 8.001086630185821491e+01 8.852179877961565069e+01 -6.195150225266039712e+01 6.152703951713534991e+01 -1.707074304422283149e+02 7.418266466587139618e+00 5.988382732342745385e+01 -1.759478111310227177e+01
-1.371470372648495228e+01 -5.472518991541547706e+01 -1.791931054486773576e+02 -9.988575579094512591e+01 3.426218966117660969e+00 -5.680989876568841623e+01 -9.429546366690446746e+01 -3.278030886250997611e+01 -5.298238548778444823e+01 -1.230713390769668649e+02 7.533253564329243090e+02 2.275882034700865120e+01 -3.333927887469196882e+00 -5.167617517567040153e+01 -1.793352512533723484e+02 1.443168151914318642e+01 -2.848854020650965140e+02 -3.054678543176752470e+00 3.807688417307470541e+00 -6.199960295990706527e+01
6.045134885832938210e+01 1.958176530496412937e+01 9.138606152310261166e+01 1.381305442287375058e+02 1.611306113902381298e+02 9.245320280384360956e+01 6.191622939166492046e+01 2.623631538459402535e+01 1.422363914875043065e+02 1.231804810020064735e+02 2.275882034700864054e+01 -7.263759461790949672e+02 1.004458935116226996e+02 1.507316338445954500e+02 7.235002231923002114e+01 6.321601416563686371e+01 2.666095223427169358e+01 1.157865825353199263e+01 6.997692273704245736e+01 2.968076119988848660e+01
4.378992422673378115e+01 9.311599628497956971e+00 5.084147573515296159e+01 9.341615458035171571e+01 1.205951008709987065e+02 6.349861564996930952e+01 3.707385568074554527e+01 1.640512435231202204e+01 1.010262334117635419e+02 8.001086630185821491e+01 -3.333927887469193774e+00 1.004458935116227281e+02 -4.953533045978078917e+02 1.074934175100291185e+02 3.661977151342909309e+01 4.858116887765105218e+01 -7.710476348845070049e+00 8.345921577880384135e+00 5.259769343024774457e+01 1.614419388493566743e+01
6.043178775589458951e+01 1.276109406795987056e+00 3.368820547450086877e+01 1.131392901707254879e+02 1.756291623027017010e+02 7.938192895453204301e+01 3.269145349207657603e+01 1.646432309815697081e+01 1.346523137310317111e+02 8.852179877961565069e+01 -5.167617517567042285e+01 1.507316338445953932e+02 1.074934175100290901e+02 -1.176784129955319429e+02 1.303487969181424333e+01 7.366711433968580991e+01 -7.482451431113847207e+01 1.141921977178852643e+01 7.711767031195674349e+01 9.558292451812206991e+00
1.152358221073127886e+01 -4.142655772401148795e+01 -1.248941580150715538e+02 -3.523226742432551362e+01 6.662405973832551354e+01 -1.455970631610056643e+01 -6.026908827504064448e+01 -1.909320728510661169e+01 8.511392324111222152e+00 -6.195150225266039712e+01 -1.793352512533723768e+02 7.235002231923000693e+01 3.661977151342909309e+01 1.303487969181423622e+01 4.064707170309497428e+02 3.789246731251971312e+01 -2.453438624113660183e+02 1.822971449042329883e+00 3.101732958051793787e+01 -4.397692385596293008e+01
2.942950568200329897e+01 1.035713350799244203e+01 4.708665904483764564e+01 6.836956069988592333e+01 7.778782752508523402e+01 4.559630187260498246e+01 3.145795346164383943e+01 1.321233589149065502e+01 6.958437784616606336e+01 6.152703951713535702e+01 1.443168151914317932e+01 6.321601416563685660e+01 4.858116887765105218e+01 7.366711433968580991e+01 3.789246731251972022e+01 -9.216961832805676522e+02 1.754957618180646506e+01 5.643845435875969763e+00 3.374421767839137232e+01 1.535530062876971513e+01
-2.050802786438762482e+01 -7.478876866083960806e+01 -2.457561825542923373e+02 -1.397602175526895962e+02 -4.773239371492110639e-01 -7.992992376960391709e+01 -1.297618748702295761e+02 -4.525939016554464445e+01 -7.632478133043173329e+01 -1.707074304422283149e+02 -2.848854020650965140e+02 2.666095223427170779e+01 -7.710476348845068273e+00 -7.482451431113847207e+01 -2.453438624113660183e+02 1.754957618180646506e+01 6.060610043023581284e+02 -4.507830099605869556e+00 2.936519674098426069e+00 -8.496838183828435831e+01
4.745660071618608811e+00 3.469176089447627565e-01 3.422973842186871174e+00 9.221059932466781461e+00 1.359585007762413689e+01 6.409619078764446698e+00 2.960963022153722424e+00 1.424558672272940418e+00 1.067576443828570198e+01 7.418266466587140506e+00 -3.054678543176756023e+00 1.157865825353199263e+01 8.345921577880384135e+00 1.141921977178852643e+01 1.822971449042329883e+00 5.643845435875968874e+00 -4.507830099605869556e+00 -3.291011587944117309e+02 5.959414496756543222e+00 1.021760486151475966e+00
3.120037972120044856e+01 8.154753284027226101e+00 4.101544420552441039e+01 6.863158438092618496e+01 8.471536443699312713e+01 4.632626674729352345e+01 2.884137182664493437e+01 1.249978146157440051e+01 7.260755460580746501e+01 5.988382732342745385e+01 3.807688417307470541e+00 6.997692273704244315e+01 5.259769343024774457e+01 7.711767031195674349e+01 3.101732958051793076e+01 3.374421767839137232e+01 2.936519674098426069e+00 5.959414496756543222e+00 -6.451191755711845417e+02 1.317364710128224203e+01
6.036482973100291360e+00 -1.384706413682476800e+01 -4.067411193808925418e+01 -7.749397288093010872e+00 2.865529662943954037e+01 -2.029819279876317495e+00 -1.903708939603615491e+01 -5.811428530210385190e+00 7.693771935348291180e+00 -1.759478111310227888e+01 -6.199960295990705816e+01 2.968076119988848660e+01 1.614419388493566743e+01 9.558292451812214097e+00 -4.397692385596292297e+01 1.535530062876971513e+01 -8.496838183828435831e+01 1.021760486151475522e+00 1.317364710128223848e+01 4.505952972877141747e+02
