-1.400174107535537189e+02 -1.104331113930020614e+01 4.011053318554262670e-02 1.632840669117027854e+00 9.900239974428315382e-02 -5.172771708192889228e-01 2.339812457528751111e+00 -1.057315232339503863e+00 1.560269311511421231e+00 2.013378692181784668e+00 3.433510602208775329e-03 6.227197632199779953e+00 6.108287687459442061e+00 -6.913870483193621297e+00 -1.885484140828382893e+00 1.526863654698038086e+00 -3.331272396367567001e+00 1.122647464449853194e+00 -4.059360093590702045e-01 1.821320465758197171e-01
-1.104331113930020791e+01 5.053143322557684201e+02 -2.489036188825863150e+01 -1.424350408797347995e+02 -1.848377123582536585e+00 -2.700112020135335911e+02 -7.093200815926032021e+01 -9.155676602442657952e+01 -2.110307080520321321e+01 -7.427816617598551829e+01 -3.651357922288141378e+00 -5.381100713125977109e+01 -1.174591893070700337e+02 -3.087202220039513918e+02 -2.621564440452307281e+02 -1.982590488126117805e+02 -1.427147027320724533e+02 -2.091991101872527565e+02 -8.654567562655945778e+01 -3.466106148584837854e+01
4.011053318554262670e-02 -2.489036188825862794e+01 -2.097065217825904426e+02 5.270687139701890622e+00 2.675319207192925486e-01 7.463430682865894727e-01 6.531724475700800170e+00 -2.003866071081046307e+00 4.154737052688161292e+00 5.721989973606894431e+00 3.678111850874020428e-02 1.634881398826580678e+01 1.653248605467295107e+01 -1.532664364076329733e+01 -2.815307658523572787e+00 5.427469841020105434e+00 -7.431016537133486644e+00 4.476900487251717742e+00 -3.753162017265592176e-01 7.318409604522363443e-01
1.632840669117027854e+00 -1.424350408797347711e+02 5.270687139701890622e+00 -3.217121572857780052e+02 2.315998537557137915e+00 3.808774454982979307e+01 5.962585908333721818e+01 -4.761122005367982801e+00 3.505939965810956238e+01 5.368367663652949773e+01 7.240801711899328419e-01 1.344677897770487505e+02 1.435066200258794709e+02 -8.317183247900680954e+01 9.255334545406924462e+00 6.618178129778658558e+01 -4.115712325753149514e+01 6.004339569197064463e+01 7.395121061704797327e+00 9.870631206365889199e+00
9.900239974428315382e-02 -1.848377123582536585e+00 2.675319207192925486e-01 2.315998537557137915e+00 -7.399264146471585946e+02 2.369396128752371045e+00 2.007413671661115728e+00 3.100606904631467708e-01 1.080655822032897451e+00 1.857747296069625298e+00 3.787537107566265465e-02 4.013530807468706385e+00 4.573747043618380026e+00 -8.278631835345512391e-01 1.526639934175458402e+00 2.806405896431578562e+00 -4.583037036761513638e-01 2.688002421422091892e+00 6.251157120567450987e-01 4.431936592877908643e-01
-5.172771708192888118e-01 -2.700112020135335911e+02 7.463430682865892507e-01 3.808774454982980728e+01 2.369396128752371045e+00 -1.468544357805253924e+02 5.575696758228421857e+01 -2.628920959637828147e+01 3.741250625941846408e+01 4.786098773632221537e+01 5.043217911113970914e-02 1.495863241480530235e+02 1.461576655146353403e+02 -1.693414856820580781e+02 -4.775586552608143620e+01 3.503997305633247095e+01 -8.153948878587631555e+01 2.520240617239426228e+01 -1.054799097649845230e+01 4.082311034019502571e+00
2.339812457528751111e+00 -7.093200815926030600e+01 6.531724475700801946e+00 5.962585908333723239e+01 2.007413671661115728e+00 5.575696758228421857e+01 -5.561028071893838387e+02 4.924466360919448782e+00 2.973525549706514681e+01 4.951451320446783200e+01 9.193366765553793174e-01 1.114724117000439350e+02 1.246636353628992566e+02 -3.648571237945651546e+01 3.220481720745943477e+01 7.116879976545369857e+01 -1.900905705651259581e+01 6.735173324417178264e+01 1.406446393042674359e+01 1.109773458374861654e+01
-1.057315232339503863e+00 -9.155676602442657952e+01 -2.003866071081045863e+00 -4.761122005367991683e+00 3.100606904631469929e-01 -2.628920959637828147e+01 4.924466360919447006e+00 1.418713128366395040e+02 5.594596888950695401e+00 3.069375723256007937e+00 -3.056732181380281133e-01 2.501135488235475535e+01 1.882880595342914276e+01 -6.027111320279720275e+01 -3.213461141046597191e+01 -1.019170927070950228e+01 -2.850782636352090194e+01 -1.308834636766950865e+01 -9.573916533158564945e+00 -2.187046200609817692e+00
1.560269311511421231e+00 -2.110307080520320611e+01 4.154737052688163068e+00 3.505939965810956238e+01 1.080655822032897451e+00 3.741250625941845698e+01 2.973525549706515392e+01 5.594596888950697178e+00 -8.102048529976574400e+02 2.762560576373340027e+01 5.897849859838680819e-01 5.835749930112749695e+01 6.720085585227512581e+01 -8.062375588833377904e+00 2.520148052667935445e+01 4.280211095649683983e+01 -4.813708914060878641e+00 4.123620183502502101e+01 1.006077655114780001e+01 6.801056763163702001e+00
2.013378692181784224e+00 -7.427816617598551829e+01 5.721989973606893543e+00 5.368367663652949773e+01 1.857747296069625742e+00 4.786098773632220826e+01 4.951451320446781779e+01 3.069375723256004385e+00 2.762560576373339316e+01 -5.146676211345954925e+02 8.028355262597135500e-01 1.039962955045648414e+02 1.153234250004325645e+02 -3.961847381252979261e+01 2.582831553701289451e+01 6.359324407051437333e+01 -2.033125812878374461e+01 5.981361431631051317e+01 1.175750297032982239e+01 9.852396261095417884e+00
3.433510602208768390e-03 -3.651357922288141378e+00 3.678111850874021815e-02 7.240801711899328419e-01 3.787537107566266159e-02 5.043217911113965363e-02 9.193366765553790954e-01 -3.056732181380282243e-01 5.897849859838679709e-01 8.028355262597135500e-01 -1.959955012010963173e+02 2.326888238526018782e+00 2.339883385410374217e+00 -2.256302061148967031e+00 -4.572958195632184641e-01 7.348613343089592798e-01 -1.092499708116020818e+00 5.966352734665694157e-01 -7.172281196913816992e-02 9.743565136864838772e-02
6.227197632199779953e+00 -5.381100713125974266e+01 1.634881398826581034e+01 1.344677897770487505e+02 4.013530807468706385e+00 1.495863241480530235e+02 1.114724117000439350e+02 2.501135488235475179e+01 5.835749930112749695e+01 1.039962955045648414e+02 2.326888238526018782e+00 -7.216368995882387480e+02 2.497124060554252480e+02 -1.329176426485618023e+01 1.049076797677170845e+02 1.654225498338020088e+02 -1.008431244309196373e+01 1.603099402092227308e+02 4.094549652497897796e+01 2.644795980821465520e+01
6.108287687459440285e+00 -1.174591893070700337e+02 1.653248605467295107e+01 1.435066200258794709e+02 4.573747043618379138e+00 1.461576655146353403e+02 1.246636353628992566e+02 1.882880595342914276e+01 6.720085585227512581e+01 1.153234250004325929e+02 2.339883385410374217e+00 2.497124060554252480e+02 -4.477292886570917290e+02 -5.319988043579257919e+01 9.370514123332183942e+01 1.737580279254070774e+02 -2.930219926067370650e+01 1.663249592820118039e+02 3.847964905016904424e+01 2.742250837113564188e+01
-6.913870483193621297e+00 -3.087202220039514486e+02 -1.532664364076329555e+01 -8.317183247900679532e+01 -8.278631835345507950e-01 -1.693414856820580496e+02 -3.648571237945651546e+01 -6.027111320279720275e+01 -8.062375588833377904e+00 -3.961847381252979261e+01 -2.256302061148966587e+00 -1.329176426485617846e+01 -5.319988043579257919e+01 5.089503563100435031e+02 -1.688853073972733227e+02 -1.181795481163978820e+02 -9.938724345455295861e+01 -1.262792818722608530e+02 -5.505439693805247714e+01 -2.093504336269346666e+01
-1.885484140828383115e+00 -2.621564440452307281e+02 -2.815307658523571899e+00 9.255334545406929792e+00 1.526639934175458402e+00 -4.775586552608142910e+01 3.220481720745942766e+01 -3.213461141046597191e+01 2.520148052667934735e+01 2.582831553701291583e+01 -4.572958195632185197e-01 1.049076797677170845e+02 9.370514123332183942e+01 -1.688853073972733227e+02 -6.237006879370570545e+01 -6.005414466043439425e-01 -8.051478515369065292e+01 -9.463159389750718020e+00 -1.964764342357313609e+01 -1.637912352080908462e+00
1.526863654698038086e+00 -1.982590488126117805e+02 5.427469841020106323e+00 6.618178129778654295e+01 2.806405896431578562e+00 3.503997305633245674e+01 7.116879976545369857e+01 -1.019170927070950761e+01 4.280211095649683983e+01 6.359324407051438044e+01 7.348613343089591687e-01 1.654225498338019804e+02 1.737580279254071058e+02 -1.181795481163979105e+02 -6.005414466043510480e-01 -2.485495689497783758e+02 -5.801422520186302734e+01 6.527767568763607642e+01 5.220941500657671597e+00 1.071855868939735501e+01
-3.331272396367567001e+00 -1.427147027320724533e+02 -7.431016537133486644e+00 -4.115712325753148804e+01 -4.583037036761512528e-01 -8.153948878587632976e+01 -1.900905705651259581e+01 -2.850782636352090194e+01 -4.813708914060878641e+00 -2.033125812878374461e+01 -1.092499708116020818e+00 -1.008431244309196906e+01 -2.930219926067370650e+01 -9.938724345455294440e+01 -8.051478515369063871e+01 -5.801422520186302734e+01 7.489237916788796383e+02 -6.169126714985446114e+01 -2.636944260145376262e+01 -1.022506282419375623e+01
1.122647464449853194e+00 -2.091991101872527281e+02 4.476900487251721295e+00 6.004339569197064463e+01 2.688002421422091892e+00 2.520240617239426228e+01 6.735173324417178264e+01 -1.308834636766950865e+01 4.123620183502502101e+01 5.981361431631052028e+01 5.966352734665695268e-01 1.603099402092227592e+02 1.663249592820118323e+02 -1.262792818722608814e+02 -9.463159389750718020e+00 6.527767568763607642e+01 -6.169126714985447535e+01 -2.251028320836821308e+02 2.187314546663204684e+00 9.331966634761529988e+00
-4.059360093590704266e-01 -8.654567562655945778e+01 -3.753162017265596617e-01 7.395121061704797327e+00 6.251157120567449876e-01 -1.054799097649845585e+01 1.406446393042674359e+01 -9.573916533158564945e+00 1.006077655114779645e+01 1.175750297032981884e+01 -7.172281196913816992e-02 4.094549652497897796e+01 3.847964905016905135e+01 -5.505439693805247714e+01 -1.964764342357313609e+01 5.220941500657674261e+00 -2.636944260145376262e+01 2.187314546663196690e+00 -6.701389011713099819e+01 3.360647793281348328e-01
1.821320465758195506e-01 -3.466106148584837854e+01 7.318409604522362333e-01 9.870631206365887422e+00 4.431936592877907533e-01 4.082311034019502571e+00 1.109773458374861477e+01 -2.187046200609818136e+00 6.801056763163702001e+00 9.852396261095417884e+00 9.743565136864841547e-02 2.644795980821465164e+01 2.742250837113564188e+01 -2.093504336269346666e+01 -1.637912352080906686e+00 1.071855868939735856e+01 -1.022506282419375800e+01 9.331966634761528212e+00 3.360647793281348328e-01 -2.784695221193645693e+02
