9.930000000000000000e+02
9.630000000000000000e+02
-9.520000000000000000e+02
-8.580000000000000000e+02
-6.820000000000000000e+02
-6.380000000000000000e+02
5.890000000000000000e+02
-5.700000000000000000e+02
5.390000000000000000e+02
4.650000000000000000e+02
4.370000000000000000e+02
-3.640000000000000000e+02
-3.300000000000000000e+02
3.230000000000000000e+02
-2.620000000000000000e+02
-2.380000000000000000e+02
2.330000000000000000e+02
1.330000000000000000e+02
-6.800000000000000000e+01
-4.000000000000000000e+00
