3.828451234861141188e+02 2.307316818234536981e+01 -4.391702960003393486e+01 -4.133417345492220818e+01 4.808804749812738066e+01 -1.604570768672265046e+01 -1.334459113273714195e+02 -9.627440179311455015e-01 -1.783512707913327944e+01 1.051783725286219067e+02 5.481330945719099645e+01 2.629168798628569448e+01 -8.676786254484157723e+01 1.940343629312777978e+02 3.824988480074877373e+01 -6.762865413812350823e+01 5.518359712100413539e-01 5.592565822997447533e+00 7.614512104444651541e+00 -6.295274133185598942e+01
2.307316818234537692e+01 1.856465703846158988e+02 6.412824998315102221e+00 -4.142334101832574333e-01 4.963964921154175158e+01 -2.134330359260769416e+00 -4.413525269787135130e+01 -3.445476785400695130e-01 -1.961095949449446429e+00 7.349487672533962268e+01 5.607001579477379494e+01 2.123239299193109986e+01 -2.136182595117982430e+01 1.414115278464596770e+02 2.691160255206747109e+01 -1.907023867354965319e+01 6.011186961461012501e-01 1.559034715905974089e+01 5.728412142846185162e+00 -4.874586161785884997e+00
-4.391702960003396328e+01 6.412824998315105773e+00 4.529732443539418227e+02 -6.351448608389264905e+01 2.695504122259754354e+01 -2.277159544958884396e+01 -1.641893248972358776e+02 -1.159587995704367325e+00 -2.570376749418308293e+01 9.244907344118821868e+01 3.121355896093850646e+01 2.037821526816239981e+01 -1.137615893988914593e+02 1.649871143672371545e+02 3.344501526402581959e+01 -8.635704400514882195e+01 2.792678712973964972e-01 -6.239100843898485849e+00 6.303707722762267096e+00 -9.268175106517003314e+01
-4.133417345492220818e+01 -4.142334101832556570e-01 -6.351448608389263484e+01 5.276268137745322520e+02 1.327205091166750961e+01 -1.875913436073671647e+01 -1.298076903269874833e+02 -9.105401282570870780e-01 -2.125960313655261302e+01 6.386638761345564319e+01 1.563658535731804555e+01 1.312365818980809173e+01 -9.168753424161195653e+01 1.120340131023989301e+02 2.304338813356778459e+01 -6.905927780948188399e+01 1.210414743894105277e-01 -8.206793380785349257e+00 4.218801303258571167e+00 -7.707365914847078159e+01
4.808804749812738066e+01 4.963964921154174448e+01 2.695504122259753998e+01 1.327205091166750961e+01 1.177615720920564115e+02 1.450512489379102821e+00 -3.742515952600503937e+01 -3.190221251987664375e-01 2.383640773042800198e+00 1.021010679955584521e+02 8.653679025172597505e+01 3.088809894952696666e+01 -1.057572164758811439e+01 1.992871773184640176e+02 3.747580295697343189e+01 -1.278272153016462198e+01 9.399199872132455447e-01 2.734103940488257223e+01 8.156358183237975013e+00 1.225393171466362219e+01
-1.604570768672265046e+01 -2.134330359260768972e+00 -2.277159544958885107e+01 -1.875913436073671647e+01 1.450512489379107262e+00 6.445357469092775773e+02 -4.282526932228046235e+01 -2.981308162581546850e-01 -7.355595360457740206e+00 1.771057178543651744e+01 1.865528638053134181e+00 3.241512731418773718e+00 -3.088561262557859521e+01 3.025752442485740801e+01 6.364506208078184457e+00 -2.306973013598669908e+01 3.599404195820811447e-03 -3.900177696357639778e+00 1.113218160636532117e+00 -2.681168762359595092e+01
-1.334459113273714479e+02 -4.413525269787136551e+01 -1.641893248972359061e+02 -1.298076903269874265e+02 -3.742515952600503226e+01 -4.282526932228046235e+01 6.619835496379515689e+02 -1.739628757170381013e+00 -4.917766941251346680e+01 5.260960879071370044e+01 -4.069687970965438240e+01 2.184623959782257430e+00 -1.939338558730783006e+02 7.471639054783179290e+01 1.842719321163182400e+01 -1.418776094276502135e+02 -5.501397443368719609e-01 -4.198660429581541109e+01 2.245980631995828425e+00 -1.814316543290255765e+02
-9.627440179311455015e-01 -3.445476785400695130e-01 -1.159587995704367325e+00 -9.105401282570870780e-01 -3.190221251987663265e-01 -2.981308162581546295e-01 -1.739628757170381457e+00 9.929881822546323065e+02 -3.429096552072652959e-01 2.857678756770379302e-01 -3.492853407148498457e-01 -8.777665460850840595e-03 -1.336801200317203175e+00 3.637963393771600495e-01 9.876637769049372018e-02 -9.740645229649425030e-01 -4.543545158160758324e-03 -3.123715675841412520e-01 9.257943896127440730e-03 -1.267780315245266687e+00
-1.783512707913327944e+01 -1.961095949449449094e+00 -2.570376749418308293e+01 -2.125960313655261302e+01 2.383640773042804195e+00 -7.355595360457740206e+00 -4.917766941251345969e+01 -3.429096552072651849e-01 6.266371292428229935e+02 2.116145056070023855e+01 2.949733427734451574e+00 3.989150290396409559e+00 -3.531085326225768029e+01 3.638951948248185175e+01 7.612082248576559351e+00 -2.642156518711280455e+01 1.304231060613677412e-02 -4.186266832455482145e+00 1.346662419134614153e+00 -3.044937289397612190e+01
1.051783725286219067e+02 7.349487672533962268e+01 9.244907344118820447e+01 6.386638761345564319e+01 1.021010679955584521e+02 1.771057178543651744e+01 5.260960879071367913e+01 2.857678756770379302e-01 2.116145056070023855e+01 -5.985588972519776689e+02 1.145432891933228348e+02 3.462324922870945443e+01 6.053029095285742756e+01 2.006717698964920942e+02 3.609621755289851563e+01 3.849294763755012383e+01 1.284620665246231974e+00 4.710379494581943050e+01 8.517269853761003873e+00 8.204117348207475402e+01
5.481330945719098935e+01 5.607001579477378783e+01 3.121355896093849935e+01 1.563658535731806332e+01 8.653679025172597505e+01 1.865528638053135957e+00 -4.069687970965438240e+01 -3.492853407148496236e-01 2.949733427734450686e+00 1.145432891933228348e+02 1.325486653650949052e+02 3.472725982342126372e+01 -1.083387068480234561e+01 2.237256146783900306e+02 4.204750023001037817e+01 -1.360067973292585464e+01 1.060116693949547440e+00 3.097948234348504926e+01 9.161006198831623593e+00 1.477380605263684288e+01
2.629168798628568737e+01 2.123239299193109986e+01 2.037821526816239270e+01 1.312365818980809173e+01 3.088809894952696666e+01 3.241512731418772830e+00 2.184623959782257430e+00 -8.777665460850785084e-03 3.989150290396407783e+00 3.462324922870946153e+01 3.472725982342126372e+01 -2.206591170279868379e+02 8.307917272794270502e+00 6.934485082711623249e+01 1.276404881557718696e+01 4.202759649864960423e+00 3.840126374153861044e-01 1.281011672210601304e+01 2.889362621746255577e+00 1.600300687942764810e+01
-8.676786254484161987e+01 -2.136182595117983141e+01 -1.137615893988914877e+02 -9.168753424161195653e+01 -1.057572164758811439e+01 -3.088561262557859521e+01 -1.939338558730783291e+02 -1.336801200317203175e+00 -3.531085326225768029e+01 6.053029095285744177e+01 -1.083387068480236337e+01 8.307917272794268726e+00 6.194069240994881511e+02 9.776857331832091802e+01 2.157411507960617669e+01 -1.061465823296677087e+02 -1.964375818649907735e-01 -2.464498130826885713e+01 3.409853788908870698e+00 -1.295203482753004494e+02
1.940343629312777978e+02 1.414115278464596486e+02 1.649871143672371261e+02 1.120340131023989159e+02 1.992871773184639892e+02 3.025752442485740801e+01 7.471639054783177869e+01 3.637963393771602716e-01 3.638951948248184465e+01 2.006717698964920942e+02 2.237256146783900306e+02 6.934485082711623249e+01 9.776857331832090381e+01 -9.672347399701391168e+01 7.421116959968961169e+01 5.997288879877403645e+01 2.497997401683437424e+00 8.900692003475745651e+01 1.726146033632329591e+01 1.421738196331394306e+02
3.824988480074877373e+01 2.691160255206746754e+01 3.344501526402581959e+01 2.304338813356778459e+01 3.747580295697343189e+01 6.364506208078184457e+00 1.842719321163182400e+01 9.876637769049370630e-02 7.612082248576559351e+00 3.609621755289852274e+01 4.204750023001037817e+01 1.276404881557718696e+01 2.157411507960617669e+01 7.421116959968961169e+01 -6.466324432661961055e+02 1.365011923218827228e+01 4.712181735362847013e-01 1.719667213176371234e+01 3.146337392197791072e+00 2.954596322979693568e+01
-6.762865413812350823e+01 -1.907023867354966740e+01 -8.635704400514882195e+01 -6.905927780948188399e+01 -1.278272153016460599e+01 -2.306973013598670974e+01 -1.418776094276502135e+02 -9.740645229649422809e-01 -2.642156518711280455e+01 3.849294763755012383e+01 -1.360067973292586885e+01 4.202759649864960423e+00 -1.061465823296677087e+02 5.997288879877402223e+01 1.365011923218827405e+01 7.388524475884586309e+02 -2.063201430240956535e-01 -2.008489732647907644e+01 2.014449763417458961e+00 -9.713919851944788775e+01
5.518359712100412429e-01 6.011186961461012501e-01 2.792678712973964417e-01 1.210414743894105555e-01 9.399199872132456557e-01 3.599404195820755936e-03 -5.501397443368719609e-01 -4.543545158160758324e-03 1.304231060613680188e-02 1.284620665246232196e+00 1.060116693949547440e+00 3.840126374153861044e-01 -1.964375818649907735e-01 2.497997401683437424e+00 4.712181735362847568e-01 -2.063201430240955425e-01 7.301147811466788085e+01 3.251466049397399027e-01 1.019641730447299471e-01 9.105016984146752090e-02
5.592565822997445757e+00 1.559034715905973201e+01 -6.239100843898487625e+00 -8.206793380785356362e+00 2.734103940488257223e+01 -3.900177696357641111e+00 -4.198660429581538267e+01 -3.123715675841411965e-01 -4.186266832455482145e+00 4.710379494581943050e+01 3.097948234348504926e+01 1.281011672210601127e+01 -2.464498130826885713e+01 8.900692003475745651e+01 1.719667213176371234e+01 -2.008489732647907644e+01 3.251466049397399027e-01 2.797332322278233505e+02 3.557693996084126287e+00 -1.403516699624994146e+01
7.614512104444651541e+00 5.728412142846184274e+00 6.303707722762267096e+00 4.218801303258570279e+00 8.156358183237975013e+00 1.113218160636531673e+00 2.245980631995829313e+00 9.257943896127451139e-03 1.346662419134614153e+00 8.517269853761003873e+00 9.161006198831623593e+00 2.889362621746255577e+00 3.409853788908870698e+00 1.726146033632329591e+01 3.146337392197791072e+00 2.014449763417458072e+00 1.019641730447299471e-01 3.557693996084126731e+00 -3.992750386154104945e+02 5.297480319462866127e+00
-6.295274133185598942e+01 -4.874586161785899208e+00 -9.268175106517000472e+01 -7.707365914847078159e+01 1.225393171466362219e+01 -2.681168762359595448e+01 -1.814316543290255765e+02 -1.267780315245266909e+00 -3.044937289397611835e+01 8.204117348207475402e+01 1.477380605263684288e+01 1.600300687942764100e+01 -1.295203482753004494e+02 1.421738196331394306e+02 2.954596322979693568e+01 -9.713919851944788775e+01 9.105016984146752090e-02 -1.403516699624993791e+01 5.297480319462866127e+00 5.042982906271066099e+02
