-8.488056581259262146e+01 -5.770040778985132235e+00 -6.362755310369391459e+00 -7.552619319754457550e+00 7.420798447631372641e-01 1.644410433607695676e+00 -1.402849655187540456e+00 -5.119472063230473546e-01 -1.403291127506513858e+00 -2.465130457605727443e+01 4.491132391522347778e-01 7.504638312671010780e+00 -3.289948758326292633e-01 5.614079587584377862e+00 -2.995158895499119289e+00 -8.320166606136799814e+00 -7.723745339090680728e-01 7.925297036488576641e-01 -3.855909608594568549e+00 -3.644878964972941837e+00
-5.770040778985132235e+00 -2.505314116042801516e+02 -4.863079236204856670e+01 -6.991086694707246352e+01 2.724930704353024780e+01 2.764708138150828631e+01 1.703967138691597683e+01 -3.833185800880087868e+00 -1.066542008105612815e+01 -2.290817499076651416e+02 6.575521001798988685e+00 1.068042480064933812e+02 -3.097691167735221907e+00 8.129426346555375460e+01 -1.190257453204855764e+00 -5.382736792910178991e+01 2.813555546954083297e+01 2.651324926271022520e+01 -2.730069731389656340e+01 -6.194020286353563165e+00
-6.362755310369390571e+00 -4.863079236204856670e+01 2.264946793840878314e+01 -4.390286598206736812e+01 -6.335477359235271777e+00 3.066196497451101788e+00 -2.384349552667684691e+01 -3.449140649643196888e+00 -9.371659052889127040e+00 -1.428277710772002536e+02 1.347047570652409432e+00 2.411425675448951012e+01 -1.885071930791722750e+00 1.730998149196161506e+01 -3.127550725201584925e+01 -6.048098134534181725e+01 -2.292699649979390131e+01 -5.413596313250641501e+00 -2.679891898550436835e+01 -3.558022994363913938e+01
-7.552619319754457550e+00 -6.991086694707246352e+01 -4.390286598206736812e+01 7.576291495787672829e+02 -2.806620504831962393e+01 -1.184495451486021622e+01 -5.237745760855106170e+01 -3.654922159161850814e+00 -9.774941847715577836e+00 -1.075412039722585860e+02 -1.734992614298708213e+00 -2.426668541675551083e+01 -1.373134556824144425e+00 -2.030052195009776028e+01 -5.404424180338165939e+01 -7.242609948687005783e+01 -5.768150402620863559e+01 -2.599299447015478748e+01 -2.994343994202706938e+01 -5.846896408369446618e+01
7.420798447631373751e-01 2.724930704353024780e+01 -6.335477359235271777e+00 -2.806620504831961682e+01 -4.848803714922557901e+02 2.706086752174972077e+01 4.541064037578092893e+01 -3.754638691408835327e-01 -1.296129357206500243e+00 -9.311848189303441359e+01 5.746308956504269538e+00 9.084062228615860590e+01 -1.310835423476309103e+00 7.030989368185854005e+01 3.360798731039471932e+01 8.178037130521065734e+00 5.662194638619224207e+01 3.527871345002178316e+01 -1.803696306266200367e-01 3.289710698250762988e+01
1.644410433607695232e+00 2.764708138150828987e+01 3.066196497451101344e+00 -1.184495451486021622e+01 2.706086752174972077e+01 -6.796319158660949142e+02 3.595266006089462252e+01 3.479132021827111565e-01 7.524714454474318304e-01 -3.980078983541656612e+01 3.777275971298116541e+00 5.921425810160094727e+01 -5.824889666711734471e-01 4.607097126756036687e+01 2.901978127015267006e+01 1.641651903876341123e+01 4.362515567550270390e+01 2.561128457808520764e+01 4.615779617638250620e+00 2.928468689942998537e+01
-1.402849655187538902e+00 1.703967138691601946e+01 -2.384349552667684691e+01 -5.237745760855106170e+01 4.541064037578092893e+01 3.595266006089461541e+01 -3.504094339628325088e+02 -1.761092189863842750e+00 -5.140109037814324822e+00 -1.727286998283813944e+02 7.892331052533274161e+00 1.258107413528634737e+02 -2.385003050204570929e+00 9.687468198835655642e+01 3.165145849845591641e+01 -1.188832431528729749e+01 6.435463418751319864e+01 4.338370487384809593e+01 -1.016194482873422800e+01 2.914179793592501611e+01
-5.119472063230474657e-01 -3.833185800880087868e+00 -3.449140649643197332e+00 -3.654922159161850814e+00 -3.754638691408828666e-01 3.479132021827112675e-01 -1.761092189863842972e+00 3.671961142314027882e+01 -7.628623313633595693e-01 -1.189712681255812399e+01 1.301741091764171965e-01 2.285924868577355884e+00 -1.573229410802031158e-01 1.659740706397906163e+00 -2.405837186705237052e+00 -4.862149223915799290e+00 -1.645572964235324953e+00 -3.076876487896360590e-01 -2.168443370456970332e+00 -2.756672300301109768e+00
-1.403291127506513858e+00 -1.066542008105612815e+01 -9.371659052889127040e+00 -9.774941847715577836e+00 -1.296129357206500243e+00 7.524714454474337177e-01 -5.140109037814324822e+00 -7.628623313633593472e-01 5.492645976769581750e+01 -3.180553815020249431e+01 3.135009257779277081e-01 5.578718268172861983e+00 -4.200039220490772718e-01 4.018765114634718749e+00 -6.814445786739002919e+00 -1.333581651868017914e+01 -4.906510433157024842e+00 -1.097629791426282253e+00 -5.919631314083522611e+00 -7.767214728083055242e+00
-2.465130457605727443e+01 -2.290817499076651416e+02 -1.428277710772002536e+02 -1.075412039722585860e+02 -9.311848189303441359e+01 -3.980078983541656612e+01 -1.727286998283813944e+02 -1.189712681255812399e+01 -3.180553815020249431e+01 4.845543249875212837e+02 -5.908269078516800832e+00 -8.309740309378901202e+01 -4.418212409041967881e+00 -6.926580675087026862e+01 -1.776424229363793472e+02 -2.364412468640786074e+02 -1.905111973951170512e+02 -8.627960189980336736e+01 -9.759622593690255599e+01 -1.920340443074997552e+02
4.491132391522346667e-01 6.575521001798982468e+00 1.347047570652409432e+00 -1.734992614298708213e+00 5.746308956504270427e+00 3.777275971298116541e+00 7.892331052533270608e+00 1.301741091764171965e-01 3.135009257779274860e-01 -5.908269078516802608e+00 -8.172352053531701586e+02 1.193915631430845004e+01 -8.989884982302367988e-02 9.313392510953457659e+00 6.571520414318853476e+00 4.432783343388788211e+00 9.476218806618811996e+00 5.428756177831439267e+00 1.410066342227792813e+00 6.698695177347364194e+00
7.504638312671010780e+00 1.068042480064933812e+02 2.411425675448951012e+01 -2.426668541675550728e+01 9.084062228615860590e+01 5.921425810160094727e+01 1.258107413528634737e+02 2.285924868577355884e+00 5.578718268172860206e+00 -8.309740309378902623e+01 1.193915631430845181e+01 -6.698315415937919397e+02 -1.284272016074279543e+00 1.453282097251268965e+02 1.055439124408672313e+02 7.391131762264255656e+01 1.506659438176662604e+02 8.578113560478659849e+01 2.403274098571011663e+01 1.078416795829769654e+02
-3.289948758326293188e-01 -3.097691167735221907e+00 -1.885071930791722750e+00 -1.373134556824144203e+00 -1.310835423476309103e+00 -5.824889666711734471e-01 -2.385003050204570929e+00 -1.573229410802031158e-01 -4.200039220490773273e-01 -4.418212409041967881e+00 -8.989884982302363825e-02 -1.284272016074279321e+00 9.869438992703416034e+02 -1.059770806863108650e+00 -2.426872182184599325e+00 -3.157634939868343427e+00 -2.643507691136461446e+00 -1.216320312117006974e+00 -1.296327021931408696e+00 -2.616672081351361978e+00
5.614079587584377862e+00 8.129426346555375460e+01 1.730998149196161506e+01 -2.030052195009776028e+01 7.030989368185856847e+01 4.607097126756036687e+01 9.687468198835655642e+01 1.659740706397906163e+00 4.018765114634718749e+00 -6.926580675087026862e+01 9.313392510953457659e+00 1.453282097251268965e+02 -1.059770806863108872e+00 -7.186032342680817919e+02 8.089377201104582582e+01 5.536440817091046540e+01 1.162006471110627501e+02 6.641284076245275969e+01 1.776456291033629498e+01 8.253421546011225018e+01
-2.995158895499119289e+00 -1.190257453204861093e+00 -3.127550725201584925e+01 -5.404424180338167361e+01 3.360798731039472642e+01 2.901978127015267006e+01 3.165145849845591641e+01 -2.405837186705237940e+00 -6.814445786739003807e+00 -1.776424229363793472e+02 6.571520414318857028e+00 1.055439124408672598e+02 -2.426872182184599325e+00 8.089377201104582582e+01 -3.025894573753378154e+02 -2.733969835397067882e+01 4.346628074399907149e+01 3.229856442487754009e+01 -1.594007208152621402e+01 1.216424582919400876e+01
-8.320166606136799814e+00 -5.382736792910180412e+01 -6.048098134534181725e+01 -7.242609948687004362e+01 8.178037130521065734e+00 1.641651903876341123e+01 -1.188832431528730460e+01 -4.862149223915799290e+00 -1.333581651868017914e+01 -2.364412468640786074e+02 4.432783343388788211e+00 7.391131762264255656e+01 -3.157634939868343427e+00 5.536440817091049382e+01 -2.733969835397068238e+01 -1.705783791476719671e+02 -5.568314701170427483e+00 8.599147428436621610e+00 -3.653916520846638605e+01 -3.351756916670777287e+01
-7.723745339090671846e-01 2.813555546954083297e+01 -2.292699649979390131e+01 -5.768150402620863559e+01 5.662194638619224207e+01 4.362515567550271811e+01 6.435463418751321285e+01 -1.645572964235324953e+00 -4.906510433157024842e+00 -1.905111973951169944e+02 9.476218806618810220e+00 1.506659438176663173e+02 -2.643507691136461002e+00 1.162006471110627501e+02 4.346628074399906438e+01 -5.568314701170427483e+00 -3.516795307759374509e+02 5.399939983781858643e+01 -8.468201965292358580e+00 4.103031288170733148e+01
7.925297036488576641e-01 2.651324926271021809e+01 -5.413596313250641501e+00 -2.599299447015478748e+01 3.527871345002176895e+01 2.561128457808520409e+01 4.338370487384809593e+01 -3.076876487896360590e-01 -1.097629791426283141e+00 -8.627960189980336736e+01 5.428756177831439267e+00 8.578113560478659849e+01 -1.216320312117007196e+00 6.641284076245275969e+01 3.229856442487752588e+01 8.599147428436619833e+00 5.399939983781858643e+01 -4.964794054202674829e+02 2.039646044845531137e-01 3.168486689973978443e+01
-3.855909608594568105e+00 -2.730069731389655985e+01 -2.679891898550437190e+01 -2.994343994202707293e+01 -1.803696306266200367e-01 4.615779617638250620e+00 -1.016194482873422800e+01 -2.168443370456970332e+00 -5.919631314083523499e+00 -9.759622593690255599e+01 1.410066342227793701e+00 2.403274098571011663e+01 -1.296327021931408696e+00 1.776456291033629498e+01 -1.594007208152621402e+01 -3.653916520846638605e+01 -8.468201965292362132e+00 2.039646044845571105e-01 -4.057297310549103742e+01 -1.867077954729662892e+01
-3.644878964972941837e+00 -6.194020286353563165e+00 -3.558022994363913938e+01 -5.846896408369446618e+01 3.289710698250762277e+01 2.928468689942998182e+01 2.914179793592503032e+01 -2.756672300301109768e+00 -7.767214728083057018e+00 -1.920340443074997552e+02 6.698695177347362417e+00 1.078416795829769654e+02 -2.616672081351361978e+00 8.253421546011226440e+01 1.216424582919402297e+01 -3.351756916670777287e+01 4.103031288170733148e+01 3.168486689973978443e+01 -1.867077954729663603e+01 -2.875194871880697747e+02
