-5.431363542275889813e+02 8.310524673512912130e+00 2.448531736740228837e+01 3.825060073448029563e+00 7.343593512266315315e+01 4.610147910206187305e+01 4.681157229557081223e+01 8.455597263570948030e+01 6.731048781014612814e+01 -3.830563829005193810e+01 1.227019518777006937e+02 2.630775038259731602e+01 8.978439267482697517e+01 -4.052311348811514335e+01 2.285795484774585162e+00 2.026465614293032047e+01 3.919055868789666874e+01 1.501106160469208284e+01 1.643962212771454290e+01 3.169157099380807097e+01
8.310524673512912130e+00 -8.566439696675845425e+02 6.564161880294867579e+00 1.699576638190934963e+00 1.182281231067924843e+01 7.509150604517265570e+00 8.519456926076946601e+00 1.404546988147526498e+01 1.233174288241845851e+01 -2.383351821276069149e+00 2.069280109379433341e+01 6.040598151537041716e+00 1.553658867820228728e+01 -2.592473625724397213e+00 4.235224376108804867e-01 6.466347455668463695e+00 7.170279419082734584e+00 2.527067077772866099e+00 5.663603858466998986e+00 5.134621582128986006e+00
2.448531736740228837e+01 6.564161880294868467e+00 1.009183619198895769e+02 -4.194981039945464119e+01 6.468425480784998172e+01 3.696738019718760171e+01 1.259671500813019929e-01 5.639814903529755696e+01 -3.230776505835572188e+00 -1.919597537585251814e+02 6.883805947377707923e+01 -5.231379197498912248e+01 3.384915799571336947e+01 -2.000967929198009756e+02 -3.083013951961540711e-01 -1.161235219218908270e+02 -1.475468573961465912e+00 8.607165334934903100e+00 -1.116758595914643735e+02 2.655823518404410066e+01
3.825060073448025122e+00 1.699576638190935407e+00 -4.194981039945464119e+01 3.261240293151455489e+02 1.793835976631855900e+01 9.670162801746357673e+00 -6.534297856875824095e+00 1.275095449567182371e+01 -1.088713251395737913e+01 -7.851942714102527532e+01 1.281925629629309249e+01 -2.657112591581860173e+01 2.158131851203547225e+00 -8.176423554102308344e+01 -4.565245746581572117e-01 -5.361365805118860095e+01 -6.161573519669519605e+00 1.649444567349085844e+00 -5.113102390466067959e+01 7.148397464845324123e+00
7.343593512266313894e+01 1.182281231067924843e+01 6.468425480784996751e+01 1.793835976631855544e+01 -8.693840163938514252e+02 6.543156823915332154e+01 7.683523887851255552e+01 1.231789953976623337e+02 1.114297113855007950e+02 -9.560071757661141589e+00 1.823624474473592443e+02 5.773762368567854253e+01 1.380306783757049800e+02 -1.094028627738806669e+01 3.839223448027806018e+00 6.554579059906409100e+01 6.476562829828102963e+01 2.225818497864458578e+01 5.802869286807542437e+01 4.466128973893850684e+01
4.610147910206188016e+01 7.509150604517265570e+00 3.696738019718759460e+01 9.670162801746354120e+00 6.543156823915332154e+01 -8.304205273488930743e+02 4.738921189958779934e+01 7.783790369949871035e+01 6.861252267298523577e+01 -1.226822206592248143e+01 1.147498715389725419e+02 3.387070115139453463e+01 8.624852680510011282e+01 -1.338953662391591770e+01 2.357451400681620068e+00 3.656779907024822762e+01 3.989260465452755966e+01 1.401256622376992134e+01 3.207958045528958735e+01 2.842469283895730570e+01
4.681157229557081223e+01 8.519456926076946601e+00 1.259671500813062117e-01 -6.534297856875818766e+00 7.683523887851255552e+01 4.738921189958779223e+01 -2.805786643165971554e+02 8.426630381259541025e+01 5.589079765083989315e+01 -7.686384848920906165e+01 1.192584449596924401e+02 9.975371897135465460e+00 8.342351807535700914e+01 -8.062167496253887577e+01 1.851823977378628694e+00 -9.945309546768902109e+00 3.263590987217423134e+01 1.463296144631421924e+01 -1.213002825960046138e+01 3.284317240518034708e+01
8.455597263570945188e+01 1.404546988147526498e+01 5.639814903529755696e+01 1.275095449567182371e+01 1.231789953976623337e+02 7.783790369949868193e+01 8.426630381259541025e+01 -5.856411794821899548e+02 1.216436823125540343e+02 -4.213591497324882340e+01 2.113014776361832787e+02 5.467961355453464023e+01 1.569245685966647557e+02 -4.499102653909659466e+01 4.158654915708568822e+00 5.271871646461127625e+01 7.076857844560939270e+01 2.582415875002660854e+01 4.521005205631905710e+01 5.334800765084716545e+01
6.731048781014612814e+01 1.233174288241845851e+01 -3.230776505835586399e+00 -1.088713251395737558e+01 1.114297113855007666e+02 6.861252267298524998e+01 5.589079765083989315e+01 1.216436823125540627e+02 -2.208910874031697347e+02 -1.163966919798870663e+02 1.717320353444697787e+02 1.211675580614657832e+01 1.195761030913188705e+02 -1.220389583820299322e+02 2.613317378269970792e+00 -1.859380012615408617e+01 4.620940669219501018e+01 2.107767175574835150e+01 -2.151882672318363632e+01 4.758832761538312184e+01
-3.830563829005194521e+01 -2.383351821276065596e+00 -1.919597537585251814e+02 -7.851942714102527532e+01 -9.560071757661139813e+00 -1.226822206592247433e+01 -7.686384848920906165e+01 -4.213591497324883761e+01 -1.163966919798870663e+02 6.855957556105493040e+02 -8.353110258950130174e+01 -1.333824857795518426e+02 -8.956558288205263807e+01 -2.777616832646547209e+02 -4.294602239477559813e+00 -2.332870009960038828e+02 -6.707200098465449400e+01 -9.899321723632619197e+00 -2.193315168856651383e+02 -6.461067617371284655e+00
1.227019518777006937e+02 2.069280109379433341e+01 6.883805947377709344e+01 1.281925629629308716e+01 1.823624474473592727e+02 1.147498715389725419e+02 1.192584449596924685e+02 2.113014776361832787e+02 1.717320353444697218e+02 -8.353110258950130174e+01 -3.304207344336153369e+02 7.086057912852480456e+01 2.262747455479824623e+02 -8.858463729803888498e+01 5.846395253613368759e+00 6.013919164206627954e+01 9.995877679035645258e+01 3.761490236998761816e+01 5.006779450236544449e+01 7.879863437422733341e+01
2.630775038259731247e+01 6.040598151537039939e+00 -5.231379197498913669e+01 -2.657112591581860173e+01 5.773762368567853542e+01 3.387070115139454174e+01 9.975371897135460131e+00 5.467961355453466865e+01 1.211675580614658543e+01 -1.333824857795518142e+02 7.086057912852479035e+01 4.841607300987615758e+01 4.106746717665789248e+01 -1.391619537432807476e+02 2.818599245327599312e-01 -7.150797048453715377e+01 7.319533006101981876e+00 8.790102917100524493e+00 -6.941348338789416061e+01 2.403154228419841232e+01
8.978439267482697517e+01 1.553658867820228906e+01 3.384915799571335526e+01 2.158131851203549889e+00 1.380306783757049800e+02 8.624852680510012704e+01 8.342351807535700914e+01 1.569245685966647557e+02 1.195761030913188705e+02 -8.956558288205265228e+01 2.262747455479824339e+02 4.106746717665788537e+01 -3.442628255175255845e+02 -9.442011473140445332e+01 4.038634566006335191e+00 2.321541474974360497e+01 6.966648940847495908e+01 2.770252316402104853e+01 1.689370921357968669e+01 5.941708547777058413e+01
-4.052311348811514335e+01 -2.592473625724397213e+00 -2.000967929198010040e+02 -8.176423554102306923e+01 -1.094028627738806669e+01 -1.338953662391591770e+01 -8.062167496253887577e+01 -4.499102653909659466e+01 -1.220389583820299322e+02 -2.777616832646547209e+02 -8.858463729803891340e+01 -1.391619537432807192e+02 -9.442011473140445332e+01 6.764896068687061188e+02 -4.500111542023243594e+00 -2.430477231536792715e+02 -7.032873150359269232e+01 -1.050455881085792775e+01 -2.284730677147500444e+02 -7.151678158989028589e+00
2.285795484774584718e+00 4.235224376108803757e-01 -3.083013951961539600e-01 -4.565245746581572117e-01 3.839223448027806906e+00 2.357451400681620068e+00 1.851823977378628916e+00 4.158654915708568822e+00 2.613317378269970792e+00 -4.294602239477559813e+00 5.846395253613368759e+00 2.818599245327605973e-01 4.038634566006336080e+00 -4.500111542023243594e+00 -2.679141311778580530e+02 -8.813215122967443804e-01 1.527441920421901411e+00 7.179237593648617466e-01 -9.680578125263462619e-01 1.637181547036975715e+00
2.026465614293032758e+01 6.466347455668466360e+00 -1.161235219218907986e+02 -5.361365805118858674e+01 6.554579059906409100e+01 3.656779907024822762e+01 -9.945309546768902109e+00 5.271871646461127625e+01 -1.859380012615408262e+01 -2.332870009960038828e+02 6.013919164206625112e+01 -7.150797048453715377e+01 2.321541474974361208e+01 -2.430477231536792999e+02 -8.813215122967446025e-01 1.145006197798405765e+02 -1.031557419832095768e+01 7.590940175751484276e+00 -1.440770136942193176e+02 2.657956263950800491e+01
3.919055868789666874e+01 7.170279419082734584e+00 -1.475468573961462360e+00 -6.161573519669510723e+00 6.476562829828104384e+01 3.989260465452755966e+01 3.263590987217423134e+01 7.076857844560939270e+01 4.620940669219502439e+01 -6.707200098465449400e+01 9.995877679035646679e+01 7.319533006101992534e+00 6.966648940847495908e+01 -7.032873150359269232e+01 1.527441920421901411e+00 -1.031557419832095590e+01 -2.770099025498365677e+02 1.226778352205957567e+01 -1.204435249096924387e+01 2.766445805000086722e+01
1.501106160469207929e+01 2.527067077772866099e+00 8.607165334934910206e+00 1.649444567349087620e+00 2.225818497864458934e+01 1.401256622376992311e+01 1.463296144631421924e+01 2.582415875002660854e+01 2.107767175574835150e+01 -9.899321723632613867e+00 3.761490236998761816e+01 8.790102917100526270e+00 2.770252316402104853e+01 -1.050455881085792953e+01 7.179237593648617466e-01 7.590940175751487828e+00 1.226778352205957567e+01 -6.434002913161141350e+02 6.347053494149551334e+00 9.620277981611906171e+00
1.643962212771455000e+01 5.663603858466998986e+00 -1.116758595914643877e+02 -5.113102390466067249e+01 5.802869286807542437e+01 3.207958045528960156e+01 -1.213002825960046138e+01 4.521005205631905000e+01 -2.151882672318363987e+01 -2.193315168856651667e+02 5.006779450236541607e+01 -6.941348338789416061e+01 1.689370921357970801e+01 -2.284730677147500444e+02 -9.680578125263464839e-01 -1.440770136942193176e+02 -1.204435249096925098e+01 6.347053494149548669e+00 1.512411410554546762e+02 2.342156052186870596e+01
3.169157099380806386e+01 5.134621582128986006e+00 2.655823518404410777e+01 7.148397464845325899e+00 4.466128973893850684e+01 2.842469283895730570e+01 3.284317240518034708e+01 5.334800765084716545e+01 4.758832761538312184e+01 -6.461067617371284655e+00 7.879863437422733341e+01 2.403154228419841232e+01 5.941708547777058413e+01 -7.151678158989021483e+00 1.637181547036975715e+00 2.657956263950800491e+01 2.766445805000086722e+01 9.620277981611906171e+00 2.342156052186869886e+01 -8.965819037246374137e+02
