-4.819249788942465216e+02 -6.602544469087692214e-01 3.863477967188205042e+01 -1.052733317475481556e+01 1.009386442019173202e+01 2.296928711422100378e+01 -8.481688867357940254e+00 -5.399521914086628627e+00 2.194201401628234862e+02 -6.562761241325803496e+01 -8.066417525852035908e+01 -5.300980486413023840e+01 -1.149812199335555221e+02 4.667371308211566827e+01 1.375988440799820012e+02 -3.865270166756062054e+01 1.926969948265447954e+02 1.523470593806786155e+02 7.941811943299256882e+01 1.020564423141522354e+02
-6.602544469087692214e-01 2.788351883820933494e+02 6.496226477266670019e-02 -3.740387491246371265e+00 -2.210766486034151379e-01 -2.686927999484584273e+00 -5.659653400964823611e-01 -5.462737052862415510e+00 1.562054435191669644e+00 -4.952857092219113078e+00 -6.065759366259061203e+00 -5.894424877683523079e+00 -7.861922379141347506e+00 -8.196696458869828783e-01 1.314485686570902034e-01 -3.557532137388028648e+00 1.013340102223872607e+00 1.077961496802460672e+00 4.905029208088407811e-01 -1.492649060046960408e+00
3.863477967188205753e+01 6.496226477266664467e-02 -7.702183260827717959e+02 2.845695673083889154e+00 3.465377502167149348e+00 1.143836238215718382e+01 -1.688987748703120406e+00 7.225337903646829929e+00 6.497122528369224881e+01 -1.213542410249296744e+01 -1.495150209805770203e+01 -6.721383212276464292e+00 -2.258838337100423388e+01 1.569424022973437260e+01 4.212330214810239681e+01 -6.105532648679546703e+00 5.764154601669449107e+01 4.512133931442923540e+01 2.363784513773030582e+01 3.382948336518870747e+01
-1.052733317475481201e+01 -3.740387491246371710e+00 2.845695673083885602e+00 1.522714643430818739e+02 -4.624945513042741041e+00 -5.977410851493706900e+01 -1.306662294975286898e+01 -1.233872990059439161e+02 4.306844456543700517e+01 -1.140409656870992308e+02 -1.396762293882019605e+02 -1.348240571648843797e+02 -1.814092477571882114e+02 -1.681702576622407364e+01 7.881734888944180284e+00 -8.160993534312220277e+01 2.973897146056006591e+01 2.975432130658596463e+01 1.389985145491105456e+01 -3.001469645530780639e+01
1.009386442019173202e+01 -2.210766486034151379e-01 3.465377502167149348e+00 -4.624945513042740153e+00 -3.713299860669730492e+02 -6.345520206223986825e-01 -1.306251534419969662e+00 -5.876445677542529111e+00 2.086071629407543426e+01 -1.067439713737178586e+01 -1.309846255192013409e+01 -1.049455483250313392e+01 -1.789540525541601923e+01 3.298419828990184488e+00 1.224324939604353091e+01 -6.920122800762605664e+00 1.796566507449268713e+01 1.447741843483991175e+01 7.476410328831889274e+00 7.508558618401560913e+00
2.296928711422103220e+01 -2.686927999484583829e+00 1.143836238215718204e+01 -5.977410851493706190e+01 -6.345520206223995707e-01 -7.268106785346819265e+01 -1.090776651730509172e+01 -8.460043561825295910e+01 8.312091073331637858e+01 -9.313040983840924980e+01 -1.141351887581594866e+02 -1.040478024797223782e+02 -1.507536925667524770e+02 1.490415569487888447e-01 3.921737156136875058e+01 -6.459830239010084085e+01 6.754187134782590363e+01 5.761180111582233110e+01 2.894566770627177732e+01 4.886186999702644584e+00
-8.481688867357940254e+00 -5.659653400964823611e-01 -1.688987748703119962e+00 -1.306662294975287075e+01 -1.306251534419969884e+00 -1.090776651730509172e+01 9.493661074876322346e+02 -1.958049526195194900e+01 -5.257020615625445537e+00 -1.472682747426811645e+01 -1.802147687879740090e+01 -1.877683245289059855e+01 -2.283816005671968341e+01 -5.303959827935171845e+00 -6.378435393985177448e+00 -1.100080633420256504e+01 -5.919321342716735934e+00 -3.674015023273404346e+00 -2.174824310166898478e+00 -1.050884232846808075e+01
-5.399521914086646390e+00 -5.462737052862416398e+00 7.225337903646819271e+00 -1.233872990059439161e+02 -5.876445677542529111e+00 -8.460043561825298752e+01 -1.958049526195194900e+01 1.146028779703129885e-01 7.994949222970893743e+01 -1.702158661512930280e+02 -2.085015532290767055e+02 -1.992581287422627554e+02 -2.716207496345893446e+02 -2.056512494159530746e+01 2.247438738040017370e+01 -1.211407809182180557e+02 5.852059429742749330e+01 5.529503516840109256e+01 2.649522548006960321e+01 -3.519471444342779876e+01
2.194201401628235431e+02 1.562054435191669199e+00 6.497122528369224881e+01 4.306844456543702648e+01 2.086071629407543426e+01 8.312091073331640700e+01 -5.257020615625447313e+00 7.994949222970893743e+01 -6.384834466551839114e+02 -3.131159984061457635e+01 -3.884310544979598490e+01 5.624710382530045294e+00 -6.817331211681670311e+01 9.315219570700062945e+01 2.330279407600741592e+02 -7.986436275177732469e+00 3.128009601229202303e+02 2.427828927439388451e+02 1.277282498372751007e+02 1.987945151986131691e+02
-6.562761241325803496e+01 -4.952857092219113078e+00 -1.213542410249297276e+01 -1.140409656870992308e+02 -1.067439713737178586e+01 -9.313040983840923559e+01 -1.472682747426811645e+01 -1.702158661512930280e+02 -3.131159984061457635e+01 6.589670156405397847e+02 -1.615941715772405871e+02 -1.663454879539000899e+02 -2.056152712846982524e+02 -4.297223050020832602e+01 -4.637024488392184196e+01 -9.795186021115065955e+01 -3.879802851991183132e+01 -2.194817884664213281e+01 -1.369334131821531919e+01 -8.451760662394022461e+01
-8.066417525852034487e+01 -6.065759366259061203e+00 -1.495150209805770558e+01 -1.396762293882019890e+02 -1.309846255192013409e+01 -1.141351887581595008e+02 -1.802147687879740445e+01 -2.085015532290767624e+02 -3.884310544979595647e+01 -1.615941715772405871e+02 5.972268755086289502e+02 -2.036547850796653734e+02 -2.516226385913464298e+02 -5.274425147605157349e+01 -5.710842691006598670e+01 -1.199047932910014111e+02 -4.795468215991724037e+01 -2.722423057667383972e+01 -1.695037919124873582e+01 -1.037599261585296517e+02
-5.300980486413023840e+01 -5.894424877683523967e+00 -6.721383212276467845e+00 -1.348240571648843797e+02 -1.049455483250313392e+01 -1.040478024797224066e+02 -1.877683245289059855e+01 -1.992581287422627270e+02 5.624710382530064834e+00 -1.663454879539000615e+02 -2.036547850796653734e+02 2.991166747254076768e+02 -2.615014583464687234e+02 -4.108994674260684832e+01 -2.760620739773541388e+01 -1.214826039283510966e+02 -8.219414458465942985e+00 3.663091210442773971e+00 -7.127571884847219152e-01 -7.884774680991500873e+01
-1.149812199335555221e+02 -7.861922379141347506e+00 -2.258838337100423033e+01 -1.814092477571882114e+02 -1.789540525541601923e+01 -1.507536925667524770e+02 -2.283816005671968341e+01 -2.716207496345893446e+02 -6.817331211681670311e+01 -2.056152712846982524e+02 -2.516226385913463730e+02 -2.615014583464686666e+02 5.958505347711447939e+02 -7.254088895753136512e+01 -8.548335196118108570e+01 -1.533696132725762027e+02 -7.793178240464099815e+01 -4.766634744364148446e+01 -2.844755735370128491e+01 -1.435205862017095910e+02
4.667371308211566827e+01 -8.196696458869826563e-01 1.569424022973437260e+01 -1.681702576622408074e+01 3.298419828990185376e+00 1.490415569487941738e-01 -5.303959827935170956e+00 -2.056512494159528970e+01 9.315219570700062945e+01 -4.297223050020832602e+01 -5.274425147605156639e+01 -4.108994674260684121e+01 -7.254088895753136512e+01 -4.020657728254042809e+02 5.555888576101925480e+01 -2.746683302244176517e+01 8.059962015639590049e+01 6.465489183076925883e+01 3.346377940016616037e+01 3.585106021323856140e+01
1.375988440799820296e+02 1.314485686570897038e-01 4.212330214810239681e+01 7.881734888944178508e+00 1.224324939604352558e+01 3.921737156136875058e+01 -6.378435393985179225e+00 2.247438738040017014e+01 2.330279407600742161e+02 -4.637024488392183486e+01 -5.710842691006600091e+01 -2.760620739773541388e+01 -8.548335196118109991e+01 5.555888576101925480e+01 -6.094570762937942163e+02 -2.398007539139443978e+01 2.065117178277351115e+02 1.618294994328121561e+02 8.473278719259745628e+01 1.199264663819658665e+02
-3.865270166756062054e+01 -3.557532137388028648e+00 -6.105532648679544927e+00 -8.160993534312223119e+01 -6.920122800762606552e+00 -6.459830239010085506e+01 -1.100080633420256504e+01 -1.211407809182180415e+02 -7.986436275177744015e+00 -9.795186021115067376e+01 -1.199047932910014111e+02 -1.214826039283510823e+02 -1.533696132725762027e+02 -2.746683302244176872e+01 -2.398007539139443978e+01 5.429829741585195961e+02 -1.503250770568988059e+01 -5.692728588743667828e+00 -4.565562115868340598e+00 -5.335619233490191959e+01
1.926969948265447954e+02 1.013340102223871719e+00 5.764154601669449818e+01 2.973897146056004459e+01 1.796566507449268713e+01 6.754187134782588942e+01 -5.919321342716735934e+00 5.852059429742747909e+01 3.128009601229202303e+02 -3.879802851991184554e+01 -4.795468215991724037e+01 -8.219414458465957196e+00 -7.793178240464101236e+01 8.059962015639590049e+01 2.065117178277351115e+02 -1.503250770568989658e+01 -6.289189131126998973e+02 2.172634761363400742e+02 1.141309377477880673e+02 1.725807638273372220e+02
1.523470593806786155e+02 1.077961496802461117e+00 4.512133931442923540e+01 2.975432130658596463e+01 1.447741843483991175e+01 5.761180111582233110e+01 -3.674015023273406122e+00 5.529503516840106414e+01 2.427828927439387883e+02 -2.194817884664211860e+01 -2.722423057667382551e+01 3.663091210442757983e+00 -4.766634744364147025e+01 6.465489183076924462e+01 1.618294994328121561e+02 -5.692728588743667828e+00 2.172634761363401026e+02 -8.173572548970732896e+02 8.871990866871225023e+01 1.379894795084958332e+02
7.941811943299256882e+01 4.905029208088407811e-01 2.363784513773030227e+01 1.389985145491105456e+01 7.476410328831889274e+00 2.894566770627177732e+01 -2.174824310166898478e+00 2.649522548006959966e+01 1.277282498372751007e+02 -1.369334131821532630e+01 -1.695037919124873582e+01 -7.127571884847228034e-01 -2.844755735370128491e+01 3.346377940016616037e+01 8.473278719259744207e+01 -4.565562115868333493e+00 1.141309377477880531e+02 8.871990866871225023e+01 -8.993602219606293602e+02 7.153447741093268064e+01
1.020564423141522639e+02 -1.492649060046959519e+00 3.382948336518870747e+01 -3.001469645530780639e+01 7.508558618401562690e+00 4.886186999702651690e+00 -1.050884232846808075e+01 -3.519471444342778454e+01 1.987945151986131407e+02 -8.451760662394021040e+01 -1.037599261585295949e+02 -7.884774680991503715e+01 -1.435205862017095910e+02 3.585106021323855430e+01 1.199264663819658807e+02 -5.335619233490191959e+01 1.725807638273372220e+02 1.379894795084958332e+02 7.153447741093268064e+01 -3.739343932527739298e+02
