6.325930967614991687e+02 -1.051235052214535273e+02 1.457908549046778290e+01 -1.079890631292200140e+02 -1.268110555712333110e+02 -9.219904904995770778e+01 -1.710205335535714255e+01 -1.340815658495153286e+02 -3.774842322794651750e+01 7.567555116037500085e+00 -1.057703072478385025e+02 2.369737411219931644e+01 -1.721058862837501025e+01 -3.081290027316397300e+02 -1.372638217752642333e+02 -5.653116938315602624e+01 -4.069999990592783945e+01 4.411557814076638806e+01 -1.314462281875098881e+02 -2.583380445695812000e+02
-1.051235052214534988e+02 3.719488456440613504e+02 1.904615742626168640e+01 -1.719911376671856118e+01 -2.409399377537971532e+01 -3.133570247198903758e+00 -2.028348019526306167e+00 -1.993832974643094857e+01 -1.169433504735513107e+00 5.015383541862374273e+01 -3.116110866727638040e+00 5.031239968907961213e+01 1.887649492648582594e+01 -9.202496127538753967e+01 -1.215909510184096476e+01 -1.564825443061771360e+01 1.673109650692250838e+01 5.701570482049046973e+01 -2.114114110904858634e+01 -6.966716510694490694e+01
1.457908549046778290e+01 1.904615742626168284e+01 -9.581977440825291978e+02 2.874200649144061259e+01 2.823297173428325735e+01 4.089597643563768514e+01 5.536626078330390222e+00 3.769250702055426672e+01 1.690451436640411842e+01 6.730032108626190279e+01 4.759354800473302305e+01 5.959399286775715154e+01 3.519265780680905209e+01 2.119031253307129603e+01 5.027310986505735002e+01 5.636811315692494162e+00 4.370413075103540734e+01 5.904690389097078906e+01 3.469347670116645332e+01 2.836875681829277340e+01
-1.079890631292200140e+02 -1.719911376671856118e+01 2.874200649144060549e+01 2.021086828284395835e+02 -1.457325067473907865e+01 1.332468629199275512e+01 6.513464848185246403e-02 -6.200888105372564851e+00 5.644218281431157003e+00 8.188240534558184436e+01 1.608208468529063850e+01 7.890335435257037489e+01 3.485085701623138732e+01 -9.108754426511850966e+01 7.375422649367710193e+00 -1.465739017262460209e+01 3.600545530314549580e+01 8.594580444701385602e+01 -8.730922389885689583e+00 -6.391740816260499258e+01
-1.268110555712333110e+02 -2.409399377537971532e+01 2.823297173428325735e+01 -1.457325067473907332e+01 2.717661788017580307e+02 5.698141924591123342e+00 -1.215734253610760485e+00 -1.586989430046561189e+01 2.511239553831858817e+00 7.789548211610050998e+01 7.288693613235248669e+00 7.628668345753945346e+01 3.162803573989977934e+01 -1.090359766871648759e+02 -3.285996151755437467e+00 -1.806450786012200282e+01 3.096416571758187075e+01 8.446253273454340160e+01 -1.806245884026770199e+01 -7.965773056581663525e+01
-9.219904904995770778e+01 -3.133570247198900205e+00 4.089597643563768514e+01 1.332468629199275156e+01 5.698141924591123342e+00 1.886397543920254094e+01 3.885605302389575577e+00 2.016028385760301944e+01 1.702046661526377846e+01 1.240261772817730304e+02 4.810103651837383154e+01 1.158824989177702633e+02 5.731072533159921534e+01 -7.162680201366023880e+01 4.170628300333217453e+01 -9.987784204137527766e+00 6.428268385760189574e+01 1.221740157160599693e+02 1.569297323318300563e+01 -4.093817494320018113e+01
-1.710205335535713544e+01 -2.028348019526305279e+00 5.536626078330389333e+00 6.513464848185246403e-02 -1.215734253610760041e+00 3.885605302389575577e+00 1.172409124191164409e+02 5.505446696366123049e-01 1.628498610415103798e+00 1.622584259924538941e+01 4.616277472661169057e+00 1.541687582860104833e+01 7.178354300923744269e+00 -1.405558552833706010e+01 3.299963719111096427e+00 -2.169155800622873276e+00 7.721623643150914873e+00 1.654896356894398934e+01 1.095395361079543051e-02 -9.301658891671008789e+00
-1.340815658495153286e+02 -1.993832974643094502e+01 3.769250702055426672e+01 -6.200888105372568404e+00 -1.586989430046560656e+01 2.016028385760301944e+01 5.505446696366123049e-01 1.784223253142544081e+02 8.504258125407567093e+00 1.083032775365857248e+02 2.418271275446016944e+01 1.039176683618810273e+02 4.665073687831229421e+01 -1.123430742343298618e+02 1.349972405228450612e+01 -1.788911887259263622e+01 4.881839668759040762e+01 1.126959170776777626e+02 -8.001953816838215161e+00 -7.768938892866574975e+01
-3.774842322794651750e+01 -1.169433504735516660e+00 1.690451436640411842e+01 5.644218281431156115e+00 2.511239553831855709e+00 1.702046661526377846e+01 1.628498610415103354e+00 8.504258125407567093e+00 -1.891150821255364178e+01 5.131105315577173087e+01 2.003147636399854292e+01 4.792180282629789190e+01 2.373515941000268725e+01 -2.926530425145126557e+01 1.742352620928194540e+01 -4.064399702458391772e+00 2.664847386362889381e+01 5.050043546654440263e+01 6.652562077779627714e+00 -1.662704484468072152e+01
7.567555116037517848e+00 5.015383541862374273e+01 6.730032108626188858e+01 8.188240534558184436e+01 7.789548211610050998e+01 1.240261772817730446e+02 1.622584259924538586e+01 1.083032775365857248e+02 5.131105315577172377e+01 -4.564080073019408132e+02 1.445250321707654564e+02 2.000686456321253672e+02 1.143308823270560310e+02 3.241135460031625115e+01 1.495374393182046617e+02 1.173339224273427561e+01 1.396176847035599167e+02 2.007566228495449536e+02 9.870326835952164402e+01 6.225318870631369350e+01
-1.057703072478385309e+02 -3.116110866727630935e+00 4.759354800473302305e+01 1.608208468529063850e+01 7.288693613235255775e+00 4.810103651837383154e+01 4.616277472661169057e+00 2.418271275446017299e+01 2.003147636399854292e+01 1.445250321707654848e+02 2.860572219588780740e+01 1.349505487361192593e+02 6.688860409627486092e+01 -8.191537407521852288e+01 4.931274480630005996e+01 -1.135323353028293170e+01 7.513489197351366045e+01 1.421797013746131881e+02 1.896221557948662095e+01 -4.639906109389079347e+01
2.369737411219933421e+01 5.031239968907960503e+01 5.959399286775715154e+01 7.890335435257037489e+01 7.628668345753945346e+01 1.158824989177702633e+02 1.541687582860104477e+01 1.039176683618810273e+02 4.792180282629787769e+01 2.000686456321253672e+02 1.349505487361192593e+02 -6.278410884622277308e+02 1.033750857940382701e+02 4.473495969809563633e+01 1.410466470269915931e+02 1.339548747262035988e+01 1.272402427260419557e+02 1.777368106035476103e+02 9.517702482169676159e+01 6.895525018481892232e+01
-1.721058862837499248e+01 1.887649492648581884e+01 3.519265780680905209e+01 3.485085701623138732e+01 3.162803573989979000e+01 5.731072533159922955e+01 7.178354300923743381e+00 4.665073687831230131e+01 2.373515941000268725e+01 1.143308823270560310e+02 6.688860409627486092e+01 1.033750857940382701e+02 -4.008741832449875346e+02 -3.021875105148534857e+00 6.744520555626166924e+01 2.392292139932879813e+00 6.851318935219504169e+01 1.050192574399644485e+02 4.192948105179880969e+01 1.532850873188582597e+01
-3.081290027316396731e+02 -9.202496127538753967e+01 2.119031253307129603e+01 -9.108754426511850966e+01 -1.090359766871648617e+02 -7.162680201366023880e+01 -1.405558552833705654e+01 -1.123430742343298618e+02 -2.926530425145126912e+01 3.241135460031626536e+01 -8.191537407521850866e+01 4.473495969809563633e+01 -3.021875105148536633e+00 5.362581403784174654e+02 -1.106211895834507430e+02 -5.121668697255995539e+01 -2.198642198824441252e+01 6.379272656568659272e+01 -1.109829730169335278e+02 -2.330718655589546415e+02
-1.372638217752641765e+02 -1.215909510184097364e+01 5.027310986505735002e+01 7.375422649367706640e+00 -3.285996151755444572e+00 4.170628300333217453e+01 3.299963719111097760e+00 1.349972405228450612e+01 1.742352620928194540e+01 1.495374393182046902e+02 4.931274480630005996e+01 1.410466470269916215e+02 6.744520555626166924e+01 -1.106211895834507430e+02 1.001184061162308865e+02 -1.650868346527036579e+01 7.394116146139936063e+01 1.502324289390058141e+02 8.345776780369362768e+00 -6.979287883629666567e+01
-5.653116938315602624e+01 -1.564825443061771360e+01 5.636811315692494162e+00 -1.465739017262460564e+01 -1.806450786012199927e+01 -9.987784204137525990e+00 -2.169155800622872832e+00 -1.788911887259263622e+01 -4.064399702458390884e+00 1.173339224273427561e+01 -1.135323353028293170e+01 1.339548747262035988e+01 2.392292139932881589e+00 -5.121668697255995539e+01 -1.650868346527037289e+01 6.618736496636422544e+02 -4.469160409527574984e-01 1.692175236621476131e+01 -1.788631140750141668e+01 -4.130284799124410000e+01
-4.069999990592783945e+01 1.673109650692250483e+01 4.370413075103540734e+01 3.600545530314549580e+01 3.096416571758187075e+01 6.428268385760190995e+01 7.721623643150913985e+00 4.881839668759040762e+01 2.664847386362889381e+01 1.396176847035598882e+02 7.513489197351366045e+01 1.272402427260419557e+02 6.851318935219504169e+01 -2.198642198824441252e+01 7.394116146139934642e+01 -4.469160409527543898e-01 -2.430213216398023803e+02 1.304547799097307177e+02 4.322808217277902543e+01 3.308811963877900553e+00
4.411557814076638806e+01 5.701570482049046262e+01 5.904690389097078906e+01 8.594580444701385602e+01 8.446253273454340160e+01 1.221740157160599693e+02 1.654896356894398934e+01 1.126959170776777484e+02 5.050043546654440263e+01 2.007566228495449252e+02 1.421797013746132166e+02 1.777368106035475819e+02 1.050192574399644485e+02 6.379272656568659272e+01 1.502324289390058141e+02 1.692175236621476131e+01 1.304547799097307177e+02 -8.079335460439176586e+02 1.037442476154932223e+02 8.511417376861157891e+01
-1.314462281875098881e+02 -2.114114110904859345e+01 3.469347670116645332e+01 -8.730922389885696688e+00 -1.806245884026770199e+01 1.569297323318300741e+01 1.095395361079587460e-02 -8.001953816838213385e+00 6.652562077779631267e+00 9.870326835952164402e+01 1.896221557948663161e+01 9.517702482169676159e+01 4.192948105179880258e+01 -1.109829730169335278e+02 8.345776780369362768e+00 -1.788631140750141668e+01 4.322808217277902543e+01 1.037442476154932223e+02 2.019596049044020276e+02 -7.804464331857235493e+01
-2.583380445695812000e+02 -6.966716510694487852e+01 2.836875681829276630e+01 -6.391740816260499258e+01 -7.965773056581664946e+01 -4.093817494320018113e+01 -9.301658891671007012e+00 -7.768938892866573553e+01 -1.662704484468071797e+01 6.225318870631370771e+01 -4.639906109389078637e+01 6.895525018481892232e+01 1.532850873188584018e+01 -2.330718655589546415e+02 -6.979287883629665146e+01 -4.130284799124410711e+01 3.308811963877900553e+00 8.511417376861157891e+01 -7.804464331857235493e+01 4.424278585210464598e+02
