6.557374564335246703e+01 -8.602838159545927965e+01 -2.563690536428208588e+01 -1.068446195235457594e+02 -4.922435439586955397e+01 1.068227820399748396e+02 -3.500952563989857547e-01 -2.733418101426906333e+01 -9.106084644253002125e+00 -1.345250956685372330e+02 -7.824953087339485691e+00 7.641708067187757081e+00 5.630868648120416964e+01 -1.314160347826411908e+02 -1.367214332815249804e+02 -3.007408824934874048e-01 -7.347259671459087649e+00 -4.373899742081000852e+00 -7.922558707128708022e+01 8.347830112987224993e+01
-8.602838159545927965e+01 1.769971245496674044e+02 -2.559967219635520763e+01 -1.012553542825900621e+02 -4.594683628897415417e+01 6.831694646866273501e+01 -1.115935499320792390e+00 -3.069928120092883717e+01 -2.509895895947252242e+01 -1.177887974483284381e+02 -1.620091559133372527e+01 4.540297012642042773e+00 3.732582739112233838e+01 -1.209159972336739486e+02 -1.275696283077176929e+02 -6.528731690615058092e+00 -7.971605491556260858e+00 -1.911833374908268013e+01 -7.183270974793595087e+01 5.541949695222886874e+01
-2.563690536428207878e+01 -2.559967219635520763e+01 1.075346365613665967e+02 -3.187694372838657131e+01 -1.478481203355683959e+01 3.649979865656975164e+01 5.828833221141638266e-03 -7.480770729674759423e+00 -4.006433773572624091e-01 -4.149939184853155183e+01 -1.099046223248687948e+00 2.659839541918668004e+00 1.905500871267352636e+01 -3.971764670863508684e+01 -4.107186555892872093e+01 7.883580322090879555e-01 -2.050187084013532779e+00 8.008093108068905508e-01 -2.409368429838143300e+01 2.823753370313731637e+01
-1.068446195235457736e+02 -1.012553542825900621e+02 -3.187694372838656776e+01 1.581075774254857720e+02 -5.651035514210605726e+01 7.665881692684763493e+01 -1.557628396636794976e+00 -3.897367372107115102e+01 -3.476348703196823919e+01 -1.430443580669201538e+02 -2.201281439772556325e+01 4.975932994782878538e+00 4.233357145840997049e+01 -1.483049577487238082e+02 -1.568874679774489778e+02 -9.495490470896108093e+00 -1.006557044785781407e+01 -2.704107617260156715e+01 -8.785076210184097079e+01 6.288232871589812589e+01
-4.922435439586954686e+01 -4.594683628897414707e+01 -1.478481203355683959e+01 -5.651035514210605015e+01 3.296253314989086789e+02 2.556265618730419931e+01 -9.221164821587233273e-01 -1.896346952132405406e+01 -2.029405445414245435e+01 -6.203546664561839208e+01 -1.239508398328034389e+01 1.502691911579558282e+00 1.470995573081006214e+01 -6.609908005856455304e+01 -7.043301887651067261e+01 -6.026929253214267312e+00 -4.833957196787642019e+00 -1.638525551478042530e+01 -3.884971334782790819e+01 2.188616956275787828e+01
1.068227820399748396e+02 6.831694646866272080e+01 3.649979865656975164e+01 7.665881692684763493e+01 2.556265618730419931e+01 -4.635459530956504182e+02 1.113999870730998865e+01 8.619546550669296892e+01 2.352261119538387675e+02 -3.816199735879747834e+01 1.276074388749894410e+02 3.203259629414662868e+01 1.822936031267313410e+02 4.394593065467897475e+01 7.032796477882253328e+01 8.691646415378764345e+01 1.927832112124017172e+01 2.110574550634074171e+02 1.173496881682605952e+01 2.690928021380049131e+02
-3.500952563989859767e-01 -1.115935499320791946e+00 5.828833221141582754e-03 -1.557628396636794310e+00 -9.221164821587233273e-01 1.113999870730998865e+01 -3.037768283229719373e+02 9.973869545286108140e-01 4.661612422967014169e+00 -4.784649259095110629e+00 2.443417216603218201e+00 8.978847823902629255e-01 5.489498785144798276e+00 -2.971230242034061941e+00 -2.575296414406641254e+00 1.813228451397692176e+00 1.865303743389472579e-01 4.295101836529184425e+00 -2.100635112800931736e+00 8.113936548943932792e+00
-2.733418101426905977e+01 -3.069928120092884427e+01 -7.480770729674755870e+00 -3.897367372107113681e+01 -1.896346952132405761e+01 8.619546550669296892e+01 9.973869545286109251e-01 -6.909088555964108025e+01 2.030814317504357547e+01 -6.298663994761920293e+01 9.750692251143933120e+00 6.663753743842607768e+00 4.354964193351923996e+01 -5.313822650109074885e+01 -5.274084986419328658e+01 8.848683497714379342e+00 -1.232797478160394977e+00 1.988787920367200357e+01 -3.355986717331445846e+01 6.444304423401260351e+01
-9.106084644252995020e+00 -2.509895895947250466e+01 -4.006433773572570800e-01 -3.476348703196822498e+01 -2.029405445414245435e+01 2.352261119538387106e+02 4.661612422967012392e+00 2.030814317504358968e+01 -1.986647433175989761e+02 -1.028369627556105286e+02 5.095675458933474999e+01 1.893950722236580120e+01 1.159880435154167344e+02 -6.483688395548995231e+01 -5.666209831473439351e+01 3.792658679368349084e+01 3.752446667642338252e+00 8.976432050666723228e+01 -4.556019475120341866e+01 1.714450747655644136e+02
-1.345250956685372330e+02 -1.177887974483284381e+02 -4.149939184853155183e+01 -1.430443580669201538e+02 -6.203546664561838497e+01 -3.816199735879747834e+01 -4.784649259095109741e+00 -6.298663994761918872e+01 -1.028369627556105570e+02 8.402795851549127519e+02 -5.882988128725527588e+01 -4.638985560270675101e+00 -1.288149458304818396e+01 -1.559868177307471626e+02 -1.720378595472345751e+02 -3.476771260726523849e+01 -1.538836912885304820e+01 -8.826763530733950347e+01 -8.818867877174646708e+01 -1.863732776594994789e+01
-7.824953087339490132e+00 -1.620091559133372172e+01 -1.099046223248688836e+00 -2.201281439772556325e+01 -1.239508398328034566e+01 1.276074388749894410e+02 2.443417216603217312e+00 9.750692251143927791e+00 5.095675458933474999e+01 -5.882988128725527588e+01 -2.454291376468479484e+02 1.024123674277374008e+01 6.304808610566215066e+01 -3.870532803372196184e+01 -3.458295755515638348e+01 1.996773296074539417e+01 1.722140656531776504e+00 4.713261210501060106e+01 -2.674341108028180258e+01 9.320163922715747162e+01
7.641708067187756193e+00 4.540297012642042773e+00 2.659839541918668449e+00 4.975932994782878538e+00 1.502691911579557393e+00 3.203259629414662868e+01 8.978847823902629255e-01 6.663753743842609545e+00 1.893950722236580120e+01 -4.638985560270676878e+00 1.024123674277374008e+01 -7.353185674507355998e+02 1.540736029830589260e+01 2.044444912145413795e+00 4.119285897377752192e+00 7.033468897462789471e+00 1.476194103988298423e+00 1.703726408048990137e+01 3.765297028050973438e-02 2.274770873427364037e+01
5.630868648120416964e+01 3.732582739112235259e+01 1.905500871267352636e+01 4.233357145840999891e+01 1.470995573081005858e+01 1.822936031267313126e+02 5.489498785144798276e+00 4.354964193351923996e+01 1.159880435154167628e+02 -1.288149458304819817e+01 6.304808610566215066e+01 1.540736029830589260e+01 -8.368781512417506292e+02 2.733081775303986660e+01 4.052656056314762623e+01 4.272405899127669215e+01 9.794081006480503504e+00 1.039049770191406594e+02 9.224414563338024564e+00 1.285893309070702628e+02
-1.314160347826411908e+02 -1.209159972336739344e+02 -3.971764670863508684e+01 -1.483049577487238082e+02 -6.609908005856456725e+01 4.394593065467897475e+01 -2.971230242034061497e+00 -5.313822650109075596e+01 -6.483688395548996652e+01 -1.559868177307471910e+02 -3.870532803372196895e+01 2.044444912145412907e+00 2.733081775303986660e+01 2.680790906885071649e+02 -1.834377108362211573e+02 -2.020616812102850446e+01 -1.339525572027322831e+01 -5.352704426937913240e+01 -9.967306565189005596e+01 4.078294363198136807e+01
-1.367214332815249520e+02 -1.275696283077176929e+02 -4.107186555892872093e+01 -1.568874679774489778e+02 -7.043301887651068682e+01 7.032796477882253328e+01 -2.575296414406640366e+00 -5.274084986419329368e+01 -5.666209831473440772e+01 -1.720378595472345751e+02 -3.458295755515638348e+01 4.119285897377748640e+00 4.052656056314762623e+01 -1.834377108362211573e+02 1.614985060049439767e+02 -1.685383802598320813e+01 -1.343995527642726628e+01 -4.578113989752087321e+01 -1.077937062136672637e+02 6.030062874620315938e+01
-3.007408824934882929e-01 -6.528731690615058092e+00 7.883580322090870673e-01 -9.495490470896108093e+00 -6.026929253214266424e+00 8.691646415378767188e+01 1.813228451397692176e+00 8.848683497714379342e+00 3.792658679368349084e+01 -3.476771260726523849e+01 1.996773296074539772e+01 7.033468897462791247e+00 4.272405899127668505e+01 -2.020616812102849735e+01 -1.685383802598320457e+01 -3.213414043390162078e+02 1.719502317119101509e+00 3.482855436026231644e+01 -1.468126486500272776e+01 6.314250833299559673e+01
-7.347259671459087649e+00 -7.971605491556259970e+00 -2.050187084013533223e+00 -1.006557044785781585e+01 -4.833957196787644683e+00 1.927832112124017172e+01 1.865303743389472579e-01 -1.232797478160395421e+00 3.752446667642338252e+00 -1.538836912885305175e+01 1.722140656531776726e+00 1.476194103988298423e+00 9.794081006480501728e+00 -1.339525572027322831e+01 -1.343995527642726628e+01 1.719502317119101731e+00 -2.840979833706179036e+01 3.779474604075549138e+00 -8.372994562162787702e+00 1.449646447716808417e+01
-4.373899742081000852e+00 -1.911833374908266947e+01 8.008093108068896626e-01 -2.704107617260156715e+01 -1.638525551478043596e+01 2.110574550634074171e+02 4.295101836529182648e+00 1.988787920367200712e+01 8.976432050666723228e+01 -8.826763530733948926e+01 4.713261210501060106e+01 1.703726408048990137e+01 1.039049770191406594e+02 -5.352704426937914661e+01 -4.578113989752088031e+01 3.482855436026231644e+01 3.779474604075548694e+00 -2.334011498689382051e+02 -3.821088327955742159e+01 1.535735119141194502e+02
-7.922558707128709443e+01 -7.183270974793595087e+01 -2.409368429838143300e+01 -8.785076210184097079e+01 -3.884971334782790819e+01 1.173496881682605242e+01 -2.100635112800932625e+00 -3.355986717331445846e+01 -4.556019475120342577e+01 -8.818867877174648129e+01 -2.674341108028180969e+01 3.765297028050884620e-02 9.224414563338021011e+00 -9.967306565189004175e+01 -1.077937062136672779e+02 -1.468126486500272776e+01 -8.372994562162787702e+00 -3.821088327955743580e+01 4.893679810688942098e+02 1.386836329995782791e+01
8.347830112987224993e+01 5.541949695222886874e+01 2.823753370313731637e+01 6.288232871589814010e+01 2.188616956275787118e+01 2.690928021380049131e+02 8.113936548943932792e+00 6.444304423401261772e+01 1.714450747655644420e+02 -1.863732776594996210e+01 9.320163922715745741e+01 2.274770873427363682e+01 1.285893309070702628e+02 4.078294363198136807e+01 6.030062874620311675e+01 6.314250833299558963e+01 1.449646447716808595e+01 1.535735119141194502e+02 1.386836329995784212e+01 -7.382069594158265318e+02
