-9.880000000000000000e+02
-9.860000000000000000e+02
9.510000000000000000e+02
-9.460000000000000000e+02
9.150000000000000000e+02
-9.080000000000000000e+02
7.950000000000000000e+02
7.910000000000000000e+02
-7.820000000000000000e+02
-7.600000000000000000e+02
6.150000000000000000e+02
-6.040000000000000000e+02
5.030000000000000000e+02
-4.540000000000000000e+02
-4.180000000000000000e+02
-3.720000000000000000e+02
2.790000000000000000e+02
2.370000000000000000e+02
1.790000000000000000e+02
-3.800000000000000000e+01
