9.930000000000000000e+02
9.170000000000000000e+02
8.170000000000000000e+02
7.630000000000000000e+02
-6.960000000000000000e+02
-6.600000000000000000e+02
6.510000000000000000e+02
6.350000000000000000e+02
6.150000000000000000e+02
5.810000000000000000e+02
5.270000000000000000e+02
-5.060000000000000000e+02
-4.000000000000000000e+02
3.970000000000000000e+02
2.730000000000000000e+02
-2.320000000000000000e+02
1.550000000000000000e+02
7.300000000000000000e+01
4.100000000000000000e+01
3.500000000000000000e+01
