-9.680000000000000000e+02
-9.020000000000000000e+02
8.970000000000000000e+02
-8.880000000000000000e+02
8.870000000000000000e+02
8.830000000000000000e+02
8.390000000000000000e+02
-7.260000000000000000e+02
-6.980000000000000000e+02
6.190000000000000000e+02
5.990000000000000000e+02
5.450000000000000000e+02
4.930000000000000000e+02
4.610000000000000000e+02
3.770000000000000000e+02
3.690000000000000000e+02
3.150000000000000000e+02
2.570000000000000000e+02
2.190000000000000000e+02
-3.000000000000000000e+01
