9.090000000000000000e+02
8.890000000000000000e+02
-8.860000000000000000e+02
7.430000000000000000e+02
6.870000000000000000e+02
-5.760000000000000000e+02
-5.580000000000000000e+02
5.530000000000000000e+02
5.430000000000000000e+02
-3.800000000000000000e+02
-3.740000000000000000e+02
-3.640000000000000000e+02
3.290000000000000000e+02
2.870000000000000000e+02
-2.420000000000000000e+02
2.410000000000000000e+02
-2.380000000000000000e+02
1.090000000000000000e+02
-1.040000000000000000e+02
7.100000000000000000e+01
