-6.568548195414466591e+02 9.071610745026769962e+01 9.086911441938902101e+01 2.223323288177394375e+01 1.440001440396764565e+02 -5.031096507196959777e+00 5.475814147230472173e+01 4.286460313975167224e+01 1.042153682777396568e+02 6.171855854507526828e+01 2.100885163333406638e+02 2.533518930791291979e+01 1.152193017099229593e+02 1.512237692227759212e+01 9.611068152837544787e+00 1.482307708891350728e+01 4.703375251695347536e+00 1.791917813399784620e+01 6.327064192006513110e+01 -5.156130596891870255e+00
9.071610745026771383e+01 7.891150182383679379e-01 -1.559900468043165844e+00 -7.059065672176916451e+01 1.099088747808040125e+02 -7.947050280241471398e+01 9.579661024828020288e+00 -3.946419046435651445e+00 3.336859084712379797e+01 8.579667614299575362e-01 1.483509664722820958e+02 -8.862744645494977647e+01 3.798633511482582037e+01 -1.608035586131619965e+01 7.618694187654362793e+00 -2.601390732203899603e+01 1.824312779298369325e+00 -1.197086484675347862e+02 4.283511018755110911e+01 -9.966268529486413286e+01
9.086911441938904943e+01 -1.559900468043180055e+00 2.444096949609814828e+01 -7.936488134554824114e+01 1.101207980821694576e+02 -8.708493506279783958e+01 6.420037009521114335e+00 -7.570960674506072685e+00 2.887767888250451165e+01 -3.703001529864978991e+00 1.474531522143970506e+02 -9.944940848971434377e+01 3.313131219328227672e+01 -1.883642192336212062e+01 7.661302780559589465e+00 -2.974656827732613351e+01 1.653651675044308877e+00 -1.330983959345260530e+02 4.237939754585189434e+01 -1.092986627177745618e+02
2.223323288177395796e+01 -7.059065672176913608e+01 -7.936488134554824114e+01 4.339922220560323467e+02 2.723676812173800599e+01 -1.039222802545675250e+02 -3.350314842682868743e+01 -4.180905109550127463e+01 -4.315450808340358435e+01 -5.129424127415765611e+01 2.339874169038226981e+01 -1.422015535255545728e+02 -4.622108978855501960e+01 -3.474776320307658040e+01 2.203173515664550663e+00 -4.801784996658264504e+01 -1.514193640555268283e+00 -1.782147130421730310e+02 4.538197746752729245e+00 -1.313075915095241442e+02
1.440001440396764565e+02 1.099088747808040125e+02 1.101207980821694719e+02 2.723676812173802375e+01 -6.059610009652345752e+02 -5.764794969308507433e+00 6.631536760236213013e+01 5.195937631301654847e+01 1.261478074932264803e+02 7.478634979363881996e+01 2.539637089612727152e+02 3.107100243569261266e+01 1.394629821547690369e+02 1.839229042209801079e+01 1.161478365494504672e+01 1.807108047037583631e+01 5.691885505527380928e+00 2.221413706934523447e+01 7.649186891166431224e+01 -5.831995435997299637e+00
-5.031096507196961554e+00 -7.947050280241471398e+01 -8.708493506279783958e+01 -1.039222802545675250e+02 -5.764794969308509209e+00 7.882069956738115479e+02 -4.009928677541157072e+01 -4.485743436380917615e+01 -5.850543935238635385e+01 -5.689206290816979816e+01 -2.253117688360568138e+01 -1.280562934009403762e+02 -6.339514425886080318e+01 -3.310890593877433474e+01 -5.176166073275373369e-02 -4.451692812142361078e+01 -2.265830218561507348e+00 -1.576721754029709359e+02 -8.953645623106609719e+00 -1.124358482524465614e+02
5.475814147230473594e+01 9.579661024828016735e+00 6.420037009521109006e+00 -3.350314842682868743e+01 6.631536760236213013e+01 -4.009928677541157072e+01 -6.887599981023791429e+01 1.424550948383233262e+00 2.492647785282899520e+01 5.318401034720774412e+00 9.075569271952051054e+01 -4.226793902932863745e+01 2.810515280122955062e+01 -6.835079894512135823e+00 4.567491824021984392e+00 -1.182124787502500851e+01 1.283998354158746746e+00 -5.838257180413379643e+01 2.641168269827442217e+01 -5.019650184166933116e+01
4.286460313975166514e+01 -3.946419046435651445e+00 -7.570960674506074461e+00 -4.180905109550127463e+01 5.195937631301654847e+01 -4.485743436380917615e+01 1.424550948383234594e+00 6.360146449825469261e+01 1.132560872530305929e+01 -4.050974652493844808e+00 6.897651442760430029e+01 -5.230211033032664858e+01 1.314430031515734143e+01 -1.026370624680879651e+01 3.629004164265240640e+00 -1.589497713409543422e+01 6.923127000123660002e-01 -6.944530398067729493e+01 1.972448627895805728e+01 -5.633981179338117329e+01
1.042153682777396710e+02 3.336859084712379797e+01 2.887767888250451520e+01 -4.315450808340358435e+01 1.261478074932264803e+02 -5.850543935238636806e+01 2.492647785282899875e+01 1.132560872530305929e+01 -1.277329236382532258e+02 2.098534615954477545e+01 1.754592280256256629e+02 -5.503225055213463435e+01 6.520222760754305114e+01 -6.510696529051834602e+00 8.621966421552617277e+00 -1.371490153819141966e+01 2.857379303430667594e+00 -7.971228870579504644e+01 5.152366471990508501e+01 -7.299006563517161794e+01
6.171855854507526828e+01 8.579667614299593126e-01 -3.703001529864971886e+00 -5.129424127415765611e+01 7.478634979363880575e+01 -5.689206290816979816e+01 5.318401034720777965e+00 -4.050974652493845696e+00 2.098534615954477545e+01 1.586104756939546689e+01 1.004968709608491793e+02 -6.432723674299408856e+01 2.398659992355433701e+01 -1.197063424089679273e+01 5.194602549384348400e+00 -1.909132492429673178e+01 1.175568557399476077e+00 -8.642302877758861257e+01 2.894345217286473115e+01 -7.138021411778318281e+01
2.100885163333406354e+02 1.483509664722820958e+02 1.474531522143970506e+02 2.339874169038228047e+01 2.539637089612726584e+02 -2.253117688360569559e+01 9.075569271952051054e+01 6.897651442760430029e+01 1.754592280256256629e+02 1.004968709608491935e+02 -2.976476431614923968e+02 2.518462200615922342e+01 1.941833261302916753e+02 2.168197367162638045e+01 1.700152349179570521e+01 1.940146613806664888e+01 7.976193491728230889e+00 7.514709339362033447e+00 1.106009245028347863e+02 -2.638097614637402444e+01
2.533518930791293400e+01 -8.862744645494977647e+01 -9.944940848971431535e+01 -1.422015535255545728e+02 3.107100243569261266e+01 -1.280562934009403762e+02 -4.226793902932863745e+01 -5.230211033032666279e+01 -5.503225055213462014e+01 -6.432723674299407435e+01 2.518462200615921631e+01 3.892122837294068063e+02 -5.900569211875412634e+01 -4.311066567069475752e+01 2.548887363499880987e+00 -5.946847338372708691e+01 -1.949230296388139827e+00 -2.200652273544886839e+02 4.491338499720655797e+00 -1.618222960715630734e+02
1.152193017099229593e+02 3.798633511482582037e+01 3.313131219328227672e+01 -4.622108978855503381e+01 1.394629821547690369e+02 -6.339514425886078897e+01 2.810515280122955772e+01 1.314430031515734143e+01 6.520222760754306535e+01 2.398659992355434412e+01 1.941833261302916753e+02 -5.900569211875414055e+01 -1.210663251265369951e+02 -6.728347891714250295e+00 9.527222931584777399e+00 -1.452799157026836951e+01 3.188995359731273460e+00 -8.585862254285576967e+01 5.705485709878949763e+01 -7.906702207425362872e+01
1.512237692227759389e+01 -1.608035586131619965e+01 -1.883642192336212062e+01 -3.474776320307657329e+01 1.839229042209801079e+01 -3.310890593877434185e+01 -6.835079894512135823e+00 -1.026370624680879828e+01 -6.510696529051834602e+00 -1.197063424089678918e+01 2.168197367162637690e+01 -4.311066567069476463e+01 -6.728347891714251183e+00 3.350737921464155988e+02 1.349048104846792384e+00 -1.413060084308203201e+01 -1.571785892664109840e-01 -5.497043408881744853e+01 5.738826404159124372e+00 -4.175191708722635298e+01
9.611068152837544787e+00 7.618694187654362793e+00 7.661302780559587688e+00 2.203173515664550663e+00 1.161478365494504672e+01 -5.176166073275367818e-02 4.567491824021984392e+00 3.629004164265240640e+00 8.621966421552617277e+00 5.194602549384347512e+00 1.700152349179570166e+01 2.548887363499882319e+00 9.527222931584777399e+00 1.349048104846792384e+00 -8.452261138696733269e+02 1.370338151168726259e+00 3.876303518279903826e-01 2.069724558528606373e+00 5.128835104751310325e+00 3.222910064203343694e-02
1.482307708891350728e+01 -2.601390732203900313e+01 -2.974656827732613351e+01 -4.801784996658264504e+01 1.807108047037582921e+01 -4.451692812142361078e+01 -1.182124787502500851e+01 -1.589497713409544133e+01 -1.371490153819142499e+01 -1.909132492429672467e+01 1.940146613806665243e+01 -5.946847338372710112e+01 -1.452799157026836951e+01 -1.413060084308203201e+01 1.370338151168726482e+00 4.212003254283694105e+02 -4.342477103620713819e-01 -7.514993165259716079e+01 4.773824681957512084e+00 -5.619401456638207293e+01
4.703375251695347536e+00 1.824312779298369325e+00 1.653651675044308877e+00 -1.514193640555269171e+00 5.691885505527380928e+00 -2.265830218561506904e+00 1.283998354158747190e+00 6.923127000123661112e-01 2.857379303430668038e+00 1.175568557399476299e+00 7.976193491728230889e+00 -1.949230296388138939e+00 3.188995359731273904e+00 -1.571785892664110118e-01 3.876303518279903826e-01 -4.342477103620709933e-01 -2.458623424507712514e+02 -2.937110492784769100e+00 2.351768817890981023e+00 -2.820012617681382672e+00
1.791917813399784620e+01 -1.197086484675347862e+02 -1.330983959345260530e+02 -1.782147130421730310e+02 2.221413706934523091e+01 -1.576721754029709643e+02 -5.838257180413381064e+01 -6.944530398067729493e+01 -7.971228870579506065e+01 -8.642302877758861257e+01 7.514709339362031670e+00 -2.200652273544886839e+02 -8.585862254285576967e+01 -5.497043408881744853e+01 2.069724558528607261e+00 -7.514993165259714658e+01 -2.937110492784768656e+00 3.810549017164323118e+02 -1.559216648494345492e+00 -1.993823301172925824e+02
6.327064192006514531e+01 4.283511018755109490e+01 4.237939754585189434e+01 4.538197746752729245e+00 7.649186891166432645e+01 -8.953645623106616824e+00 2.641168269827442217e+01 1.972448627895805728e+01 5.152366471990508501e+01 2.894345217286473115e+01 1.106009245028347863e+02 4.491338499720655797e+00 5.705485709878951184e+01 5.738826404159124372e+00 5.128835104751311214e+00 4.773824681957512084e+00 2.351768817890981467e+00 -1.559216648494352597e+00 -5.808442472629922122e+02 -1.068911120139908633e+01
-5.156130596891870255e+00 -9.966268529486413286e+01 -1.092986627177745618e+02 -1.313075915095241726e+02 -5.831995435997313848e+00 -1.124358482524465757e+02 -5.019650184166933116e+01 -5.633981179338117329e+01 -7.299006563517161794e+01 -7.138021411778318281e+01 -2.638097614637402444e+01 -1.618222960715630734e+02 -7.906702207425361451e+01 -4.175191708722635298e+01 3.222910064203166058e-02 -5.619401456638206582e+01 -2.820012617681383116e+00 -1.993823301172926108e+02 -1.068911120139908633e+01 7.186382984941838004e+02
