9.650000000000000000e+02
-9.620000000000000000e+02
8.770000000000000000e+02
8.510000000000000000e+02
7.950000000000000000e+02
-7.100000000000000000e+02
-6.740000000000000000e+02
-6.540000000000000000e+02
-5.360000000000000000e+02
-5.260000000000000000e+02
5.110000000000000000e+02
3.830000000000000000e+02
-3.560000000000000000e+02
2.230000000000000000e+02
2.210000000000000000e+02
-2.180000000000000000e+02
-2.140000000000000000e+02
2.090000000000000000e+02
1.610000000000000000e+02
-1.560000000000000000e+02
