4.939642916683762905e+02 -4.796288249884945998e+01 5.413790403824016551e+01 -2.599719720380495858e+01 -6.192927318082629995e+01 -9.165430774335125985e-03 4.827537215790628267e+01 -9.912003293446028351e+01 -8.157428552750023698e+01 -1.050350998980424180e+02 -3.285530994859234966e+01 -1.410624471572108405e+02 -1.391366454394499783e+02 -4.027503035449305457e+01 -3.646519032214256129e+01 -2.813597930683249047e+02 -1.759288069074670773e+02 7.220096932506056220e+00 -5.882551814086882658e+00 -2.283085807430936143e+02
-4.796288249884945998e+01 6.015620481396216519e+02 1.728738996149983009e+01 -2.655369186845927931e+00 -7.705555740296614609e+00 1.972319604730447817e-02 1.628186380776048026e+01 -1.794299184362641952e+01 -1.607724860745692297e+01 -2.101309446137474168e+01 -6.363925369457458459e+00 -2.804198791970135574e+01 -2.520233694911411959e+01 -6.081367240192908419e+00 -5.108447078156457266e+00 -5.647770869238119928e+01 -3.460468097915456553e+01 2.089853562874736337e+00 -1.123325045586907045e+00 -4.580377288864497132e+01
5.413790403824016551e+01 1.728738996149983720e+01 -4.518502264585565058e+02 1.605467246824816243e+02 2.976454433415781295e+02 1.326064834908929013e+00 3.993619709725232951e+02 1.316741869601827943e+02 2.784287746209784586e+01 1.667773734965384236e+01 1.806160751454434887e+01 3.337641103794046415e+01 1.838857894469917085e+02 1.278130202561114288e+02 1.401570015146327250e+02 3.303207560752806415e+01 6.426547817672755514e+01 3.851273170080845887e+01 4.223049196575058950e+00 2.833373219535147314e+01
-2.599719720380497279e+01 -2.655369186845927931e+00 1.605467246824816527e+02 -2.770140958981704102e+02 1.029759376867402096e+02 5.107002328375114253e-01 1.637387062240029252e+02 3.159348190975867965e+01 -5.118766189132024635e+00 -1.400062774293228784e+01 5.846743881926854680e-01 -1.456015350399624708e+01 4.398209209993488855e+01 4.155599198518917348e+01 4.706819263463840741e+01 -4.200343209676426426e+01 -9.409519722904649441e+00 1.628947819257943408e+01 4.869878600935576007e-01 -3.349228174860945018e+01
-6.192927318082629995e+01 -7.705555740296614609e+00 2.976454433415781864e+02 1.029759376867402239e+02 -9.480204726853131092e+01 9.360890712829236238e-01 3.031529855197409802e+02 5.208286745001014140e+01 -1.421057006232109998e+01 -3.188702812315882795e+01 -8.701110154773896710e-01 -3.504314862319053248e+01 7.243795226774439300e+01 7.383316832412627662e+01 8.416785508851414477e+01 -9.366888491359352997e+01 -2.765812376258331184e+01 3.030197026552318462e+01 5.453646648199137470e-01 -7.492292670414042277e+01
-9.165430774335112107e-03 1.972319604730447817e-02 1.326064834908928791e+00 5.107002328375114253e-01 9.360890712829236238e-01 -5.539956212548863732e+02 1.358570658038747547e+00 3.581041060663073816e-01 2.838795101871900012e-02 -2.686076428883230061e-02 3.408135521803851153e-02 2.357094622292069119e-04 4.995428557295814587e-01 3.912853876925647123e-01 4.350876696428992441e-01 -1.104610331504110449e-01 7.517291131619552313e-02 1.330173595259192265e-01 9.373882588486573755e-03 -8.457303466575361028e-02
4.827537215790628267e+01 1.628186380776048026e+01 3.993619709725232951e+02 1.637387062240029252e+02 3.031529855197409802e+02 1.358570658038747547e+00 -3.873238114089373312e+02 1.319679548360203114e+02 2.609415759570751447e+01 1.395214368659359216e+01 1.752654900754359346e+01 2.998730519711689979e+01 1.842747294864868195e+02 1.297693001687538015e+02 1.425322348552224412e+02 2.544316149548126660e+01 6.059832310585629500e+01 3.968044237907748339e+01 4.151703182758295085e+00 2.221354964407240118e+01
-9.912003293446028351e+01 -1.794299184362641597e+01 1.316741869601827943e+02 3.159348190975867254e+01 5.208286745001013429e+01 3.581041060663073816e-01 1.319679548360203114e+02 1.241432614085470618e+02 -3.094321676716441161e+01 -4.508274487929347174e+01 -1.059133599433614670e+01 -5.754574261169364746e+01 -1.549883806607254044e+01 1.589890731538911339e+01 2.107330840406966033e+01 -1.239463347216840674e+02 -6.558156834742361241e+01 1.393849549683377909e+01 -1.625945554063877196e+00 -1.001577292439848748e+02
-8.157428552750023698e+01 -1.607724860745691942e+01 2.784287746209783876e+01 -5.118766189132029965e+00 -1.421057006232110353e+01 2.838795101871898971e-02 2.609415759570752158e+01 -3.094321676716441161e+01 5.996190630756311748e+02 -3.571171140058928017e+01 -1.086523926846765065e+01 -4.769983132553729632e+01 -4.345811313574466794e+01 -1.080564878281787600e+01 -9.202337470659873730e+00 -9.593864619624361012e+01 -5.895133282381493700e+01 3.398061018277879430e+00 -1.921830340262941084e+00 -7.781274574071100858e+01
-1.050350998980424464e+02 -2.101309446137473813e+01 1.667773734965383525e+01 -1.400062774293228784e+01 -3.188702812315884216e+01 -2.686076428883227979e-02 1.395214368659359216e+01 -4.508274487929347174e+01 -3.571171140058928017e+01 7.593487096119698663e+02 -1.450170795322532058e+01 -6.149941961030325643e+01 -6.326712461569101009e+01 -1.960169172309459640e+01 -1.816946462294366427e+01 -1.220860144997650849e+02 -7.709121481452928037e+01 2.453113351974880896e+00 -2.613531099866590601e+00 -9.909276284370417898e+01
-3.285530994859234966e+01 -6.363925369457458459e+00 1.806160751454434532e+01 5.846743881926870223e-01 -8.701110154773870065e-01 3.408135521803853929e-02 1.752654900754359346e+01 -1.059133599433614492e+01 -1.086523926846765065e+01 -1.450170795322531703e+01 4.688065783939214839e+02 -1.918288757518656951e+01 -1.489254647946664178e+01 -2.320584193962904163e+00 -1.449039556127406314e+00 -3.915672678610647495e+01 -2.332018974084565244e+01 2.055137198340138305e+00 -7.244105883385698608e-01 -3.173278510802404639e+01
-1.410624471572108405e+02 -2.804198791970135574e+01 3.337641103794045705e+01 -1.456015350399623998e+01 -3.504314862319053248e+01 2.357094622292901787e-04 2.998730519711691755e+01 -5.754574261169364746e+01 -4.769983132553729632e+01 -6.149941961030325643e+01 -1.918288757518657306e+01 6.404525292099657463e+02 -8.078204422848102695e+01 -2.306804009556826784e+01 -2.078256408675713729e+01 -1.647890666339293659e+02 -1.028549533858142127e+02 4.395191830067162186e+00 -3.430400514302504700e+00 -1.337111352559473971e+02
-1.391366454394499215e+02 -2.520233694911411249e+01 1.838857894469916801e+02 4.398209209993488855e+01 7.243795226774437879e+01 4.995428557295816807e-01 1.842747294864868763e+02 -1.549883806607254044e+01 -4.345811313574466794e+01 -6.326712461569099588e+01 -1.489254647946664178e+01 -8.078204422848102695e+01 1.148826281436954133e+02 2.203641320219133348e+01 2.926856663086271482e+01 -1.739143795171001159e+02 -9.211667271608096996e+01 1.947070893988909646e+01 -2.289240201194999269e+00 -1.405389555576995804e+02
-4.027503035449305457e+01 -6.081367240192908419e+00 1.278130202561114430e+02 4.155599198518918058e+01 7.383316832412626241e+01 3.912853876925647123e-01 1.297693001687538015e+02 1.589890731538911339e+01 -1.080564878281787955e+01 -1.960169172309459285e+01 -2.320584193962900610e+00 -2.306804009556827140e+01 2.203641320219132993e+01 -1.414928551680930013e+02 3.305992795043000854e+01 -5.596179683754809275e+01 -2.205291125105085825e+01 1.311381605593412658e+01 -1.219962356552708460e-01 -4.495611804171414860e+01
-3.646519032214253997e+01 -5.108447078156457266e+00 1.401570015146327250e+02 4.706819263463840741e+01 8.416785508851414477e+01 4.350876696428992441e-01 1.425322348552224412e+02 2.107330840406966743e+01 -9.202337470659873730e+00 -1.816946462294366427e+01 -1.449039556127406314e+00 -2.078256408675713729e+01 2.926856663086270771e+01 3.305992795043000854e+01 -1.860122647821446265e+02 -5.250917019383518891e+01 -1.845602861182239351e+01 1.432307495362674388e+01 6.666713690141407023e-02 -4.210404607421283174e+01
-2.813597930683249047e+02 -5.647770869238119218e+01 3.303207560752806415e+01 -4.200343209676426426e+01 -9.366888491359355839e+01 -1.104610331504110587e-01 2.544316149548123818e+01 -1.239463347216840674e+02 -9.593864619624361012e+01 -1.220860144997650849e+02 -3.915672678610647495e+01 -1.647890666339293944e+02 -1.739143795171000590e+02 -5.596179683754809275e+01 -5.250917019383518891e+01 5.268428348035038198e+02 -2.072257810431660801e+02 5.403904642036566841e+00 -7.085320588063104275e+00 -2.647745572348278529e+02
-1.759288069074670773e+02 -3.460468097915456553e+01 6.426547817672755514e+01 -9.409519722904660100e+00 -2.765812376258329053e+01 7.517291131619562028e-02 6.059832310585633763e+01 -6.558156834742361241e+01 -5.895133282381493700e+01 -7.709121481452926616e+01 -2.332018974084565244e+01 -1.028549533858142127e+02 -9.211667271608098417e+01 -2.205291125105085825e+01 -1.845602861182238996e+01 -2.072257810431661085e+02 4.801222054158656647e+02 7.751344202971348629e+00 -4.114180899442914985e+00 -1.680581575161549495e+02
7.220096932506056220e+00 2.089853562874736337e+00 3.851273170080845176e+01 1.628947819257943408e+01 3.030197026552319173e+01 1.330173595259192265e-01 3.968044237907748339e+01 1.393849549683378086e+01 3.398061018277882539e+00 2.453113351974882672e+00 2.055137198340139193e+00 4.395191830067163963e+00 1.947070893988909646e+01 1.311381605593412658e+01 1.432307495362674565e+01 5.403904642036566841e+00 7.751344202971346853e+00 -9.541924610039900472e+02 4.671383677373541765e-01 4.538373136429969534e+00
-5.882551814086883546e+00 -1.123325045586906823e+00 4.223049196575058950e+00 4.869878600935573787e-01 5.453646648199136360e-01 9.373882588486577225e-03 4.151703182758295085e+00 -1.625945554063877196e+00 -1.921830340262941084e+00 -2.613531099866590601e+00 -7.244105883385698608e-01 -3.430400514302505144e+00 -2.289240201194999269e+00 -1.219962356552711236e-01 6.666713690141395920e-02 -7.085320588063104275e+00 -4.114180899442914985e+00 4.671383677373541765e-01 3.748774692722922168e+02 -5.738272219100696958e+00
-2.283085807430936143e+02 -4.580377288864495711e+01 2.833373219535147314e+01 -3.349228174860946439e+01 -7.492292670414042277e+01 -8.457303466575355477e-02 2.221354964407237276e+01 -1.001577292439848748e+02 -7.781274574071099437e+01 -9.909276284370417898e+01 -3.173278510802404639e+01 -1.337111352559473971e+02 -1.405389555576996088e+02 -4.495611804171415571e+01 -4.210404607421283174e+01 -2.647745572348278529e+02 -1.680581575161549495e+02 4.538373136429969534e+00 -5.738272219100696958e+00 6.300617640999192872e+02
