-9.580000000000000000e+02
8.530000000000000000e+02
8.450000000000000000e+02
-8.400000000000000000e+02
8.050000000000000000e+02
-7.980000000000000000e+02
7.350000000000000000e+02
7.230000000000000000e+02
6.270000000000000000e+02
6.110000000000000000e+02
6.070000000000000000e+02
-5.540000000000000000e+02
4.730000000000000000e+02
3.750000000000000000e+02
-3.340000000000000000e+02
-2.800000000000000000e+02
-2.240000000000000000e+02
-1.700000000000000000e+02
1.370000000000000000e+02
1.350000000000000000e+02
