5.084853340758150466e+02 -8.180113196361386940e+01 -9.702633179527165908e+01 -1.610413263066369325e+02 -2.501773535930536596e+01 3.047460567928117214e+01 -1.179685851777156955e+02 9.265542055820924716e+00 -1.992410266917280239e+02 -9.981584991325146206e+00 -2.357146437068317084e+02 -1.645685602847854412e+01 -1.651648888852763832e+02 -5.885086873102530092e+01 8.094216238176029421e+00 -2.841771082031776174e+01 -1.177835452390982027e+02 -2.730431146445535617e+01 -8.907621645397686905e+01 -2.610589212505769030e+00
-8.180113196361386940e+01 -7.510884947293841662e+01 -3.037608036531847588e+01 -2.421112838481926843e+01 2.461663066937031985e+01 1.113410708258065114e+02 -3.517780390277168578e+01 6.854932257688913921e+01 -4.219869855715840856e+01 9.886628205389285995e+01 -4.058078217464181847e+01 2.398869428385764380e+01 -6.856605136472461481e+01 9.756673055803450723e+01 4.111873423623652002e+01 1.197088221968169819e+01 -4.984866400502038886e+01 5.238664383124105228e+01 -1.736314366257779085e+01 -2.045338838417714300e-01
-9.702633179527165908e+01 -3.037608036531847588e+01 5.415991424432769463e+02 -6.592374074063772582e+01 -7.217727535526922367e+00 2.384973345753658691e+01 -5.014990511799198458e+01 1.094809649736143520e+01 -8.286573538318322107e+01 6.607527024525633230e+00 -9.703992665202169121e+01 -3.917285400532213302e+00 -7.227149648618534172e+01 -1.275323040933582419e+01 7.564777662949965453e+00 -9.902417092470850335e+00 -5.164022608509320378e+01 -5.158379610711083529e+00 -3.688728903813937876e+01 -1.048644017706896303e+00
-1.610413263066369325e+02 -2.421112838481927199e+01 -6.592374074063774003e+01 1.689234732285985103e+02 6.951122017641330864e+00 9.584033682042434066e+01 -7.885772738293478312e+01 5.474786230722676095e+01 -1.204802882664255321e+02 6.849357046819540074e+01 -1.356401192013337607e+02 1.032617361779361609e+01 -1.246619619697405881e+02 4.562254037463775802e+01 3.397729056471437303e+01 -3.906650977755447229e+00 -8.960271091623059192e+01 2.642176382026466541e+01 -5.275478122406249781e+01 -1.321487302458560498e+00
-2.501773535930536596e+01 2.461663066937031985e+01 -7.217727535526924143e+00 6.951122017641334416e+00 -3.544204845238008375e+02 7.580585277676506450e+01 -7.508058976111289695e+00 4.811266327549078881e+01 -2.453232254082275132e-01 7.293420933573887055e+01 6.458940077880187758e+00 1.982664202077433657e+01 -2.446430140562220501e+01 7.941220193959247808e+01 2.847503943747655697e+01 1.296044633422206616e+01 -1.813412316548991754e+01 4.198713102321917745e+01 9.760290578896049229e-01 2.484506525252811182e-01
3.047460567928120057e+01 1.113410708258065114e+02 2.384973345753659402e+01 9.584033682042434066e+01 7.580585277676506450e+01 -7.789617418500921531e+02 3.276415004754246496e+01 1.386465220738194830e+02 9.228931765828698985e+01 2.213923530630680148e+02 1.292399936019109816e+02 6.660022909004196379e+01 4.410964889089307839e+00 2.634577217249899377e+02 8.083793324399083247e+01 5.178063004170429906e+01 1.101200610613441766e+00 1.375169272560060278e+02 4.448679814164675150e+01 1.957087736225186392e+00
-1.179685851777156813e+02 -3.517780390277168578e+01 -5.014990511799198458e+01 -7.885772738293478312e+01 -7.508058976111291472e+00 3.276415004754247207e+01 4.843189327798834825e+02 1.576018874165024997e+01 -9.960942420903209893e+01 1.188549308622341449e+01 -1.162828225214793463e+02 -3.636050996788323886e+00 -8.818587214899032745e+01 -1.103386411735784201e+01 1.063187956309999826e+01 -1.120085833382422713e+01 -6.304688573062393431e+01 -3.929390405827353661e+00 -4.428197865681486434e+01 -1.246928128686261905e+00
9.265542055820944256e+00 6.854932257688913921e+01 1.094809649736143164e+01 5.474786230722676095e+01 4.811266327549078881e+01 1.386465220738195114e+02 1.576018874165023576e+01 -7.634182626479837381e+02 5.064423723695681900e+01 1.434778249384561093e+02 7.295545542647393233e+01 4.252949920784706705e+01 -4.892224802147391749e+00 1.685321546991782213e+02 5.294021249237647453e+01 3.233198910230719036e+01 -4.818008925182962088e+00 8.812907249467535564e+01 2.473961451775864973e+01 1.149819171718043265e+00
-1.992410266917280239e+02 -4.219869855715842988e+01 -8.286573538318322107e+01 -1.204802882664255463e+02 -2.453232254082350627e-01 9.228931765828698985e+01 -9.960942420903209893e+01 5.064423723695681900e+01 2.039712050839828237e+02 5.786176798974067026e+01 -1.796935663106682455e+02 4.912875673143133781e+00 -1.520325726501897066e+02 2.523741050126010066e+01 3.202785019325972371e+01 -1.068742131716620136e+01 -1.090384314480838270e+02 1.634340993637243145e+01 -6.922579049865332479e+01 -1.830732978372218378e+00
-9.981584991325142653e+00 9.886628205389285995e+01 6.607527024525635007e+00 6.849357046819540074e+01 7.293420933573887055e+01 2.213923530630679863e+02 1.188549308622340739e+01 1.434778249384561093e+02 5.786176798974069868e+01 -4.634336200853854280e+02 8.896328686606230463e+01 6.508942627001401604e+01 -2.575771270697310911e+01 2.586265307499347159e+02 8.414815540952533013e+01 4.774295378254226563e+01 -2.045909966581950812e+01 1.356208569465106848e+02 2.916792057351904788e+01 1.522895714470015260e+00
-2.357146437068317084e+02 -4.058078217464180426e+01 -9.703992665202169121e+01 -1.356401192013337607e+02 6.458940077880187758e+00 1.292399936019109248e+02 -1.162828225214793605e+02 7.295545542647394655e+01 -1.796935663106682455e+02 8.896328686606236147e+01 8.947522339979084904e+01 1.181168720563035102e+01 -1.815425409688886020e+02 5.366916465287055615e+01 4.552807772642203332e+01 -8.177067687167969723e+00 -1.303868187770894451e+02 3.180746957761507687e+01 -7.887890118225450919e+01 -2.016484564088360631e+00
-1.645685602847854412e+01 2.398869428385764024e+01 -3.917285400532212414e+00 1.032617361779361609e+01 1.982664202077433657e+01 6.660022909004196379e+01 -3.636050996788322998e+00 4.252949920784706705e+01 4.912875673143132005e+00 6.508942627001401604e+01 1.181168720563036167e+01 -4.359519787423952835e+02 -1.749330280677637717e+01 7.210632114964707284e+01 2.510346833143992029e+01 1.225257245520468885e+01 -1.308649328346860230e+01 3.802618023910855527e+01 3.161539778797122668e+00 2.880808318652466893e-01
-1.651648888852763832e+02 -6.856605136472461481e+01 -7.227149648618534172e+01 -1.246619619697405881e+02 -2.446430140562220501e+01 4.410964889089306062e+00 -8.818587214899032745e+01 -4.892224802147391749e+00 -1.520325726501897066e+02 -2.575771270697309490e+01 -1.815425409688886305e+02 -1.749330280677637717e+01 7.990030062414887198e+02 -6.467382481208369427e+01 -9.026623751331231960e-01 -2.491623317628552670e+01 -8.540200669984093906e+01 -3.128499481156735129e+01 -6.824037654671589337e+01 -2.054619439622765942e+00
-5.885086873102528671e+01 9.756673055803450723e+01 -1.275323040933582419e+01 4.562254037463775802e+01 7.941220193959247808e+01 2.634577217249898808e+02 -1.103386411735782779e+01 1.685321546991782213e+02 2.523741050126010066e+01 2.586265307499346591e+02 5.366916465287056326e+01 7.210632114964708705e+01 -6.467382481208369427e+01 -1.901160404928478442e+02 9.940220826703072987e+01 4.944874358385377633e+01 -4.854787129508422083e+01 1.517117784344114284e+02 1.511356262472068401e+01 1.218575628841587211e+00
8.094216238176036526e+00 4.111873423623652002e+01 7.564777662949963677e+00 3.397729056471437303e+01 2.847503943747655697e+01 8.083793324399083247e+01 1.063187956310000537e+01 5.294021249237647453e+01 3.202785019325973082e+01 8.414815540952534434e+01 4.552807772642202622e+01 2.510346833143992029e+01 -9.026623751331266376e-01 9.940220826703072987e+01 -8.790910912527289156e+02 1.927329296448375828e+01 -1.422193536243615997e+00 5.193831102793895127e+01 1.554748452026137784e+01 7.044253847974066840e-01
-2.841771082031776174e+01 1.197088221968169997e+01 -9.902417092470850335e+00 -3.906650977755442788e+00 1.296044633422206793e+01 5.178063004170429906e+01 -1.120085833382422713e+01 3.233198910230719036e+01 -1.068742131716620136e+01 4.774295378254226563e+01 -8.177067687167973276e+00 1.225257245520468885e+01 -2.491623317628552314e+01 4.944874358385376922e+01 1.927329296448375828e+01 -1.989235410295428039e+02 -1.822375932218549366e+01 2.634608180666819166e+01 -4.059550853966785944e+00 2.652638950235369775e-02
-1.177835452390982027e+02 -4.984866400502038886e+01 -5.164022608509321088e+01 -8.960271091623057771e+01 -1.813412316548991043e+01 1.101200610613441766e+00 -6.304688573062393431e+01 -4.818008925182954982e+00 -1.090384314480838270e+02 -2.045909966581950812e+01 -1.303868187770894451e+02 -1.308649328346860052e+01 -8.540200669984093906e+01 -4.854787129508422083e+01 -1.422193536243619549e+00 -1.822375932218549011e+01 8.922389553494696202e+02 -2.358151272185875413e+01 -4.897185117424342593e+01 -1.480432274115636382e+00
-2.730431146445537038e+01 5.238664383124105228e+01 -5.158379610711083529e+00 2.642176382026465120e+01 4.198713102321917745e+01 1.375169272560060278e+02 -3.929390405827357213e+00 8.812907249467535564e+01 1.634340993637243855e+01 1.356208569465106848e+02 3.180746957761507687e+01 3.802618023910854816e+01 -3.128499481156736550e+01 1.517117784344114000e+02 5.193831102793894416e+01 2.634608180666819166e+01 -2.358151272185876124e+01 -4.241076810465972926e+02 9.313116125345073826e+00 6.792087743028352165e-01
-8.907621645397686905e+01 -1.736314366257778730e+01 -3.688728903813937876e+01 -5.275478122406249781e+01 9.760290578896138047e-01 4.448679814164673729e+01 -4.428197865681485723e+01 2.473961451775865683e+01 -6.922579049865331058e+01 2.916792057351903722e+01 -7.887890118225450919e+01 3.161539778797122668e+00 -6.824037654671589337e+01 1.511356262472069112e+01 1.554748452026138672e+01 -4.059550853966785944e+00 -4.897185117424341882e+01 9.313116125345077378e+00 3.005364356277181628e+02 -7.944485963400619299e-01
-2.610589212505769030e+00 -2.045338838417714578e-01 -1.048644017706896303e+00 -1.321487302458560276e+00 2.484506525252811182e-01 1.957087736225186392e+00 -1.246928128686261683e+00 1.149819171718043487e+00 -1.830732978372218600e+00 1.522895714470015482e+00 -2.016484564088360631e+00 2.880808318652467448e-01 -2.054619439622765942e+00 1.218575628841587211e+00 7.044253847974066840e-01 2.652638950235369775e-02 -1.480432274115636382e+00 6.792087743028352165e-01 -7.944485963400619299e-01 1.609815829142882251e+02
