1.134341211804624550e+02 -6.961772158565545965e+01 -1.463616260636246693e+02 -1.049269812965176527e+02 -1.066276705144565540e+01 3.196738168185696694e+01 -1.080102021867095097e+01 -7.640897949283764490e+01 -1.287767896212658059e+02 -1.426104665878410671e+01 2.239829320637159427e+01 8.843211789246804955e+00 -6.089341034901686811e+01 -2.984089767997013354e+01 -3.090084622533229464e+01 6.776872071366963013e+00 -8.785742902906910956e+01 -3.580511413702727630e+00 -4.522035300344274589e+00 -5.459182407098111867e+00
-6.961772158565545965e+01 -2.004872121874268203e+02 -1.288246912579938908e+02 -1.160422521258306432e+02 -7.901546521386546118e+00 1.074405640363594472e+02 1.453676473985446727e+01 1.772233639418121243e+01 -9.569382023209115573e+01 -1.550144938252916305e+01 1.567389771352667083e+02 1.014696901384845091e+02 -5.852218464937995890e+01 -3.429780072295778304e-01 -2.083320870575209938e+01 6.248590499346067162e+01 -1.001830682251295457e+02 -3.989551598488347839e+00 5.347554933715095160e+01 5.239539219139840043e+01
-1.463616260636246977e+02 -1.288246912579938908e+02 1.660689882961100636e+02 -1.478097114874568661e+02 -1.628671469574363329e+01 2.157301224073140133e+01 -2.383331521759569327e+01 -1.409038654552246896e+02 -1.966123281996302126e+02 -2.017737995404034379e+01 -1.139397860538872820e+01 -1.738116782058009235e+01 -8.865090558307502988e+01 -5.266483035483213371e+01 -4.787132544869786699e+01 -8.349213942240240272e+00 -1.227816414896265655e+02 -5.034155066756250463e+00 -2.540016374692128664e+01 -2.670608198288787349e+01
-1.049269812965176669e+02 -1.160422521258306432e+02 -1.478097114874568661e+02 7.587851219095836086e+02 -1.162947881093136182e+01 -1.375074799196076114e+01 -2.486481972225874770e+01 -1.264922052263612073e+02 -1.402981986081089190e+02 -1.269020921287230763e+01 -5.692059820089177435e+01 -4.545256204725987459e+01 -5.863701351453281063e+01 -4.518368415603595167e+01 -3.490142784984637814e+01 -2.596563679497007371e+01 -7.546108306652257625e+01 -3.129459458458191623e+00 -3.791892755440067475e+01 -3.871715011360159053e+01
-1.066276705144565540e+01 -7.901546521386546118e+00 -1.628671469574362973e+01 -1.162947881093136182e+01 2.198105642722293283e+02 3.401551131456856947e+00 -1.249110397277351403e+00 -8.669405419605537233e+00 -1.436457979559528830e+01 -1.581139779675057921e+00 2.223410672650851794e+00 8.001216561028394736e-01 -6.766380541300235585e+00 -3.371503489787006203e+00 -3.451056364051077630e+00 6.431482548276956646e-01 -9.731665584053500240e+00 -3.967840673417341590e-01 -6.159978054830614891e-01 -7.197797225150130984e-01
3.196738168185697049e+01 1.074405640363594472e+02 2.157301224073139423e+01 -1.375074799196076114e+01 3.401551131456856947e+00 -8.688979851930896530e+02 3.124769714227774386e+01 1.160727846931266356e+02 4.075455244746371619e+01 -1.535505521095142711e+00 1.657061406360501792e+02 1.142500467994298248e+02 2.900879187593524478e+00 3.637140877147362517e+01 1.240545564536868639e+01 6.871482717476359880e+01 -1.523695380942000277e+01 -5.059154928916503868e-01 7.153313420466959371e+01 7.135637737521912527e+01
-1.080102021867094919e+01 1.453676473985446727e+01 -2.383331521759568972e+01 -2.486481972225874770e+01 -1.249110397277351403e+00 3.124769714227774386e+01 -3.498632299459283104e+02 1.546263920105613998e+01 -1.517281174717216885e+01 -3.290708516772695713e+00 4.864424374377992422e+01 3.220523100203507028e+01 -1.153308873378731647e+01 3.653313299392275226e+00 -2.941630378654118694e+00 1.966426568631621663e+01 -2.181107151986787684e+01 -8.582507800837825274e-01 1.813131898151831578e+01 1.789487886419501805e+01
-7.640897949283763069e+01 1.772233639418121243e+01 -1.409038654552246612e+02 -1.264922052263612358e+02 -8.669405419605537233e+00 1.160727846931266640e+02 1.546263920105613998e+01 -1.961609593493543002e+02 -1.049874616645779923e+02 -1.690131304115181266e+01 1.689441629331982142e+02 1.092805535570759901e+02 -6.391993906052090324e+01 -8.464540744170561126e-01 -2.290235232562251966e+01 6.731720438059319633e+01 -1.091611737991604230e+02 -4.348392279912068226e+00 5.744500280495224587e+01 5.626820712735997176e+01
-1.287767896212658059e+02 -9.569382023209116994e+01 -1.966123281996302126e+02 -1.402981986081089190e+02 -1.436457979559528830e+01 4.075455244746373040e+01 -1.517281174717216530e+01 -1.049874616645779923e+02 4.952284288412059254e+01 -1.907594965910428542e+01 2.630735540472004175e+01 9.294236326340985954e+00 -8.166419893688420473e+01 -4.080154048310484427e+01 -4.168574758665537416e+01 7.543972725966862747e+00 -1.173911520741539647e+02 -4.786692379927690588e+00 -7.660009154284600719e+00 -8.911864711972420139e+00
-1.426104665878410671e+01 -1.550144938252916305e+01 -2.017737995404034379e+01 -1.269020921287230763e+01 -1.581139779675057921e+00 -1.535505521095141157e+00 -3.290708516772695713e+00 -1.690131304115181266e+01 -1.907594965910428542e+01 7.932549667837621428e+02 -7.179954278475376483e+00 -5.801141066828812143e+00 -8.025703810073682831e+00 -6.056326845103640721e+00 -4.736947104779653195e+00 -3.301084561964985564e+00 -1.039956640826352263e+01 -4.308097857343248793e-01 -4.928791970805719735e+00 -5.038856354200826004e+00
2.239829320637159427e+01 1.567389771352667651e+02 -1.139397860538872820e+01 -5.692059820089178857e+01 2.223410672650851350e+00 1.657061406360501792e+02 4.864424374377991711e+01 1.689441629331982426e+02 2.630735540472007017e+01 -7.179954278475374707e+00 -4.262411215286363131e+02 1.935072967140084756e+02 -1.487671674946911615e+01 5.102883765984289965e+01 1.069472863433460574e+01 1.168556626856200040e+02 -5.387344250103235055e+01 -2.003567563100959514e+00 1.178998582169631248e+02 1.173014639522342009e+02
8.843211789246812060e+00 1.014696901384844949e+02 -1.738116782058009235e+01 -4.545256204725988169e+01 8.001216561028376972e-01 1.142500467994298248e+02 3.220523100203507738e+01 1.092805535570759901e+02 9.294236326340980625e+00 -5.801141066828813919e+00 1.935072967140084756e+02 -5.224640357062546627e+02 -1.409089035352882213e+01 3.256092894352751443e+01 5.195703030106828990e+00 7.952718314784131337e+01 -4.226263213565561472e+01 -1.592443958506285284e+00 7.948726604849719024e+01 7.902039620434301526e+01
-6.089341034901686101e+01 -5.852218464937996600e+01 -8.865090558307502988e+01 -5.863701351453281063e+01 -6.766380541300235585e+00 2.900879187593531583e+00 -1.153308873378731647e+01 -6.391993906052091745e+01 -8.166419893688420473e+01 -8.025703810073682831e+00 -1.487671674946911615e+01 -1.409089035352882036e+01 4.751393175968508444e+02 -2.345549596713096818e+01 -2.003783455799369406e+01 -7.627809541191337139e+00 -4.847132988372737827e+01 -1.994745696876670804e+00 -1.466556099076360020e+01 -1.518019446533622130e+01
-2.984089767997014064e+01 -3.429780072295787186e-01 -5.266483035483213371e+01 -4.518368415603595167e+01 -3.371503489787005314e+00 3.637140877147362517e+01 3.653313299392277003e+00 -8.464540744170543363e-01 -4.080154048310484427e+01 -6.056326845103640721e+00 5.102883765984289965e+01 3.256092894352751443e+01 -2.345549596713096818e+01 -1.586085761258141815e+02 -9.122920137658175221e+00 2.016286505855427791e+01 -3.877978959295378303e+01 -1.551168297160794962e+00 1.639033527308427196e+01 1.597306597367329672e+01
-3.090084622533229464e+01 -2.083320870575209938e+01 -4.787132544869786699e+01 -3.490142784984638524e+01 -3.451056364051077630e+00 1.240545564536868639e+01 -2.941630378654117361e+00 -2.290235232562252321e+01 -4.168574758665537416e+01 -4.736947104779652307e+00 1.069472863433459509e+01 5.195703030106828990e+00 -2.003783455799369406e+01 -9.122920137658175221e+00 1.510495740204374613e+02 3.606138665431593893e+00 -2.929786667364190933e+01 -1.191701981839673685e+00 -6.647837654696742149e-02 -3.792729795717555419e-01
6.776872071366970118e+00 6.248590499346065741e+01 -8.349213942240240272e+00 -2.596563679497007371e+01 6.431482548276956646e-01 6.871482717476359880e+01 1.966426568631622018e+01 6.731720438059321054e+01 7.543972725966876069e+00 -3.301084561964985564e+00 1.168556626856199756e+02 7.952718314784131337e+01 -7.627809541191337139e+00 2.016286505855427436e+01 3.606138665431593893e+00 -6.259388114536599232e+02 -2.428768422216105449e+01 -9.111362035083423461e-01 4.820506749028201909e+01 4.793626776738661022e+01
-8.785742902906910956e+01 -1.001830682251295315e+02 -1.227816414896265513e+02 -7.546108306652257625e+01 -9.731665584053500240e+00 -1.523695380942000277e+01 -2.181107151986788040e+01 -1.091611737991604230e+02 -1.173911520741539647e+02 -1.039956640826352263e+01 -5.387344250103235055e+01 -4.226263213565562182e+01 -4.847132988372737117e+01 -3.877978959295378303e+01 -2.929786667364191644e+01 -2.428768422216106160e+01 9.034156949593829040e+02 -2.559248539344453288e+00 -3.426192974648052569e+01 -3.491271216585781900e+01
-3.580511413702727630e+00 -3.989551598488347839e+00 -5.034155066756249575e+00 -3.129459458458191623e+00 -3.967840673417341590e-01 -5.059154928916501648e-01 -8.582507800837825274e-01 -4.348392279912068226e+00 -4.786692379927690588e+00 -4.308097857343249348e-01 -2.003567563100959514e+00 -1.592443958506285284e+00 -1.994745696876670360e+00 -1.551168297160794740e+00 -1.191701981839673685e+00 -9.111362035083421240e-01 -2.559248539344453288e+00 8.768938129854803947e+02 -1.318688612740429811e+00 -1.345753752601219322e+00
-4.522035300344274589e+00 5.347554933715094450e+01 -2.540016374692128664e+01 -3.791892755440067475e+01 -6.159978054830632654e-01 7.153313420466957950e+01 1.813131898151831933e+01 5.744500280495223876e+01 -7.660009154284601607e+00 -4.928791970805720624e+00 1.178998582169631106e+02 7.948726604849719024e+01 -1.466556099076360198e+01 1.639033527308426486e+01 -6.647837654696742149e-02 4.820506749028201199e+01 -3.426192974648053280e+01 -1.318688612740429811e+00 -4.889780394227892657e+02 4.664690054191990498e+01
-5.459182407098111867e+00 5.239539219139840753e+01 -2.670608198288786639e+01 -3.871715011360159053e+01 -7.197797225150130984e-01 7.135637737521912527e+01 1.789487886419502516e+01 5.626820712735997176e+01 -8.911864711972434350e+00 -5.038856354200824228e+00 1.173014639522341724e+02 7.902039620434302947e+01 -1.518019446533621419e+01 1.597306597367330028e+01 -3.792729795717555419e-01 4.793626776738661022e+01 -3.491271216585781190e+01 -1.345753752601219322e+00 4.664690054191990498e+01 -4.797350339754665924e+02
