-6.511871477067477372e+02 1.219012263271672403e+01 9.967945445474988730e+01 4.298472050326960670e+00 7.008720941358487266e+01 5.684310366250439017e+01 4.147723564427073484e+01 9.370690072319515451e+00 -7.270185924152031687e-01 3.126862637661040978e+01 1.160311528887630033e+02 1.230561726492665855e+02 1.312565267440354546e+02 6.598263300730239678e+01 -6.286944206995464413e+01 3.454489220455550935e+01 -9.424564242082942300e+00 2.553275918243607556e+00 6.755029979560344344e+00 -1.206525769488411726e+01
1.219012263271672047e+01 9.842129941498623680e+01 2.046276775631136502e+01 -1.764581268403811976e+01 -5.360130277356071815e+01 6.471722575333143546e+00 -7.437903786631768810e+01 -1.096094776207165182e+02 -2.829339269024610637e+00 -3.817666979833703955e+00 5.114669067611592901e+00 -4.202638329472209833e+00 7.499181492650810021e+00 -1.023150514036146674e+01 -1.401851714402821756e+02 -4.248527525229389568e+01 -5.049238718302882489e+01 -2.492831141094871228e+01 -4.320734774101412512e+01 -4.995439687216209279e+01
9.967945445474988730e+01 2.046276775631136502e+01 -7.354498962070149446e+02 6.935148226038114316e+00 8.459597239165493932e+01 6.253398217962659089e+01 5.525323314031721367e+01 2.377374754941672919e+01 -4.656566695967114256e-01 3.529667131544754710e+01 1.286326063382687437e+02 1.375917908264088680e+02 1.453030678722505513e+02 7.474723268982064894e+01 -5.297952032404481315e+01 4.365063125857793125e+01 -4.355738924474795049e+00 5.877047737756155854e+00 1.278149343680940397e+01 -7.362835894226062550e+00
4.298472050326957117e+00 -1.764581268403811976e+01 6.935148226038114316e+00 1.334992484502987224e+02 -1.640610142316961628e+01 2.327923848726715317e+00 -2.306212605416112282e+01 -3.426080535035141850e+01 -8.895204667853303659e-01 -1.028843802899671811e+00 2.217700614761028088e+00 -6.615219355350543395e-01 3.045033883446512490e+00 -2.852045158194943753e+00 -4.421572847766802994e+01 -1.311539515295868696e+01 -1.585551545717907374e+01 -7.789637738574849202e+00 -1.348911873837227127e+01 -1.570114516803196381e+01
7.008720941358488687e+01 -5.360130277356071815e+01 8.459597239165493932e+01 -1.640610142316961628e+01 -2.021068692376883860e+02 4.261622741899562783e+01 -5.451957083164401041e+01 -1.127657972818290091e+02 -3.517819382706141695e+00 1.545734657414688940e+01 7.822801617071817759e+01 7.254446779511533805e+01 9.034742048436524442e+01 3.026320237579147587e+01 -1.911171445439419472e+02 -2.434221111212088573e+01 -6.055509005433108172e+01 -2.538169850918256643e+01 -4.253376569614782454e+01 -6.162715605878371150e+01
5.684310366250439017e+01 6.471722575333144434e+00 6.253398217962656958e+01 2.327923848726715317e+00 4.261622741899562783e+01 -6.804428666585802148e+02 2.437112717515654126e+01 3.659114756209539188e+00 -5.094315649918316202e-01 1.941267919219664151e+01 7.241999154764550894e+01 7.661302193127139049e+01 8.195689426149510837e+01 4.092107897950087647e+01 -4.197414151962043150e+01 2.068514744934766725e+01 -6.878842120679854233e+00 1.095276151317290170e+00 3.350317387140001824e+00 -8.513988627388732411e+00
4.147723564427073484e+01 -7.437903786631767389e+01 5.525323314031717103e+01 -2.306212605416112282e+01 -5.451957083164402462e+01 2.437112717515653415e+01 -9.284670786631357942e+01 -1.479741715451132222e+02 -4.083563471515677890e+00 3.274471326177911923e+00 3.862973944787397329e+01 2.774783205837467648e+01 4.605163441904485211e+01 3.922110012004342838e+00 -2.096412759153689933e+02 -4.893531832883990518e+01 -7.190833790961492866e+01 -3.353855357891779931e+01 -5.749663049032577078e+01 -7.188881541570594891e+01
9.370690072319494135e+00 -1.096094776207165467e+02 2.377374754941675761e+01 -3.426080535035141850e+01 -1.127657972818290375e+02 3.659114756209535635e+00 -1.479741715451131938e+02 2.882613046075206498e+01 -5.277485908333820142e+00 -1.203754910256820843e+01 -7.948742871433373658e+00 -2.676403553173494032e+01 -5.728729937624722268e+00 -2.954462486087729189e+01 -2.573903532906689975e+02 -8.617737938230467876e+01 -9.472319159851336678e+01 -4.786386601264197083e+01 -8.331586628757217738e+01 -9.329603551003168604e+01
-7.270185924152031687e-01 -2.829339269024610637e+00 -4.656566695967116476e-01 -8.895204667853303659e-01 -3.517819382706141695e+00 -5.094315649918315092e-01 -4.083563471515677890e+00 -5.277485908333820142e+00 5.888776325261250122e+02 -6.264299774834525270e-01 -1.419773193135705158e+00 -1.957479435028572246e+00 -1.525672537386890459e+00 -1.423970498282234320e+00 -5.678888550572873228e+00 -2.487779234640127068e+00 -2.234548496976111132e+00 -1.206288517139547434e+00 -2.124139589929470162e+00 -2.171529140028298333e+00
3.126862637661040978e+01 -3.817666979833703955e+00 3.529667131544754710e+01 -1.028843802899672921e+00 1.545734657414688407e+01 1.941267919219664506e+01 3.274471326177913699e+00 -1.203754910256820487e+01 -6.264299774834523049e-01 -4.783370942831354000e+02 3.851157660928259219e+01 3.951780345501708780e+01 4.380088320110235145e+01 2.009101115001417881e+01 -3.978577114623354305e+01 5.406736643305192658e+00 -1.002260519410349282e+01 -2.600139785072130838e+00 -3.747679358007002914e+00 -1.080897456666559009e+01
1.160311528887630033e+02 5.114669067611592901e+00 1.286326063382687437e+02 2.217700614761027644e+00 7.822801617071817759e+01 7.241999154764550894e+01 3.862973944787397329e+01 -7.948742871433363000e+00 -1.419773193135705602e+00 3.851157660928258508e+01 -4.896271958409982403e+02 1.535049767860670329e+02 1.658874229124069188e+02 8.087569271341425292e+01 -1.040012806695214778e+02 3.567048182453566341e+01 -2.088731955930448692e+01 -1.278617809788140658e+00 7.040562928432152479e-01 -2.410095602576003770e+01
1.230561726492665571e+02 -4.202638329472208945e+00 1.375917908264088396e+02 -6.615219355350498986e-01 7.254446779511536647e+01 7.661302193127139049e+01 2.774783205837466582e+01 -2.676403553173494032e+01 -1.957479435028572246e+00 3.951780345501709490e+01 1.535049767860670329e+02 -4.006277760237444454e+02 1.742574444666647082e+02 8.261558799506067885e+01 -1.320846884258957630e+02 3.003753880228559936e+01 -3.029260478389950961e+01 -5.535083280039167164e+00 -6.548429961548917433e+00 -3.355322313756212793e+01
1.312565267440354546e+02 7.499181492650810021e+00 1.453030678722504945e+02 3.045033883446512490e+00 9.034742048436524442e+01 8.195689426149512258e+01 4.605163441904484500e+01 -5.728729937624740032e+00 -1.525672537386890237e+00 4.380088320110235145e+01 1.658874229124068904e+02 1.742574444666647082e+02 -4.620473185577656636e+02 9.204985027998162650e+01 -1.137705906578135853e+02 4.173798863729393815e+01 -2.217926109044110561e+01 -7.026217912704739721e-01 2.094800711504082980e+00 -2.584085119331817992e+01
6.598263300730239678e+01 -1.023150514036146674e+01 7.474723268982063473e+01 -2.852045158194943753e+00 3.026320237579149364e+01 4.092107897950089068e+01 3.922110012004342838e+00 -2.954462486087728479e+01 -1.423970498282233876e+00 2.009101115001417881e+01 8.087569271341426713e+01 8.261558799506066464e+01 9.204985027998162650e+01 -4.223175666611867882e+02 -8.887879073795342322e+01 9.648243661417453154e+00 -2.298920741400344525e+01 -6.431167733174051548e+00 -9.556861720606539379e+00 -2.461524190907799436e+01
-6.286944206995464413e+01 -1.401851714402822040e+02 -5.297952032404482736e+01 -4.421572847766802994e+01 -1.911171445439419472e+02 -4.197414151962042439e+01 -2.096412759153689933e+02 -2.573903532906689975e+02 -5.678888550572873228e+00 -3.978577114623355016e+01 -1.040012806695214778e+02 -1.320846884258957914e+02 -1.137705906578135995e+02 -8.887879073795342322e+01 6.983709326445812167e+02 -1.305575716852818289e+02 -1.048813343404613079e+02 -5.895834363063730876e+01 -1.045107770716582820e+02 -1.010334718679375641e+02
3.454489220455550935e+01 -4.248527525229389568e+01 4.365063125857793125e+01 -1.311539515295868341e+01 -2.434221111212088573e+01 2.068514744934767435e+01 -4.893531832883990518e+01 -8.617737938230467876e+01 -2.487779234640127068e+00 5.406736643305197987e+00 3.567048182453566341e+01 3.003753880228559225e+01 4.173798863729393815e+01 9.648243661417447825e+00 -1.305575716852818289e+02 -1.070026001366211972e+02 -4.343227909290080646e+01 -1.948448035323350425e+01 -3.313872283884322911e+01 -4.371438501421222611e+01
-9.424564242082949406e+00 -5.049238718302882489e+01 -4.355738924474787943e+00 -1.585551545717907374e+01 -6.055509005433108172e+01 -6.878842120679854233e+00 -7.190833790961491445e+01 -9.472319159851336678e+01 -2.234548496976111132e+00 -1.002260519410349104e+01 -2.088731955930449047e+01 -3.029260478389952382e+01 -2.217926109044109495e+01 -2.298920741400344170e+01 -1.048813343404613079e+02 -4.343227909290080646e+01 4.543509126306828989e+02 -2.163446778891826483e+01 -3.800442867529865509e+01 -3.962036178304748546e+01
2.553275918243605780e+00 -2.492831141094871228e+01 5.877047737756155854e+00 -7.789637738574849202e+00 -2.538169850918256998e+01 1.095276151317292834e+00 -3.353855357891779931e+01 -4.786386601264197083e+01 -1.206288517139547212e+00 -2.600139785072129950e+00 -1.278617809788137105e+00 -5.535083280039170717e+00 -7.026217912704721957e-01 -6.431167733174055101e+00 -5.895834363063730876e+01 -1.948448035323350425e+01 -2.163446778891826483e+01 2.161016673493346332e+02 -1.895993523690572502e+01 -2.132129769212681936e+01
6.755029979560330133e+00 -4.320734774101412512e+01 1.278149343680938976e+01 -1.348911873837227127e+01 -4.253376569614782454e+01 3.350317387139999603e+00 -5.749663049032578499e+01 -8.331586628757217738e+01 -2.124139589929470162e+00 -3.747679358007001138e+00 7.040562928432150258e-01 -6.548429961548920986e+00 2.094800711504090085e+00 -9.556861720606537602e+00 -1.045107770716582820e+02 -3.313872283884323622e+01 -3.800442867529865509e+01 -1.895993523690572502e+01 1.580737464961712249e+02 -3.752456734218426249e+01
-1.206525769488412436e+01 -4.995439687216210700e+01 -7.362835894226066102e+00 -1.570114516803196381e+01 -6.162715605878371861e+01 -8.513988627388732411e+00 -7.188881541570594891e+01 -9.329603551003168604e+01 -2.171529140028298777e+00 -1.080897456666559187e+01 -2.410095602576003770e+01 -3.355322313756212793e+01 -2.584085119331817992e+01 -2.461524190907799792e+01 -1.010334718679375641e+02 -4.371438501421222611e+01 -3.962036178304749257e+01 -2.132129769212682291e+01 -3.752456734218426959e+01 5.284714692068644126e+02
