-9.900000000000000000e+02
9.530000000000000000e+02
9.190000000000000000e+02
-9.100000000000000000e+02
-8.540000000000000000e+02
7.330000000000000000e+02
-6.880000000000000000e+02
5.830000000000000000e+02
5.450000000000000000e+02
-5.040000000000000000e+02
-4.780000000000000000e+02
-4.540000000000000000e+02
-3.760000000000000000e+02
3.610000000000000000e+02
3.310000000000000000e+02
2.930000000000000000e+02
2.590000000000000000e+02
-2.060000000000000000e+02
1.610000000000000000e+02
-9.200000000000000000e+01
