-9.660000000000000000e+02
-9.480000000000000000e+02
9.070000000000000000e+02
8.550000000000000000e+02
8.070000000000000000e+02
-7.860000000000000000e+02
7.730000000000000000e+02
6.830000000000000000e+02
5.750000000000000000e+02
5.250000000000000000e+02
-5.240000000000000000e+02
-5.020000000000000000e+02
-4.180000000000000000e+02
-3.920000000000000000e+02
3.790000000000000000e+02
-3.460000000000000000e+02
2.530000000000000000e+02
-2.260000000000000000e+02
-1.460000000000000000e+02
1.430000000000000000e+02
