9.530000000000000000e+02
-8.440000000000000000e+02
-7.420000000000000000e+02
-7.160000000000000000e+02
-6.500000000000000000e+02
-6.360000000000000000e+02
5.890000000000000000e+02
5.670000000000000000e+02
-5.600000000000000000e+02
4.950000000000000000e+02
-4.880000000000000000e+02
-4.640000000000000000e+02
2.390000000000000000e+02
2.270000000000000000e+02
1.910000000000000000e+02
-1.880000000000000000e+02
1.550000000000000000e+02
1.390000000000000000e+02
-8.200000000000000000e+01
-2.000000000000000000e+00
