9.152672449062249598e+02 -4.229740118309927510e+01 -5.610505705245402908e+01 -2.001666135576461159e+01 -3.764993518468650713e+00 8.911275799012635446e+00 -5.394583549982037596e+01 -6.663358246202551527e+01 -1.603563636088999189e+01 -9.201336018788049742e+00 -1.607582585945015197e+01 -4.099562040007610264e+00 -5.497232094442347972e+01 -6.433665716945660051e+01 -2.319002660332397170e+01 -1.813600975002759341e+01 -5.913527841007012142e+01 -1.698546389972808157e+01 -1.931429350111162790e+00 -3.107639970005160457e+00
-4.229740118309926089e+01 4.853336431934151847e+02 -9.070869906414561967e+01 2.892650120012248305e+00 2.160164796394637676e+01 8.157377015178444424e+01 -6.198530201110987292e+01 -1.019210915703194615e+02 -2.430573233774262221e+01 -1.286252156480780329e+01 1.698064777486260502e+00 2.811567016937522823e+01 -8.675249519899863060e+01 -8.667176940074426739e+01 -3.258750937900857281e+01 9.194954236299496486e+00 -9.476248815676403581e+01 -5.293899853334589345e+00 -7.412082820596829769e-02 -1.537021541614157050e+00
-5.610505705245402908e+01 -9.070869906414559125e+01 7.668671309370839708e+02 -3.907778412506075938e+01 -4.665004581389840865e+00 2.796362772099624650e+01 -1.142149136882456730e+02 -1.443111391632486971e+02 -3.470074177414988270e+01 -1.977321379809327340e+01 -3.146394827603976552e+01 -4.493670046094362824e+00 -1.193961025905654481e+02 -1.378400213119213333e+02 -4.985592316768401844e+01 -3.456793349916957681e+01 -1.286214366157345239e+02 -3.414817648951621720e+01 -3.815702241375690473e+00 -6.320198446964989003e+00
-2.001666135576460448e+01 2.892650120012232318e+00 -3.907778412506075938e+01 4.647223165718609295e+01 8.095393423930293864e+01 2.089429759010336625e+02 3.858824038268815571e+01 -2.887472252025440156e+01 -6.278777957172164470e+00 -3.301032629809170782e-01 7.237973111718693531e+01 1.020156763288304944e+02 -3.187517529864777543e+01 7.544796291087505047e+00 -1.345801934680304068e+00 1.036274027822825303e+02 -3.863669365846114090e+01 5.508057694649124869e+01 7.856532041756606688e+00 8.361637024145444741e+00
-3.764993518468646716e+00 2.160164796394637676e+01 -4.665004581389840865e+00 8.095393423930293864e+01 -2.414256722026945852e+02 1.581422716766569749e+02 5.464564206367197841e+01 8.074488538082604805e+00 2.463365756019042951e+00 3.954363164095450411e+00 6.355104145008691319e+01 8.107945074798112728e+01 4.086379848445259033e-01 3.529895295089499285e+01 9.567195726594569294e+00 8.875403097419462028e+01 -2.935880083590673095e+00 5.053650023584261675e+01 6.983540471414605655e+00 7.913945583015391527e+00
8.911275799012640775e+00 8.157377015178445845e+01 2.796362772099625360e+01 2.089429759010337477e+02 1.581422716766569749e+02 -1.813780616068090694e+02 1.692905887144717951e+02 6.599947706312320861e+01 1.713583302306042810e+01 1.595171390374341236e+01 1.642789770783182917e+02 1.981246637087772058e+02 3.939088939600246420e+01 1.299583299230752402e+02 3.924217246609152454e+01 2.264137145462764806e+02 3.424489534099520682e+01 1.335720901191029384e+02 1.816759411179199901e+01 2.123001990848163700e+01
-5.394583549982037596e+01 -6.198530201110990134e+01 -1.142149136882457299e+02 3.858824038268814860e+01 5.464564206367197130e+01 1.692905887144717951e+02 3.139632113790402173e+02 -1.225740253749219022e+02 -2.899837996086973035e+01 -1.419947792847739265e+01 2.958439244493452591e+01 6.984083151182741744e+01 -1.071272827530259519e+02 -9.193834164966231981e+01 -3.616988625928479451e+01 4.975687420502588054e+01 -1.184812399340718656e+02 1.530761644548779010e+01 2.928507237603088065e+00 1.521422293633668987e+00
-6.663358246202552948e+01 -1.019210915703194615e+02 -1.443111391632486971e+02 -2.887472252025440156e+01 8.074488538082604805e+00 6.599947706312322282e+01 -1.225740253749219022e+02 5.773340047173014682e+02 -4.020711519592468619e+01 -2.237566690971143402e+01 -2.359084174698763903e+01 1.173873019157251107e+01 -1.400347624337383081e+02 -1.543593008197387348e+02 -5.650233303637582338e+01 -2.194542029976044617e+01 -1.515631605138883913e+02 -2.947175021920960347e+01 -3.012706984592987247e+00 -5.756704679056591445e+00
-1.603563636088999544e+01 -2.430573233774262221e+01 -3.470074177414988270e+01 -6.278777957172168911e+00 2.463365756019043840e+00 1.713583302306042100e+01 -2.899837996086973035e+01 -4.020711519592468619e+01 7.153624158682804364e+02 -5.342452743973804985e+00 -5.150807842014807569e+00 3.477410961809075385e+00 -3.363241123953397249e+01 -3.679002673453258154e+01 -1.349398757022978046e+01 -4.551106044111750570e+00 -3.642861615361291427e+01 -6.668966487025617340e+00 -6.669793944621811299e-01 -1.318526790556870498e+00
-9.201336018788046189e+00 -1.286252156480780506e+01 -1.977321379809327340e+01 -3.301032629809175778e-01 3.954363164095448635e+00 1.595171390374340703e+01 -1.419947792847739265e+01 -2.237566690971143046e+01 -5.342452743973804985e+00 5.761412760461590779e+02 -3.843403834988271539e-01 5.182087894792623217e+00 -1.896871691697369400e+01 -1.936586736643332785e+01 -7.237281182669326185e+00 9.548310182902042254e-01 -2.067991789883460285e+01 -1.758040143581971027e+00 -9.922710811678200904e-02 -4.300744244731986576e-01
-1.607582585945015197e+01 1.698064777486264054e+00 -3.146394827603977973e+01 7.237973111718694952e+01 6.355104145008691319e+01 1.642789770783182917e+02 2.958439244493453302e+01 -2.359084174698764258e+01 -5.150807842014807569e+00 -3.843403834988249335e-01 1.664741029107396386e+01 8.009384346469184379e+01 -2.578976677542113549e+01 5.053681927028113030e+00 -1.372356819490019308e+00 8.116943843750362930e+01 -3.115856439377736820e+01 4.304381785019040052e+01 6.146318243573691831e+00 6.527180756559552322e+00
-4.099562040007604935e+00 2.811567016937523533e+01 -4.493670046094377035e+00 1.020156763288304944e+02 8.107945074798112728e+01 1.981246637087772342e+02 6.984083151182743165e+01 1.173873019157252351e+01 3.477410961809077605e+00 5.182087894792623217e+00 8.009384346469184379e+01 -2.182119209760111858e+02 1.842234364334855545e+00 4.582778006325840181e+01 1.256001034192270360e+01 1.117529768782182060e+02 -2.251723970405972164e+00 6.379315877022595771e+01 8.805395488539938142e+00 1.000075023511661954e+01
-5.497232094442347972e+01 -8.675249519899863060e+01 -1.193961025905654481e+02 -3.187517529864776833e+01 4.086379848445179097e-01 3.939088939600249262e+01 -1.071272827530259377e+02 -1.400347624337382797e+02 -3.363241123953397249e+01 -1.896871691697369755e+01 -2.578976677542112839e+01 1.842234364334862651e+00 7.046606675823711612e+02 -1.316384123168880649e+02 -4.785842324724148966e+01 -2.688102152182243998e+01 -1.255875614773744360e+02 -2.940471463093437166e+01 -3.183098111860928281e+00 -5.552732886840437310e+00
-6.433665716945658630e+01 -8.667176940074426739e+01 -1.378400213119213902e+02 7.544796291087490836e+00 3.529895295089498575e+01 1.299583299230752402e+02 -9.193834164966229139e+01 -1.543593008197387633e+02 -3.679002673453257444e+01 -1.936586736643332785e+01 5.053681927028118359e+00 4.582778006325836628e+01 -1.316384123168880649e+02 3.968438479785193067e+02 -4.908148053699216717e+01 1.741306914308578513e+01 -1.439246055123877852e+02 -6.064428114849911289e+00 1.596791646913072182e-01 -2.024137973368649757e+00
-2.319002660332397170e+01 -3.258750937900857281e+01 -4.985592316768403265e+01 -1.345801934680311174e+00 9.567195726594569294e+00 3.924217246609153165e+01 -3.616988625928480161e+01 -5.650233303637582338e+01 -1.349398757022977868e+01 -7.237281182669326185e+00 -1.372356819490019308e+00 1.256001034192270360e+01 -4.785842324724149677e+01 -4.908148053699216717e+01 5.686805682583857333e+02 1.846507792764511047e+00 -5.215438773741502132e+01 -4.755568385578138546e+00 -2.945917079465824595e-01 -1.135176243163751764e+00
-1.813600975002760407e+01 9.194954236299503592e+00 -3.456793349916957681e+01 1.036274027822825161e+02 8.875403097419462028e+01 2.264137145462764806e+02 4.975687420502588054e+01 -2.194542029976043196e+01 -4.551106044111747018e+00 9.548310182902077781e-01 8.116943843750364351e+01 1.117529768782182060e+02 -2.688102152182244708e+01 1.741306914308577802e+01 1.846507792764503941e+00 2.151460251727308304e+01 -3.365436169631600904e+01 6.244836784842304667e+01 8.837258736558831984e+00 9.555714765084887929e+00
-5.913527841007011432e+01 -9.476248815676402160e+01 -1.286214366157344955e+02 -3.863669365846114090e+01 -2.935880083590665990e+00 3.424489534099520682e+01 -1.184812399340718514e+02 -1.515631605138883629e+02 -3.642861615361290006e+01 -2.067991789883459575e+01 -3.115856439377737530e+01 -2.251723970405957953e+00 -1.255875614773744218e+02 -1.439246055123877852e+02 -5.215438773741502132e+01 -3.365436169631600904e+01 7.276056356917387120e+02 -3.437961537563731440e+01 -3.800754876710071617e+00 -6.406980834145994841e+00
-1.698546389972807802e+01 -5.293899853334584904e+00 -3.414817648951623852e+01 5.508057694649124869e+01 5.053650023584260254e+01 1.335720901191029384e+02 1.530761644548779010e+01 -2.947175021920958571e+01 -6.668966487025612899e+00 -1.758040143581970582e+00 4.304381785019040052e+01 6.379315877022597192e+01 -2.940471463093437166e+01 -6.064428114849908624e+00 -4.755568385578144763e+00 6.244836784842304667e+01 -3.437961537563732151e+01 7.095595959459839719e+01 4.640837482091274779e+00 4.762052788468990272e+00
-1.931429350111162790e+00 -7.412082820596940791e-02 -3.815702241375690473e+00 7.856532041756606688e+00 6.983540471414605655e+00 1.816759411179200256e+01 2.928507237603088065e+00 -3.012706984592984583e+00 -6.669793944621813520e-01 -9.922710811678178700e-02 6.146318243573691831e+00 8.805395488539936366e+00 -3.183098111860928281e+00 1.596791646913072182e-01 -2.945917079465823485e-01 8.837258736558831984e+00 -3.800754876710071617e+00 4.640837482091274779e+00 -1.533427294236710559e+01 7.004515673064869441e-01
-3.107639970005160457e+00 -1.537021541614156828e+00 -6.320198446964990779e+00 8.361637024145444741e+00 7.913945583015391527e+00 2.123001990848163700e+01 1.521422293633670542e+00 -5.756704679056592333e+00 -1.318526790556870498e+00 -4.300744244731983246e-01 6.527180756559552322e+00 1.000075023511661954e+01 -5.552732886840437310e+00 -2.024137973368648868e+00 -1.135176243163751542e+00 9.555714765084887929e+00 -6.406980834145994841e+00 4.762052788468989384e+00 7.004515673064869441e-01 8.570007710923063371e+01
