-3.197450884196431957e+02 1.236433652820110041e+02 -2.765064544937544611e+01 5.871171243525709116e+01 7.269788516069152706e+01 7.719237641126383664e+00 -3.005586010728394086e+01 -7.539243977221234516e+00 1.351840476259818047e+02 -1.354281081537402720e+01 -4.135966115902952112e+01 6.736473173587575047e+01 3.328882555196987880e+01 -8.628815671858578185e+01 -1.788830528198230496e+01 1.550004299794830160e+02 4.463539029705750494e+01 2.340347331099367807e+02 -7.032607743771468733e+01 1.372461031637275397e+00
1.236433652820110041e+02 -6.477666291266313010e+02 9.720787786536304154e+00 8.841919460114651486e+01 9.260508788190526275e+01 2.025039190017922408e+01 -9.511091766546600823e+00 3.044377452001672069e+01 1.629424005581639676e+02 8.610773586923963663e+00 -8.696434677210653774e+00 9.480631003870486495e+01 4.341281037006810095e+01 -1.411512458670359571e+01 -4.760912061861181321e+00 1.677285692261643533e+02 5.424173130180692226e+01 2.524508368999453580e+02 1.204762583888396577e-01 7.895673868185213884e+00
-2.765064544937544611e+01 9.720787786536311259e+00 4.686198970891197746e+02 -5.380188533105501847e+01 -2.333715962890362761e+01 -2.919324735166948770e+01 -6.414517223622628705e+01 -1.002814066789640179e+02 -1.964968149057471081e+01 -6.197567375231675868e+01 -9.953224742129994240e+01 -4.469218454212931846e+01 -1.327214056053171731e+01 -2.179830559986136791e+02 -4.048470414857344934e+01 2.644983758434120347e+01 -7.618976731091994026e+00 4.199346648484907263e+01 -2.074702632899166872e+02 -1.620551206329620086e+01
5.871171243525708405e+01 8.841919460114651486e+01 -5.380188533105501847e+01 -1.230906898071670810e+02 4.250020327935158093e+01 -4.211080256127396559e+00 -4.166834015903764055e+01 -3.794472237078885968e+01 8.678490540726475899e+01 -2.957510874494890984e+01 -6.101728602597398776e+01 3.184983059026820484e+01 1.861668763371388380e+01 -1.306729235844844368e+02 -2.555320551031154608e+01 1.155009230121070800e+02 2.828551942015957721e+01 1.750662225261625906e+02 -1.162350543238086118e+02 -4.345671959060652512e+00
7.269788516069154127e+01 9.260508788190526275e+01 -2.333715962890362050e+01 4.250020327935156672e+01 -3.382841081291809928e+02 5.030029176436744187e+00 -2.406882315999404298e+01 -8.160421935835096008e+00 1.004852171408798256e+02 -1.167908625340623630e+01 -3.340493784400761967e+01 4.919360599492987518e+01 2.453164322000847264e+01 -6.995280034887177578e+01 -1.438319505072965221e+01 1.164502441308237906e+02 3.314992857614810617e+01 1.758797786819153544e+02 -5.776424546252242465e+01 6.165705460042465447e-01
7.719237641126378335e+00 2.025039190017922408e+01 -2.919324735166949125e+01 -4.211080256127395671e+00 5.030029176436745963e+00 1.372108586776633388e+02 -1.954581727526355550e+01 -2.483012910264810102e+01 1.497407126825923385e+01 -1.663508277976537997e+01 -2.956259359489045835e+01 -7.987244720812186616e-01 1.691223421795856607e+00 -6.412112337545499940e+01 -1.217922262477653383e+01 2.876216950034772424e+01 4.676478110767921414e+00 4.391477744531427874e+01 -5.931559720429747529e+01 -3.636445094403555345e+00
-3.005586010728394086e+01 -9.511091766546606152e+00 -6.414517223622628705e+01 -4.166834015903765476e+01 -2.406882315999405364e+01 -1.954581727526355550e+01 8.700203067632236298e+02 -6.281918380463038432e+01 -2.965464774669053227e+01 -3.769584654893213838e+01 -5.805013858263353654e+01 -3.697310290540720956e+01 -1.266582970841681366e+01 -1.276789693696606065e+02 -2.347666323757076867e+01 -2.851841772531329422e+00 -1.051072441290341253e+01 -2.997841370614881207e+00 -1.230190965732113852e+02 -1.048043691297475277e+01
-7.539243977221248727e+00 3.044377452001672424e+01 -1.002814066789640322e+02 -3.794472237078886678e+01 -8.160421935835096008e+00 -2.483012910264810813e+01 -6.281918380463041274e+01 2.877227208608667297e+02 6.126106931965726865e+00 -5.797178726452214192e+01 -9.654754774828145969e+01 -2.825296158708430738e+01 -6.056272538884714507e+00 -2.106921302747065567e+02 -3.945784873519862401e+01 5.095922051120421514e+01 1.008224847815299530e+00 7.878825867895216106e+01 -1.984575872447757092e+02 -1.429523577217784691e+01
1.351840476259818331e+02 1.629424005581640245e+02 -1.964968149057471791e+01 8.678490540726475899e+01 1.004852171408798398e+02 1.497407126825923740e+01 -2.965464774669052517e+01 6.126106931965719760e+00 -3.409705084596233178e+02 -8.033434405049648674e+00 -3.899296115722444256e+01 9.683008773080180731e+01 4.642945819183837131e+01 -7.968616773732838965e+01 -1.727773500226244252e+01 2.019679025364387996e+02 6.061533688319238422e+01 3.046193857893484846e+02 -6.014227961505254427e+01 4.437070984825253639e+00
-1.354281081537402898e+01 8.610773586923967216e+00 -6.197567375231675868e+01 -2.957510874494890984e+01 -1.167908625340623630e+01 -1.663508277976537997e+01 -3.769584654893213838e+01 -5.797178726452212771e+01 -8.033434405049634464e+00 4.889562231521448439e+02 -5.836314944660435344e+01 -2.411495443652678716e+01 -6.838086176972825392e+00 -1.277151894485167674e+02 -2.376511430943081393e+01 1.901420406450289846e+01 -3.304249108738739338e+00 2.989482380176702137e+01 -1.212686097431073478e+02 -9.305210677845932921e+00
-4.135966115902952112e+01 -8.696434677210667985e+00 -9.953224742129994240e+01 -6.101728602597400197e+01 -3.340493784400761967e+01 -2.956259359489045835e+01 -5.805013858263354365e+01 -9.654754774828147390e+01 -3.899296115722443545e+01 -5.836314944660435344e+01 7.161500526329954255e+02 -5.341725733597176884e+01 -1.781451533632049689e+01 -1.995987319177780535e+02 -3.679669739754301361e+01 2.988273118620396573e+00 -1.397616586291507979e+01 6.515042159846301750e+00 -1.917060252615445108e+02 -1.598269636387543358e+01
6.736473173587575047e+01 9.480631003870489337e+01 -4.469218454212930425e+01 3.184983059026822261e+01 4.919360599492987518e+01 -7.987244720812168852e-01 -3.697310290540720956e+01 -2.825296158708430028e+01 9.683008773080180731e+01 -2.411495443652679427e+01 -5.341725733597176884e+01 -1.856150957117024802e+02 2.194314447517177413e+01 -1.137724198117110603e+02 -2.252539597413888117e+01 1.220654153004391702e+02 3.171663609434294528e+01 1.847699208134399669e+02 -9.944620837066582908e+01 -2.625046785682890071e+00
3.328882555196987170e+01 4.341281037006810095e+01 -1.327214056053171731e+01 1.861668763371388025e+01 2.453164322000847974e+01 1.691223421795853943e+00 -1.266582970841680655e+01 -6.056272538884719836e+00 4.642945819183837841e+01 -6.838086176972826280e+00 -1.781451533632048978e+01 2.194314447517177058e+01 -3.348552366195190189e+02 -3.751947543309827182e+01 -7.617216612778580753e+00 5.491047909312050734e+01 1.529151112932169454e+01 8.297952761054007453e+01 -3.159838008725314396e+01 -7.599566724525108619e-02
-8.628815671858579606e+01 -1.411512458670360282e+01 -2.179830559986136791e+02 -1.306729235844843799e+02 -6.995280034887177578e+01 -6.412112337545499940e+01 -1.276789693696606065e+02 -2.106921302747065567e+02 -7.968616773732838965e+01 -1.277151894485167389e+02 -1.995987319177780535e+02 -1.137724198117110603e+02 -3.751947543309827182e+01 3.346576453960024651e+02 -8.088736432498532736e+01 1.257479883078177707e+01 -2.871109898101969904e+01 2.335173299777940414e+01 -4.205181559723530995e+02 -3.477594521426090068e+01
-1.788830528198230496e+01 -4.760912061861181321e+00 -4.048470414857344934e+01 -2.555320551031153897e+01 -1.438319505072965221e+01 -1.217922262477653383e+01 -2.347666323757076512e+01 -3.945784873519861691e+01 -1.727773500226243542e+01 -2.376511430943081393e+01 -3.679669739754301361e+01 -2.252539597413888117e+01 -7.617216612778578977e+00 -8.088736432498534157e+01 8.401073696911787465e+02 -2.810311066691306703e-01 -6.155758400647805217e+00 3.958158957141675871e-01 -7.781066695570390834e+01 -6.557377350926964610e+00
1.550004299794830160e+02 1.677285692261643817e+02 2.644983758434119991e+01 1.155009230121070942e+02 1.164502441308237906e+02 2.876216950034771713e+01 -2.851841772531338304e+00 5.095922051120420093e+01 2.019679025364387996e+02 1.901420406450289136e+01 2.988273118620410784e+00 1.220654153004391418e+02 5.491047909312050734e+01 1.257479883078177707e+01 -2.810311066691342230e-01 -7.464887347036159326e+02 6.738042271041446440e+01 3.029988240551247713e+02 2.854591848828492573e+01 1.187460843713942715e+01
4.463539029705749783e+01 5.424173130180692226e+01 -7.618976731091997578e+00 2.828551942015958431e+01 3.314992857614810617e+01 4.676478110767919638e+00 -1.051072441290341608e+01 1.008224847815308411e+00 6.061533688319237712e+01 -3.304249108738739338e+00 -1.397616586291507268e+01 3.171663609434294528e+01 1.529151112932169276e+01 -2.871109898101970259e+01 -6.155758400647804329e+00 6.738042271041446440e+01 -4.819369215337337096e+02 1.016484722543935248e+02 -2.210939891705312021e+01 1.308321006954253907e+00
2.340347331099367523e+02 2.524508368999453012e+02 4.199346648484905842e+01 1.750662225261625622e+02 1.758797786819153544e+02 4.391477744531427874e+01 -2.997841370614895418e+00 7.878825867895213264e+01 3.046193857893484846e+02 2.989482380176700715e+01 6.515042159846319514e+00 1.847699208134399385e+02 8.297952761054006032e+01 2.335173299777938283e+01 3.958158957141693635e-01 3.029988240551247713e+02 1.016484722543935106e+02 -5.104461870689324314e+02 4.719613164080237055e+01 1.821446646567988381e+01
-7.032607743771467312e+01 1.204762583888112359e-01 -2.074702632899166588e+02 -1.162350543238086402e+02 -5.776424546252243175e+01 -5.931559720429748239e+01 -1.230190965732113852e+02 -1.984575872447756524e+02 -6.014227961505254427e+01 -1.212686097431073620e+02 -1.917060252615445108e+02 -9.944620837066582908e+01 -3.159838008725313685e+01 -4.205181559723530995e+02 -7.781066695570390834e+01 2.854591848828492573e+01 -2.210939891705311311e+01 4.719613164080239898e+01 2.809270207283252603e+02 -3.247377609727866599e+01
1.372461031637271844e+00 7.895673868185213884e+00 -1.620551206329619731e+01 -4.345671959060652512e+00 6.165705460042447683e-01 -3.636445094403555789e+00 -1.048043691297475455e+01 -1.429523577217784691e+01 4.437070984825258080e+00 -9.305210677845932921e+00 -1.598269636387543535e+01 -2.625046785682890516e+00 -7.599566724524975392e-02 -3.477594521426090068e+01 -6.557377350926964610e+00 1.187460843713943248e+01 1.308321006954253907e+00 1.821446646567988736e+01 -3.247377609727866599e+01 2.508271045882293038e+02
