-6.523095899961994064e+02 2.735836258867284698e+01 2.715225664321021881e+01 6.415351632753160338e+00 8.186805516419802586e+00 5.178153429084215276e+01 1.439383179179027934e+02 5.995387101797861362e+01 1.277311686994448081e+01 2.464737687373188990e+01 5.283769663674723205e+01 1.636998108111088968e+01 4.182274690156052799e+01 2.577308653521386361e+01 1.218038119181516663e+02 7.201279919733235602e+01 2.638482435313397900e+01 3.042774065958374052e+01 2.554702202774495134e+01 5.172628918616569393e+01
2.735836258867283988e+01 7.099692860856559946e+02 -2.864662183369440385e+01 -4.107331554290023945e+01 -1.144487233380661451e+01 -1.515748016586734366e+02 1.203536157860779241e+02 -9.715045343394689326e+01 9.858185548415555388e+00 -1.627405184750164153e+02 -1.182293191179888794e+02 -6.355861947637121645e+00 -8.623025711711676422e+01 -4.266684642373397196e+01 7.628151769356132661e+01 -8.523165125514208285e+01 2.066945633375598135e+01 -1.688749632294187109e+02 -6.522510378852511792e+01 -1.593067441187016016e+02
2.715225664321021881e+01 -2.864662183369439674e+01 2.244899001754846495e+02 -6.835687468543516943e+00 9.897014285419016844e-01 -1.251309872497097153e+01 9.363768439326609894e+01 4.085952423414317636e+00 8.114548263883158086e+00 -2.743329156531763857e+01 -4.130030155856182716e+00 5.897518346042468274e+00 -1.526065014376984941e+00 1.542251971817552914e+00 7.317763628695512068e+01 1.236598406899939206e+01 1.683435257715256483e+01 -2.627308573047725204e+01 -3.907980866673613995e+00 -1.437113094824372439e+01
6.415351632753160338e+00 -4.107331554290022524e+01 -6.835687468543515166e+00 8.772503105061379074e+02 -2.726791829602662531e+00 -3.602405833815926428e+01 2.831208283035353190e+01 -2.313148566341988754e+01 2.317497497497413850e+00 -3.862896232319036471e+01 -2.811862408068441965e+01 -1.532955200399647389e+00 -2.051342865602879328e+01 -1.015808047875305320e+01 1.789631859955582982e+01 -2.032423512891513084e+01 4.859674563200186093e+00 -4.009271634859356936e+01 -1.550688600123870842e+01 -3.785742014871975414e+01
8.186805516419802586e+00 -1.144487233380661628e+01 9.897014285419025725e-01 -2.726791829602662531e+00 3.150561130247129995e+02 -6.479114317435105797e+00 2.873956472976055210e+01 -7.401016163508957746e-01 2.479411878574148798e+00 -1.090245233452765561e+01 -3.466618055397718390e+00 1.538695220715688317e+00 -2.109430529233172091e+00 -3.961419598677604625e-01 2.211376331991949584e+01 1.826087204596058111e+00 5.148001513015223907e+00 -1.069486032682081067e+01 -2.371822594723886901e+00 -7.153451978450195980e+00
5.178153429084215276e+01 -1.515748016586734082e+02 -1.251309872497095554e+01 -3.602405833815926428e+01 -6.479114317435102244e+00 4.816897585261816630e+02 1.960614846750767697e+02 -6.030400821315606663e+01 1.660616719860738399e+01 -1.431634309275243595e+02 -8.458012482617736794e+01 2.977277370725010641e+00 -5.986101165910384481e+01 -2.679463242313551774e+01 1.412692813421093092e+02 -4.210873251275801010e+01 3.459741107627906587e+01 -1.458619608862280188e+02 -4.866496159141986055e+01 -1.247940253745306336e+02
1.439383179179027934e+02 1.203536157860779241e+02 9.363768439326609894e+01 2.831208283035352480e+01 2.873956472976054499e+01 1.960614846750767413e+02 -5.207147593186705308e+02 2.128722455812098531e+02 3.984046521728450330e+01 1.096642255315463785e+02 1.934878394488377182e+02 5.448487751000099877e+01 1.518257005461545646e+02 9.167293189093858530e+01 3.831141086278021817e+02 2.500139668894179579e+02 8.224139442155961888e+01 1.296049605703288421e+02 9.500546149733128232e+01 1.972761870227286636e+02
5.995387101797861362e+01 -9.715045343394687904e+01 4.085952423414314971e+00 -2.313148566341988754e+01 -7.401016163508939982e-01 -6.030400821315603821e+01 2.128722455812098531e+02 3.542117107084148415e+02 1.831291428678321864e+01 -9.233932812352205133e+01 -3.593938915317465899e+01 1.013050682617375031e+01 -2.328284863480003608e+01 -6.991951672749188162e+00 1.621799612580422547e+02 4.335317152660842055e+00 3.804297406103130186e+01 -9.149473422148427915e+01 -2.303917182742802083e+01 -6.578443568045307188e+01
1.277311686994448081e+01 9.858185548415553612e+00 8.114548263883156309e+00 2.317497497497413406e+00 2.479411878574149242e+00 1.660616719860738399e+01 3.984046521728450330e+01 1.831291428678322220e+01 -8.844549578758388861e+02 8.961309404730073425e+00 1.651975105135530342e+01 4.764877121326989595e+00 1.299013840413277521e+01 7.882934021317953288e+00 3.401215798133361545e+01 2.162926795013330405e+01 7.319257447139973394e+00 1.068921107791709346e+01 8.081351521069958466e+00 1.668054827237395443e+01
2.464737687373189701e+01 -1.627405184750163869e+02 -2.743329156531763857e+01 -3.862896232319035050e+01 -1.090245233452766271e+01 -1.431634309275244163e+02 1.096642255315463785e+02 -9.233932812352200870e+01 8.961309404730073425e+00 7.439612079855220372e+02 -1.119381702182519263e+02 -6.310875560388565120e+00 -8.171303293172930182e+01 -4.054179545701360610e+01 6.884384216913787213e+01 -8.143153051608511817e+01 1.879758344598212005e+01 -1.589126733218852223e+02 -6.167630582339533873e+01 -1.504078597941198723e+02
5.283769663674723205e+01 -1.182293191179888794e+02 -4.130030155856180940e+00 -2.811862408068441255e+01 -3.466618055397718390e+00 -8.458012482617736794e+01 1.934878394488377467e+02 -3.593938915317465899e+01 1.651975105135530342e+01 -1.119381702182519689e+02 4.355245847698172383e+02 6.146271315809620717e+00 -3.967652145868120073e+01 -1.616465981554310360e+01 1.435065891738153425e+02 -1.827678111411803030e+01 3.436607937610238395e+01 -1.128458445892655391e+02 -3.416759381548656904e+01 -9.073552798119445129e+01
1.636998108111088612e+01 -6.355861947637118980e+00 5.897518346042468274e+00 -1.532955200399648277e+00 1.538695220715688095e+00 2.977277370725008865e+00 5.448487751000099877e+01 1.013050682617375031e+01 4.764877121326989595e+00 -6.310875560388572225e+00 6.146271315809621605e+00 -2.551330051230221585e+01 5.492142025040541498e+00 4.277838510717543841e+00 4.392554477231774257e+01 1.485176499844663667e+01 9.868673756005890141e+00 -5.058436999592819561e+00 2.284057169407979426e+00 2.300732014635570977e+00
4.182274690156053509e+01 -8.623025711711673580e+01 -1.526065014376988493e+00 -2.051342865602879328e+01 -2.109430529233172980e+00 -5.986101165910384481e+01 1.518257005461545930e+02 -2.328284863480004319e+01 1.299013840413277521e+01 -8.171303293172931603e+01 -3.967652145868120073e+01 5.492142025040541498e+00 4.339138234170009127e+02 -1.053972022399005581e+01 1.134601483669697473e+02 -9.484684107023898747e+00 2.701280168423560823e+01 -8.205903169800129149e+01 -2.391927594559616921e+01 -6.443437955495286928e+01
2.577308653521386361e+01 -4.266684642373397196e+01 1.542251971817552469e+00 -1.015808047875305142e+01 -3.961419598677609066e-01 -2.679463242313552485e+01 9.167293189093859951e+01 -6.991951672749193492e+00 7.882934021317955064e+00 -4.054179545701360610e+01 -1.616465981554310005e+01 4.277838510717542064e+00 -1.053972022399006292e+01 3.737171150513898397e+02 6.973420993021996139e+01 1.251354883033185317e+00 1.637722465615830814e+01 -4.022449706384521306e+01 -1.028826704052605834e+01 -2.918729785558004863e+01
1.218038119181516663e+02 7.628151769356134082e+01 7.317763628695512068e+01 1.789631859955583337e+01 2.211376331991949584e+01 1.412692813421093092e+02 3.831141086278021817e+02 1.621799612580422547e+02 3.401215798133361545e+01 6.884384216913787213e+01 1.435065891738153709e+02 4.392554477231774968e+01 1.134601483669697615e+02 6.973420993021996139e+01 -4.013484072720635822e+02 1.942442143424595145e+02 7.025190186438479145e+01 8.442304867998876716e+01 6.952792127677268752e+01 1.412580975872745341e+02
7.201279919733235602e+01 -8.523165125514204021e+01 1.236598406899939206e+01 -2.032423512891513795e+01 1.826087204596058111e+00 -4.210873251275801010e+01 2.500139668894179863e+02 4.335317152660838502e+00 2.162926795013330405e+01 -8.143153051608514659e+01 -1.827678111411804451e+01 1.485176499844663667e+01 -9.484684107023898747e+00 1.251354883033188869e+00 1.942442143424595713e+02 2.835250647808172744e+02 4.488582245126425363e+01 -7.882333340729510951e+01 -1.429935080840518324e+01 -4.741277754536211830e+01
2.638482435313397900e+01 2.066945633375598845e+01 1.683435257715256483e+01 4.859674563200186093e+00 5.148001513015223907e+00 3.459741107627906587e+01 8.224139442155959046e+01 3.804297406103130186e+01 7.319257447139973394e+00 1.879758344598212005e+01 3.436607937610238395e+01 9.868673756005888364e+00 2.701280168423560823e+01 1.637722465615831169e+01 7.025190186438479145e+01 4.488582245126424652e+01 -8.868888210674111860e+02 2.238232355691564024e+01 1.682329540250992395e+01 3.476348887638545193e+01
3.042774065958374052e+01 -1.688749632294187109e+02 -2.627308573047725204e+01 -4.009271634859355515e+01 -1.069486032682080889e+01 -1.458619608862279620e+02 1.296049605703288989e+02 -9.149473422148426494e+01 1.068921107791710057e+01 -1.589126733218852223e+02 -1.128458445892655675e+02 -5.058436999592819561e+00 -8.205903169800129149e+01 -4.022449706384521306e+01 8.442304867998876716e+01 -7.882333340729509530e+01 2.238232355691564024e+01 6.744586169474365533e+02 -6.252354722385757668e+01 -1.535034019743301883e+02
2.554702202774495134e+01 -6.522510378852511792e+01 -3.907980866673612219e+00 -1.550688600123870842e+01 -2.371822594723886901e+00 -4.866496159141983213e+01 9.500546149733128232e+01 -2.303917182742803504e+01 8.081351521069960242e+00 -6.167630582339533873e+01 -3.416759381548655483e+01 2.284057169407982535e+00 -2.391927594559616210e+01 -1.028826704052606189e+01 6.952792127677268752e+01 -1.429935080840517969e+01 1.682329540250992395e+01 -6.252354722385759089e+01 5.250530150070959508e+02 -5.196875608451933459e+01
5.172628918616570814e+01 -1.593067441187016016e+02 -1.437113094824372084e+01 -3.785742014871975414e+01 -7.153451978450194204e+00 -1.247940253745306478e+02 1.972761870227286636e+02 -6.578443568045310030e+01 1.668054827237395443e+01 -1.504078597941199291e+02 -9.073552798119443707e+01 2.300732014635570977e+00 -6.443437955495288350e+01 -2.918729785558004153e+01 1.412580975872745341e+02 -4.741277754536208988e+01 3.476348887638545193e+01 -1.535034019743301883e+02 -5.196875608451933459e+01 4.864093290568168868e+02
