-9.520000000000000000e+02
8.610000000000000000e+02
8.270000000000000000e+02
-8.120000000000000000e+02
7.730000000000000000e+02
-7.500000000000000000e+02
-6.600000000000000000e+02
6.250000000000000000e+02
6.050000000000000000e+02
-5.680000000000000000e+02
5.570000000000000000e+02
-5.160000000000000000e+02
-4.580000000000000000e+02
-3.320000000000000000e+02
3.010000000000000000e+02
-1.840000000000000000e+02
-1.480000000000000000e+02
-9.400000000000000000e+01
8.500000000000000000e+01
-2.600000000000000000e+01
