9.410000000000000000e+02
8.890000000000000000e+02
8.630000000000000000e+02
8.210000000000000000e+02
7.450000000000000000e+02
7.250000000000000000e+02
5.870000000000000000e+02
5.790000000000000000e+02
-5.560000000000000000e+02
5.430000000000000000e+02
5.270000000000000000e+02
3.670000000000000000e+02
-3.200000000000000000e+02
-3.060000000000000000e+02
-9.400000000000000000e+01
8.500000000000000000e+01
-4.600000000000000000e+01
-4.000000000000000000e+01
3.900000000000000000e+01
-1.600000000000000000e+01
