8.770000000000000000e+02
8.610000000000000000e+02
-8.460000000000000000e+02
-7.800000000000000000e+02
-7.760000000000000000e+02
-6.660000000000000000e+02
6.550000000000000000e+02
-6.140000000000000000e+02
5.650000000000000000e+02
5.490000000000000000e+02
4.410000000000000000e+02
3.450000000000000000e+02
-2.460000000000000000e+02
-1.940000000000000000e+02
-1.860000000000000000e+02
-7.800000000000000000e+01
6.900000000000000000e+01
3.300000000000000000e+01
1.700000000000000000e+01
-4.000000000000000000e+00
