5.543183020798522875e+02 -1.097577592110917166e+01 -4.860501834399549637e+00 -2.624773623633118191e+01 -8.292954626384590355e+00 -9.467125984379817893e+00 -1.841847971820712715e+01 -1.942938415550843345e-01 -5.724569624175103399e+00 -3.148822460721916627e+00 4.221381698959630890e-01 -7.805940757022577614e+00 -9.125897210185730302e+00 -2.792270650450481728e+00 -1.160140651184131855e+01 -1.676736671635589104e+01 -8.889756052781717655e-01 -8.913059834851390306e+00 -2.707532767089174186e+01 -1.034367384027355508e+00
-1.097577592110917166e+01 -2.762250981722369261e+02 4.473332581285558973e+01 -1.124713483247717392e+02 1.258492338086115581e+02 1.920422011121932115e+01 -8.033298767947627539e+01 1.353028920590899276e+01 -7.008092345136576196e-01 7.546593621143992436e+01 1.505855957289220441e+02 9.330226509668167978e+01 -1.123736389223216925e+01 -1.433947986957318754e+01 -5.652199620711370187e+01 2.450643905265393130e+01 3.686629894935989427e+01 6.267074839852685209e+00 -7.619320091979808751e+01 -5.209878068091837733e+00
-4.860501834399550525e+00 4.473332581285558973e+01 -4.253326536827794371e+02 -5.081010563288175774e+01 8.752191850179208643e+01 2.003406738918646823e+01 -3.655920009042186081e+01 8.841847797223877592e+00 4.211660573116440709e+00 5.099750699697970902e+01 9.630095360500953916e+01 6.623695214615956672e+01 2.190316951759843922e-01 -6.929263765741062286e+00 -2.682853070372621929e+01 2.938147227106550119e+01 2.438439143741131687e+01 1.127993746511680939e+01 -2.685316964785435090e+01 -2.501389809276310050e+00
-2.624773623633118191e+01 -1.124713483247717249e+02 -5.081010563288176485e+01 3.483468336620927062e+02 -8.917233801215994049e+01 -9.556418824750481633e+01 -1.800272434627392784e+02 -2.619188677874844107e+00 -5.716892473613457071e+01 -3.524501486060692912e+01 -3.323771572924503648e+00 -8.267562939102681696e+01 -9.062971755325823153e+01 -2.718418750546336682e+01 -1.130987092820559639e+02 -1.687790158084306711e+02 -1.072973361500105938e+01 -8.937960303599456324e+01 -2.667400475128829385e+02 -1.007520748871805338e+01
-8.292954626384590355e+00 1.258492338086115581e+02 8.752191850179210064e+01 -8.917233801215991207e+01 -3.400811551828248298e+02 6.268420684522004649e+01 -6.481110248705863341e+01 2.213157060355237604e+01 1.836463008811583819e+01 1.304662790923407556e+02 2.375203452608030545e+02 1.746147557159681867e+02 1.321704990650719402e+01 -1.325444282252955830e+01 -5.022039133704376468e+01 9.593564281292587737e+01 6.152580830042567328e+01 4.026981238816296838e+01 -2.878868476060584314e+01 -4.748060167683544996e+00
-9.467125984379817893e+00 1.920422011121930694e+01 2.003406738918645758e+01 -9.556418824750481633e+01 6.268420684522006070e+01 -1.840700172686059943e+02 -6.787043465918627305e+01 7.558495239011709721e+00 -7.128647304859302203e+00 3.973176394752966445e+01 8.715876629683025101e+01 4.452540171997488727e+01 -1.718843298619701798e+01 -1.153285877296090867e+01 -4.615825863174978849e+01 -5.595016024828397327e+00 2.017237130292259550e+01 -6.864487937366633652e+00 -7.565818613042911522e+01 -4.213506694270781061e+00
-1.841847971820712360e+01 -8.033298767947627539e+01 -3.655920009042186791e+01 -1.800272434627392499e+02 -6.481110248705861920e+01 -6.787043465918625884e+01 4.987411383982611710e+02 -2.038512239595940301e+00 -4.043464706900449812e+01 -2.596913416433719846e+01 -4.416629433100483837e+00 -5.976862564569896819e+01 -6.396204035239900776e+01 -1.903484199342927496e+01 -7.923670823299873689e+01 -1.197391136066618458e+02 -8.096375857098539797e+00 -6.331771097621325595e+01 -1.876607659442181841e+02 -7.056272220911079529e+00
-1.942938415550843345e-01 1.353028920590898920e+01 8.841847797223877592e+00 -2.619188677874842774e+00 2.213157060355237604e+01 7.558495239011709721e+00 -2.038512239595943853e+00 -8.099760823474708786e+02 2.818744863292674818e+00 1.234134107634862509e+01 2.120760526669854684e+01 1.725304419726705873e+01 3.053810712803556093e+00 -6.164546175046856646e-01 -2.126494034268516575e+00 1.203454447716087294e+01 5.697933138583298529e+00 5.435544631292890116e+00 2.963777754495633410e+00 -2.138437474251742021e-01
-5.724569624175103399e+00 -7.008092345136540668e-01 4.211660573116440709e+00 -5.716892473613455650e+01 1.836463008811584885e+01 -7.128647304859300426e+00 -4.043464706900450523e+01 2.818744863292673486e+00 -3.308983000068791114e+01 1.322111489613641311e+01 3.450077844996697252e+01 1.160795267384567886e+01 -1.358663017560269459e+01 -6.617700521217625642e+00 -2.680560378953163791e+01 -1.477141112736054041e+01 7.244901869604565725e+00 -9.377876402933326361e+00 -4.998245070966270021e+01 -2.428427503203130389e+00
-3.148822460721916627e+00 7.546593621143992436e+01 5.099750699697970902e+01 -3.524501486060692912e+01 1.304662790923407556e+02 3.973176394752967155e+01 -2.596913416433720556e+01 1.234134107634862865e+01 1.322111489613641488e+01 -5.861741456115136089e+02 1.311064753982620914e+02 1.007318386548819120e+02 1.219698526545098360e+01 -5.832953319949027993e+00 -2.155345096278563943e+01 6.202837767604240327e+01 3.449582858217629422e+01 2.704130608043146466e+01 -1.413604699991608760e+00 -2.071231606252593949e+00
4.221381698959630890e-01 1.505855957289220441e+02 9.630095360500953916e+01 -3.323771572924517859e+00 2.375203452608030545e+02 8.715876629683025101e+01 -4.416629433100467850e+00 2.120760526669854684e+01 3.450077844996697252e+01 1.311064753982620914e+02 -7.320137560785610731e+02 1.863837400102979416e+02 4.003949580290371557e+01 -3.863928853866218205e+00 -1.153622774394232131e+01 1.403150569123803564e+02 6.001704186317991940e+01 6.459460940123732087e+01 5.544276279877182390e+01 -1.280520830330103443e+00
-7.805940757022577614e+00 9.330226509668169399e+01 6.623695214615956672e+01 -8.267562939102681696e+01 1.746147557159682151e+02 4.452540171997488727e+01 -5.976862564569896108e+01 1.725304419726706584e+01 1.160795267384568064e+01 1.007318386548819120e+02 1.863837400102979416e+02 -3.829300810694985557e+02 5.917134975985923084e+00 -1.174879161960278751e+01 -4.501294134253964785e+01 6.703513186015121050e+01 4.779366406849942450e+01 2.722582328685490438e+01 -3.574734864479817986e+01 -4.225305571414682326e+00
-9.125897210185732078e+00 -1.123736389223216214e+01 2.190316951759870567e-01 -9.062971755325823153e+01 1.321704990650720468e+01 -1.718843298619701443e+01 -6.396204035239900776e+01 3.053810712803556093e+00 -1.358663017560269815e+01 1.219698526545098005e+01 4.003949580290370847e+01 5.917134975985923973e+00 6.071625996373088441e+01 -1.025712016208237110e+01 -4.182405038213687476e+01 -3.290796952714178047e+01 7.478786059620785132e+00 -1.924596726998228746e+01 -8.315971568100839306e+01 -3.773182928035402561e+00
-2.792270650450482172e+00 -1.433947986957318754e+01 -6.929263765741062286e+00 -2.718418750546336682e+01 -1.325444282252956185e+01 -1.153285877296091222e+01 -1.903484199342927852e+01 -6.164546175046854426e-01 -6.617700521217627418e+00 -5.832953319949030657e+00 -3.863928853866221758e+00 -1.174879161960279284e+01 -1.025712016208237110e+01 8.581767585497785831e+02 -1.181843622136860361e+01 -2.015118591975718942e+01 -2.096620088986699937e+00 -1.051637566308749072e+01 -2.919262576048762625e+01 -1.048789928829708007e+00
-1.160140651184131499e+01 -5.652199620711370187e+01 -2.682853070372621573e+01 -1.130987092820559496e+02 -5.022039133704376468e+01 -4.615825863174978849e+01 -7.923670823299873689e+01 -2.126494034268516575e+00 -2.680560378953163791e+01 -2.155345096278563943e+01 -1.153622774394232131e+01 -4.501294134253964074e+01 -4.182405038213687476e+01 -1.181843622136860361e+01 7.236220863439248205e+02 -8.089821354365423645e+01 -7.481806069258913894e+00 -4.239640233368779576e+01 -1.202396097710381753e+02 -4.387174827962651236e+00
-1.676736671635589104e+01 2.450643905265393840e+01 2.938147227106549764e+01 -1.687790158084306711e+02 9.593564281292587737e+01 -5.595016024828393775e+00 -1.197391136066618458e+02 1.203454447716087294e+01 -1.477141112736053330e+01 6.202837767604240327e+01 1.403150569123803564e+02 6.703513186015119629e+01 -3.290796952714178047e+01 -2.015118591975718942e+01 -8.089821354365423645e+01 -1.667017296806157560e+02 3.190368148481321953e+01 -1.619336922775512022e+01 -1.372678612399291467e+02 -7.370428283420596749e+00
-8.889756052781713214e-01 3.686629894935989427e+01 2.438439143741131687e+01 -1.072973361500105938e+01 6.152580830042568039e+01 2.017237130292259550e+01 -8.096375857098546902e+00 5.697933138583299417e+00 7.244901869604567501e+00 3.449582858217629422e+01 6.001704186317990519e+01 4.779366406849942450e+01 7.478786059620788684e+00 -2.096620088986699049e+00 -7.481806069258910341e+00 3.190368148481321597e+01 -7.340019245227589408e+02 1.423998943118578175e+01 4.951052377754391998e+00 -7.356292609201353638e-01
-8.913059834851390306e+00 6.267074839852688761e+00 1.127993746511680584e+01 -8.937960303599453482e+01 4.026981238816296127e+01 -6.864487937366633652e+00 -6.331771097621325595e+01 5.435544631292891893e+00 -9.377876402933322808e+00 2.704130608043146111e+01 6.459460940123732087e+01 2.722582328685491149e+01 -1.924596726998228746e+01 -1.051637566308749072e+01 -4.239640233368779576e+01 -1.619336922775512733e+01 1.423998943118578353e+01 -1.054775625084372876e+02 -7.529192123918164725e+01 -3.852367591564841653e+00
-2.707532767089174541e+01 -7.619320091979808751e+01 -2.685316964785433669e+01 -2.667400475128829385e+02 -2.878868476060581472e+01 -7.565818613042911522e+01 -1.876607659442181841e+02 2.963777754495635186e+00 -4.998245070966270021e+01 -1.413604699991608760e+00 5.544276279877183100e+01 -3.574734864479818697e+01 -8.315971568100839306e+01 -2.919262576048762625e+01 -1.202396097710381753e+02 -1.372678612399291467e+02 4.951052377754391998e+00 -7.529192123918163304e+01 3.954215967500751105e+01 -1.077902122822627717e+01
-1.034367384027355508e+00 -5.209878068091838621e+00 -2.501389809276310494e+00 -1.007520748871805338e+01 -4.748060167683544996e+00 -4.213506694270780173e+00 -7.056272220911079529e+00 -2.138437474251741743e-01 -2.428427503203130389e+00 -2.071231606252593949e+00 -1.280520830330103443e+00 -4.225305571414683214e+00 -3.773182928035402561e+00 -1.048789928829708007e+00 -4.387174827962651236e+00 -7.370428283420597637e+00 -7.356292609201355859e-01 -3.852367591564841653e+00 -1.077902122822627717e+01 8.266104974533434415e+02
