-1.839097061309960566e+02 5.854373496396938492e+00 -2.311493134016459283e+00 1.697704258089179064e+02 6.927673104225587508e+01 7.817250934922325811e+00 9.403123078688716419e+01 -2.949384324848789518e+01 1.177597312813917085e+01 1.904793424391299439e+01 2.098159399871252262e+01 -2.454642596564652024e+01 7.191218632727947124e+01 -2.330535423230715253e+01 5.020882644064084843e+01 5.598592998527447684e-02 1.574023304044323801e+01 -2.479500076082581383e+00 -1.207508026746792851e+01 3.668214452431314498e+01
5.854373496396938492e+00 3.222287621349228743e+02 -5.967123756189754324e+00 4.406859293385160470e+01 1.063516538803325062e+01 -1.037869336332138026e+01 1.367837810844068613e+01 -3.609002829110587385e+01 -4.298566381592556773e+00 1.762199522583954847e+00 -3.418126920897393894e+00 -3.781678255702554736e+01 9.035741061740219848e+00 -2.733360399729297896e+01 4.381574455438510540e-01 -2.125580542900239733e-01 -3.567440153581357354e+00 -1.152322166443846285e+01 -1.918536981565805632e+01 -1.108082873354397258e+01
-2.311493134016456619e+00 -5.967123756189754324e+00 6.739579983226186641e+02 2.781133314423424707e+01 -5.112922098034651253e-01 -1.874760783306449952e+01 -1.915948722264080750e+00 -5.072856650008433377e+01 -9.943542503040760039e+00 -2.016203057760642903e+00 -1.087147408496820766e+01 -5.477829649512847254e+01 -3.765524475532366466e+00 -3.817354138901225724e+01 -1.210506309919470525e+01 -3.573877083826189627e-01 -9.774995066944594413e+00 -1.796752080923357653e+01 -2.788679355706800678e+01 -2.724672119700585426e+01
1.697704258089179064e+02 4.406859293385160470e+01 2.781133314423423997e+01 -4.967502047929392575e+02 2.434229911521934184e+02 1.016029327685436812e+02 3.352517663201321056e+02 9.844706944964116246e+01 8.047516399846008994e+01 7.436997810908732731e+01 1.162328751372301952e+02 1.317498942999851010e+02 2.655143818597709924e+02 7.021048197478799580e+01 2.229683455032685231e+02 1.612686580367111766e+00 9.362008071447017699e+01 6.262961220825992825e+01 6.853928614504489758e+01 2.358950461539369030e+02
6.927673104225587508e+01 1.063516538803325240e+01 -5.112922098034666796e-01 2.434229911521934184e+02 -2.128312199864731440e+02 1.768875486068988323e+01 1.404292125637317952e+02 -2.743944723541518016e+01 2.072619558658463035e+01 2.897355283013773430e+01 3.471370348218651003e+01 -1.877314969521749788e+01 1.081401799625579088e+02 -2.230031946241298613e+01 7.856902124047812208e+01 1.988743294037768616e-01 2.656587894085218693e+01 2.126746899275060887e+00 -8.930970982703993144e+00 6.335608261070937886e+01
7.817250934922325811e+00 -1.037869336332138381e+01 -1.874760783306449952e+01 1.016029327685436670e+02 1.768875486068988323e+01 4.155351492362642034e+02 2.156022450724300654e+01 -1.096441944515966611e+02 -1.674918531250641607e+01 1.104224095853072019e+00 -1.612237985620687297e+01 -1.164247803052910228e+02 1.187808905166992091e+01 -8.280802362100266123e+01 -1.069982496372549363e+01 -7.012017172648391528e-01 -1.534050364489176488e+01 -3.668273074805373568e+01 -5.915631746540115188e+01 -4.470272584084609946e+01
9.403123078688716419e+01 1.367837810844068969e+01 -1.915948722264080750e+00 3.352517663201320488e+02 1.404292125637317952e+02 2.156022450724300654e+01 -9.701794150212258216e+01 -4.421048870910882300e+01 2.688425941581775902e+01 3.918504715913030623e+01 4.580767887606253908e+01 -3.295473766722255959e+01 1.467604499522228423e+02 -3.551835757246409742e+01 1.053647020377761550e+02 2.226254489531833136e-01 3.485964134816325810e+01 4.726636250466889067e-01 -1.592404085006782566e+01 8.260486324285896842e+01
-2.949384324848789518e+01 -3.609002829110587385e+01 -5.072856650008433377e+01 9.844706944964111983e+01 -2.743944723541518016e+01 -1.096441944515966611e+02 -4.421048870910882300e+01 5.742464983656894901e+02 -6.085519681834531980e+01 -1.823717891793063473e+01 -6.940405375692309065e+01 -3.035917343079577222e+02 -4.692422969247147080e+01 -2.093703031246393493e+02 -8.678326198289632032e+01 -2.057223936212467130e+00 -6.129772551438950501e+01 -1.015519022303748784e+02 -1.547029963540705637e+02 -1.683146051953582969e+02
1.177597312813916730e+01 -4.298566381592556773e+00 -9.943542503040760039e+00 8.047516399846008994e+01 2.072619558658463035e+01 -1.674918531250641607e+01 2.688425941581775902e+01 -6.085519681834531980e+01 2.824565873229104795e+02 3.783190540276011316e+00 -4.667582421084210509e+00 -6.347371430437394224e+01 1.821099848722584014e+01 -4.613467273485125730e+01 3.037056902941818848e+00 -3.478270670248693186e-01 -5.155368348581840010e+00 -1.911067730914313501e+01 -3.218432997086515002e+01 -1.657593840209242941e+01
1.904793424391299794e+01 1.762199522583954181e+00 -2.016203057760643791e+00 7.436997810908732731e+01 2.897355283013773430e+01 1.104224095853072241e+00 3.918504715913030623e+01 -1.823717891793063117e+01 3.783190540276011760e+00 -1.322508833199301819e+02 7.533622473436651923e+00 -1.663294526966157960e+01 2.970103606704918775e+01 -1.418921329105253015e+01 1.963938622377473564e+01 -1.793963199775725631e-02 5.464075098881336245e+00 -3.120610673889605113e+00 -8.291089276577194411e+00 1.221644494201925113e+01
2.098159399871251907e+01 -3.418126920897393894e+00 -1.087147408496820589e+01 1.162328751372301952e+02 3.471370348218651003e+01 -1.612237985620686942e+01 4.580767887606253908e+01 -6.940405375692304801e+01 -4.667582421084206956e+00 7.533622473436653699e+00 1.840231492949502581e+02 -7.122797394730622500e+01 3.256593303450070209e+01 -5.279248754747020200e+01 1.257716973071715927e+01 -3.546976878317995574e-01 -2.469052501218754081e+00 -2.052701812868279063e+01 -3.604671738806992209e+01 -1.054295603471763343e+01
-2.454642596564651313e+01 -3.781678255702554736e+01 -5.477829649512847254e+01 1.317498942999851010e+02 -1.877314969521748367e+01 -1.164247803052910228e+02 -3.295473766722258802e+01 -3.035917343079576654e+02 -6.347371430437392803e+01 -1.663294526966157605e+01 -7.122797394730622500e+01 4.475229853192196856e+02 -3.927105760277311219e+01 -2.282036124748187831e+02 -8.537348780219348043e+01 -2.198406429299919473e+00 -6.333821440048218676e+01 -1.093282979885685364e+02 -1.678268247258012593e+02 -1.749239762237847913e+02
7.191218632727948545e+01 9.035741061740214519e+00 -3.765524475532365134e+00 2.655143818597709355e+02 1.081401799625578803e+02 1.187808905166991735e+01 1.467604499522228423e+02 -4.692422969247147790e+01 1.821099848722584369e+01 2.970103606704918775e+01 3.256593303450070920e+01 -3.927105760277311219e+01 -1.138020765341122171e+02 -3.704525884790729151e+01 7.817163110608643706e+01 8.119454234990884645e-02 2.440259747581926320e+01 -4.182794244721532273e+00 -1.933486211358491857e+01 5.679196832484666402e+01
-2.330535423230716674e+01 -2.733360399729297896e+01 -3.817354138901225724e+01 7.021048197478798158e+01 -2.230031946241298613e+01 -8.280802362100266123e+01 -3.551835757246409742e+01 -2.093703031246393209e+02 -4.613467273485125730e+01 -1.418921329105253015e+01 -5.279248754747020200e+01 -2.282036124748187831e+02 -3.704525884790730572e+01 7.137700554967634616e+02 -6.657358992947600029e+01 -1.551580037453741623e+00 -4.656100650984188860e+01 -7.646870584011203675e+01 -1.162971815837765064e+02 -1.276965791845997700e+02
5.020882644064083422e+01 4.381574455438528304e-01 -1.210506309919470525e+01 2.229683455032684947e+02 7.856902124047813629e+01 -1.069982496372549363e+01 1.053647020377761407e+02 -8.678326198289633453e+01 3.037056902941826397e+00 1.963938622377473209e+01 1.257716973071715572e+01 -8.537348780219348043e+01 7.817163110608642285e+01 -6.657358992947600029e+01 5.765916417642583269e+01 -3.102050158888636222e-01 7.740128104401000186e+00 -2.164062653374078593e+01 -4.298146666067313504e+01 1.336247999672185216e+01
5.598592998527437276e-02 -2.125580542900240844e-01 -3.573877083826190182e-01 1.612686580367111100e+00 1.988743294037767229e-01 -7.012017172648391528e-01 2.226254489531833136e-01 -2.057223936212467130e+00 -3.478270670248693186e-01 -1.793963199775723549e-02 -3.546976878317996684e-01 -2.198406429299919473e+00 8.119454234990894359e-02 -1.551580037453741845e+00 -3.102050158888635112e-01 5.269863392507587605e+02 -3.287880723150673479e-01 -7.034995282744895828e-01 -1.117845825194485387e+00 -9.391619861633365707e-01
1.574023304044324334e+01 -3.567440153581358686e+00 -9.774995066944594413e+00 9.362008071447017699e+01 2.656587894085219403e+01 -1.534050364489175955e+01 3.485964134816325810e+01 -6.129772551438950501e+01 -5.155368348581838234e+00 5.464075098881338022e+00 -2.469052501218749640e+00 -6.333821440048220097e+01 2.440259747581926675e+01 -4.656100650984188860e+01 7.740128104401009068e+00 -3.287880723150673479e-01 2.215589085876718798e+02 -1.859820440047090173e+01 -3.207997455475637594e+01 -1.240170261632845339e+01
-2.479500076082584936e+00 -1.152322166443846285e+01 -1.796752080923358008e+01 6.262961220825989272e+01 2.126746899275068881e+00 -3.668273074805374279e+01 4.726636250466889067e-01 -1.015519022303748926e+02 -1.911067730914313856e+01 -3.120610673889605113e+00 -2.052701812868279418e+01 -1.093282979885685222e+02 -4.182794244721532273e+00 -7.646870584011203675e+01 -2.164062653374078238e+01 -7.034995282744895828e-01 -1.859820440047090528e+01 5.973921308927540395e+02 -5.563829699582417732e+01 -5.216609674680613296e+01
-1.207508026746792851e+01 -1.918536981565806343e+01 -2.788679355706801033e+01 6.853928614504489758e+01 -8.930970982704000249e+00 -5.915631746540115898e+01 -1.592404085006783454e+01 -1.547029963540705637e+02 -3.218432997086514291e+01 -8.291089276577194411e+00 -3.604671738806992920e+01 -1.678268247258012593e+02 -1.933486211358491857e+01 -1.162971815837765064e+02 -4.298146666067312793e+01 -1.117845825194485387e+00 -3.207997455475637594e+01 -5.563829699582417732e+01 6.835173075745742608e+02 -8.865736126067375267e+01
3.668214452431314498e+01 -1.108082873354397613e+01 -2.724672119700585426e+01 2.358950461539369030e+02 6.335608261070937886e+01 -4.470272584084609946e+01 8.260486324285895421e+01 -1.683146051953582969e+02 -1.657593840209242586e+01 1.221644494201925468e+01 -1.054295603471762277e+01 -1.749239762237847344e+02 5.679196832484667112e+01 -1.276965791845997700e+02 1.336247999672186637e+01 -9.391619861633365707e-01 -1.240170261632844984e+01 -5.216609674680611874e+01 -8.865736126067372425e+01 2.217069962910497338e+02
