3.672531107754962250e+02 -1.359716394239073338e+02 -9.435450653084694750e+01 -1.275922088589063890e+02 -2.628671335745294435e+00 -3.458368674190686676e+01 -1.563627810415974011e+02 -5.791083512689168344e+01 1.613947076251924173e+01 -2.323817683216358532e+01 1.615840682053119082e+01 -4.155088254054378893e+01 -8.760403929231041786e+01 -3.816817373602274870e+02 -1.983856376901693963e+01 -3.011702254710508342e+01 -6.682528243062017737e+01 -3.014963691949855118e+01 -1.102155098780545046e+02 1.318036310698225577e+00
-1.359716394239073338e+02 -7.286254651684420480e+01 1.724938627583950179e+01 -6.732121421488540136e+01 2.153557744894494590e+02 4.456723925176288503e+01 9.522607533603036245e+01 1.959955584646719160e+02 7.667209212028235754e+01 7.080311612079879069e+01 7.888198804707052147e+01 3.646679401679519117e+01 -4.236484700376674795e+00 -1.847735035336612555e+02 1.541474440315313643e+01 2.025622156173104571e+01 -3.192792940559434101e+01 -3.189359154272841224e+00 -1.020051200500354405e+01 8.688010886875396466e+01
-9.435450653084694750e+01 1.724938627583949113e+01 5.601922869433022356e+01 -4.180145874098835890e+01 7.005082086729849777e+01 9.220899969447719613e+00 6.920128626788230264e+00 5.514837039212455494e+01 2.758641736433287761e+01 1.956300131631095596e+01 2.831236702143567641e+01 5.490800360629089383e+00 -1.496405902342354999e+01 -1.196105546307064742e+02 1.968427057473296049e+00 1.959331884646925648e+00 -2.080334784009465920e+01 -5.716446139275185523e+00 -2.041993505358029637e+01 2.862897147216571625e+01
-1.275922088589063890e+02 -6.732121421488540136e+01 -4.180145874098836600e+01 8.694303685111455025e+02 -1.765583022078059017e+01 -1.825667530278782280e+01 -7.438725346388896753e+01 -3.988573657393424554e+01 1.039314147299038593e+00 -1.540306285499127092e+01 8.778323353485811831e-01 -2.062387303971400243e+01 -3.725654328858556852e+01 -1.495585028715836984e+02 -9.693694662865999234e+00 -1.447467508586580998e+01 -2.621729733261025785e+01 -1.268926302428300268e+01 -4.649902098822923335e+01 -6.102451280203304407e+00
-2.628671335745279780e+00 2.153557744894494590e+02 7.005082086729851198e+01 -1.765583022078057596e+01 -4.136485852771224927e+02 7.309118327577547802e+01 1.987074388712956079e+02 2.728617251848672254e+02 8.673292665749887931e+01 9.976644889786238934e+01 8.946296368658470044e+01 6.664181494222492574e+01 3.993119503882452648e+01 -3.222006398314164244e+01 2.934316086506139598e+01 4.064689010620291043e+01 -5.117401815157079703e+00 1.159614895379889887e+01 4.419938169673294937e+01 1.070331610891003322e+02
-3.458368674190685965e+01 4.456723925176287082e+01 9.220899969447721389e+00 -1.825667530278781925e+01 7.309118327577547802e+01 -2.616567673698800149e+02 3.786930805181150106e+01 6.850566797379391915e+01 2.541170732522454045e+01 2.483046344584869303e+01 2.616009847226356300e+01 1.384663921362011862e+01 1.696639419229860835e+00 -4.898239336598103932e+01 5.934404718739588525e+00 7.943024596499367540e+00 -8.432706986773096602e+00 -2.943978486227877278e-03 4.836333826565561989e-01 2.940182696619212521e+01
-1.563627810415974011e+02 9.522607533603039087e+01 6.920128626788230264e+00 -7.438725346388896753e+01 1.987074388712956363e+02 3.786930805181150106e+01 -4.496541615998823715e+01 1.755389093297908687e+02 7.237647119625607672e+01 6.319169089654837990e+01 7.441991537452923922e+01 2.971989043398721009e+01 -1.228478132116591581e+01 -2.071758555958528234e+02 1.234542621982186716e+01 1.583613255064035563e+01 -3.588232304989362831e+01 -5.827421490239133917e+00 -1.995531087159579897e+01 8.039101290182888704e+01
-5.791083512689167634e+01 1.959955584646719160e+02 5.514837039212455494e+01 -3.988573657393423844e+01 2.728617251848672822e+02 6.850566797379394757e+01 1.755389093297909255e+02 -2.020347371530183125e+02 9.110716446276323666e+01 9.762179256602230737e+01 9.389092805243146245e+01 6.074101403335654226e+01 2.563069811447238422e+01 -9.833822522408277678e+01 2.648004721414863383e+01 3.622829210138620937e+01 -1.668376319433707167e+01 6.634830878485768579e+00 2.609613947346506890e+01 1.092383691918750515e+02
1.613947076251923463e+01 7.667209212028235754e+01 2.758641736433288116e+01 1.039314147299042146e+00 8.673292665749886510e+01 2.541170732522454045e+01 7.237647119625607672e+01 9.110716446276325087e+01 -9.508643483129187643e+02 3.342050624312829399e+01 2.801560570190553534e+01 2.369842166697245744e+01 1.751072187228908561e+01 9.755107188547869512e+00 1.051616884784363393e+01 1.470644760036396725e+01 1.876935802035575973e+00 5.333805513052245928e+00 2.008186919288388950e+01 3.446886839502862188e+01
-2.323817683216358532e+01 7.080311612079877648e+01 1.956300131631095596e+01 -1.540306285499127092e+01 9.976644889786238934e+01 2.483046344584869658e+01 6.319169089654837990e+01 9.762179256602230737e+01 3.342050624312829399e+01 -4.164493462046003174e+02 3.443862692740830056e+01 2.194637134671634371e+01 8.811865865989377156e+00 -3.840599927168865690e+01 9.556476911242690164e+00 1.305550027555028336e+01 -6.529104237845389846e+00 2.233206476575822830e+00 8.837256406524765850e+00 3.995601298234616650e+01
1.615840682053118371e+01 7.888198804707052147e+01 2.831236702143567285e+01 8.778323353485882885e-01 8.946296368658470044e+01 2.616009847226356300e+01 7.441991537452923922e+01 9.389092805243146245e+01 2.801560570190552824e+01 3.443862692740830056e+01 -9.390766731031663994e+02 2.438219905644702479e+01 1.792933716129532229e+01 9.481548627677224061e+00 1.081746300567825259e+01 1.512418212755368252e+01 1.834368163115791761e+00 5.456041259141186650e+00 2.054711026928212547e+01 3.555741992042059252e+01
-4.155088254054378893e+01 3.646679401679519827e+01 5.490800360629090271e+00 -2.062387303971400243e+01 6.664181494222492574e+01 1.384663921362011862e+01 2.971989043398720298e+01 6.074101403335654226e+01 2.369842166697245744e+01 2.194637134671634016e+01 2.438219905644702479e+01 -1.826485603745172455e+02 -1.168542547140484222e+00 -5.655425303343866972e+01 4.802021668318091407e+00 6.316822165370395759e+00 -9.770871716812814967e+00 -9.378915488402597145e-01 -2.977248957696837728e+00 2.688117281521354585e+01
-8.760403929231041786e+01 -4.236484700376671242e+00 -1.496405902342354644e+01 -3.725654328858556852e+01 3.993119503882451227e+01 1.696639419229863277e+00 -1.228478132116591581e+01 2.563069811447239132e+01 1.751072187228908561e+01 8.811865865989377156e+00 1.792933716129532229e+01 -1.168542547140484444e+00 2.053037554447470256e+02 -1.083305319016732113e+02 -9.327981438950450066e-01 -2.006632332749839431e+00 -1.888731383153298538e+01 -6.415406613532340430e+00 -2.317838546683830359e+01 1.656814732834517301e+01
-3.816817373602275438e+02 -1.847735035336612270e+02 -1.196105546307064742e+02 -1.495585028715836984e+02 -3.222006398314161402e+01 -4.898239336598103932e+01 -2.071758555958528234e+02 -9.833822522408274835e+01 9.755107188547869512e+00 -3.840599927168865690e+01 9.481548627677238272e+00 -5.655425303343865551e+01 -1.083305319016732113e+02 3.653745038626800579e+02 -2.673356044827883693e+01 -4.016154120201019850e+01 -7.877774617651179767e+01 -3.705006581479018024e+01 -1.356369202389000179e+02 -1.004169710009244199e+01
-1.983856376901693963e+01 1.541474440315313643e+01 1.968427057473296715e+00 -9.693694662865999234e+00 2.934316086506139598e+01 5.934404718739589413e+00 1.234542621982186539e+01 2.648004721414863383e+01 1.051616884784363393e+01 9.556476911242690164e+00 1.081746300567824903e+01 4.802021668318091407e+00 -9.327981438950450066e-01 -2.673356044827883693e+01 -1.659793821356824708e+02 2.638837304796485039e+00 -4.622963948155199176e+00 -5.570181654954295958e-01 -1.837437170779991469e+00 1.184744064863915014e+01
-3.011702254710508342e+01 2.025622156173104216e+01 1.959331884646925204e+00 -1.447467508586581175e+01 4.064689010620291043e+01 7.943024596499367540e+00 1.583613255064035918e+01 3.622829210138619516e+01 1.470644760036396548e+01 1.305550027555028336e+01 1.512418212755368252e+01 6.316822165370395759e+00 -2.006632332749840764e+00 -4.016154120201019850e+01 2.638837304796485039e+00 -1.345880891959754138e+02 -6.951727551379462078e+00 -1.017667743778691403e+00 -3.444664512190224404e+00 1.643076268703474341e+01
-6.682528243062017737e+01 -3.192792940559433390e+01 -2.080334784009465920e+01 -2.621729733261025785e+01 -5.117401815157083256e+00 -8.432706986773096602e+00 -3.588232304989363541e+01 -1.668376319433707522e+01 1.876935802035575973e+00 -6.529104237845388070e+00 1.834368163115793537e+00 -9.770871716812814967e+00 -1.888731383153298538e+01 -7.877774617651179767e+01 -4.622963948155198288e+00 -6.951727551379462078e+00 7.871985795148868874e+02 -6.463658256290182536e+00 -2.365945826497867799e+01 -1.549259896394358904e+00
-3.014963691949855118e+01 -3.189359154272841224e+00 -5.716446139275185523e+00 -1.268926302428300623e+01 1.159614895379889887e+01 -2.943978486226989100e-03 -5.827421490239133917e+00 6.634830878485766803e+00 5.333805513052245040e+00 2.233206476575822830e+00 5.456041259141186650e+00 -9.378915488402588263e-01 -6.415406613532340430e+00 -3.705006581479018024e+01 -5.570181654954293737e-01 -1.017667743778690959e+00 -6.463658256290183424e+00 2.706973678668217076e+02 -8.337744901242416518e+00 4.846077495065619800e+00
-1.102155098780545046e+02 -1.020051200500355471e+01 -2.041993505358029282e+01 -4.649902098822923335e+01 4.419938169673294937e+01 4.836333826565560878e-01 -1.995531087159581674e+01 2.609613947346504759e+01 2.008186919288388950e+01 8.837256406524758745e+00 2.054711026928212547e+01 -2.977248957696839504e+00 -2.317838546683830714e+01 -1.356369202389000179e+02 -1.837437170779992135e+00 -3.444664512190223959e+00 -2.365945826497867799e+01 -8.337744901242418294e+00 2.308242869768549497e+02 1.843652239911931190e+01
1.318036310698225577e+00 8.688010886875395045e+01 2.862897147216571625e+01 -6.102451280203304407e+00 1.070331610891003322e+02 2.940182696619212876e+01 8.039101290182890125e+01 1.092383691918750515e+02 3.446886839502862898e+01 3.995601298234615939e+01 3.555741992042059962e+01 2.688117281521354585e+01 1.656814732834516946e+01 -1.004169710009243488e+01 1.184744064863915192e+01 1.643076268703474341e+01 -1.549259896394358904e+00 4.846077495065620688e+00 1.843652239911931190e+01 -6.673267498432487628e+02
