-9.780000000000000000e+02
8.710000000000000000e+02
8.530000000000000000e+02
7.770000000000000000e+02
7.690000000000000000e+02
6.830000000000000000e+02
6.330000000000000000e+02
5.270000000000000000e+02
4.510000000000000000e+02
3.250000000000000000e+02
-3.160000000000000000e+02
2.890000000000000000e+02
-2.880000000000000000e+02
2.630000000000000000e+02
-2.300000000000000000e+02
-2.260000000000000000e+02
2.250000000000000000e+02
1.850000000000000000e+02
-1.400000000000000000e+02
1.300000000000000000e+01
