5.780713152882325403e+02 -7.539156012277316243e+00 -4.867059772314890509e+00 -3.892696823153495700e+01 -5.734326232723056904e+01 -1.912303839510018921e+00 1.611099974770024090e+01 1.032872296000393852e+01 -4.135186352572161184e+01 -5.413258125205864246e+01 1.596940347642412306e+01 -2.106947314523723946e+01 -2.111706453756697410e+00 -4.723242043105781107e+01 -5.204647394903342672e+01 -3.146974116573805880e+00 1.215360683223596361e+00 -1.263355421164180292e+01 5.818346027664516029e+00 2.143679277804725203e+01
-7.539156012277311802e+00 -1.056676960333679318e+02 4.928211133525530840e+01 -4.647687966171910290e+01 -8.811242803733735229e+01 2.387913549741825392e+01 1.501794944291924025e+02 1.360813808435425187e+02 -6.045988181926576033e+01 -6.615988528933334578e+01 1.449057764568800053e+02 -1.064483343257592907e+01 5.591171154515579111e+00 -5.383027190318589561e+01 -2.594193905919683729e+01 1.171017370263616897e+01 2.903630943151555499e+01 -1.201668262951753796e+01 1.718779155226828550e+02 2.061883288828638854e+02
-4.867059772314890509e+00 4.928211133525530840e+01 -1.458950909924292034e+02 -2.862103095074093773e+01 -5.346058835854628910e+01 1.363962658892144830e+01 8.714980444940117366e+01 7.876099743654896201e+01 -3.678039428901347208e+01 -4.067982981377281959e+01 8.411006700351320831e+01 -7.146169047516314876e+00 3.112739677284777962e+00 -3.325371192115393626e+01 -1.744953395194421475e+01 6.581368131760751083e+00 1.675753119999569307e+01 -7.524927344869954737e+00 9.912785404184046456e+01 1.196187746798241847e+02
-3.892696823153495700e+01 -4.647687966171910290e+01 -2.862103095074093773e+01 6.585525712436750609e+02 -1.938422627608180733e+02 -1.221352906390314352e+01 2.757274835162974114e+01 9.144046877577061139e+00 -1.404455955669827745e+02 -1.866375169682238493e+02 2.817804658263440842e+01 -7.588145869859691572e+01 -9.032656136064789010e+00 -1.636825545362513878e+02 -1.875204945217135730e+02 -1.418509780773010043e+01 -1.716127506385498158e+00 -4.429178976758190345e+01 -1.526269267979044386e+01 3.532306797874768733e+01
-5.734326232723056904e+01 -8.811242803733729545e+01 -5.346058835854627489e+01 -1.938422627608180733e+02 7.138732806268050126e+02 -2.340050144341080696e+01 1.076730753428599741e+01 -1.421006705461929087e+01 -2.000357987681715599e+02 -2.687500630789288039e+02 1.276999681290549660e+01 -1.126158393761350851e+02 -1.481881653165453372e+01 -2.365599245487098301e+02 -2.783745711544722781e+02 -2.387559891247868649e+01 -8.580641647054925158e+00 -6.453753033318986354e+01 -5.851512305554714288e+01 1.095073347163339861e+01
-1.912303839510019587e+00 2.387913549741826102e+01 1.363962658892144830e+01 -1.221352906390314530e+01 -2.340050144341081051e+01 -1.973977189421976846e+02 4.110265015150551449e+01 3.730788364797728462e+01 -1.602673168389092950e+01 -1.740508122410073355e+01 3.965295277378987748e+01 -2.615870516502564858e+00 1.570731211868137578e+00 -1.411385824156166180e+01 -6.364555151804982103e+00 3.270698969101250686e+00 7.975313132582601661e+00 -3.119476749688696593e+00 4.722971611902663369e+01 5.644191034616112290e+01
1.611099974770024090e+01 1.501794944291924025e+02 8.714980444940115945e+01 2.757274835162974114e+01 1.076730753428602583e+01 4.110265015150551449e+01 -6.784704150095614068e+02 1.806949788457403372e+02 1.244478911415067479e+01 3.602132916949091879e+01 1.798744312842004547e+02 3.697044069578988257e+01 1.382090653806234215e+01 3.734946216213872106e+01 9.186225095484932979e+01 2.572866616677292484e+01 4.104905353837278170e+01 1.360849583842095534e+01 2.464566509121256388e+02 2.591900405074719629e+02
1.032872296000393852e+01 1.360813808435425187e+02 7.876099743654899044e+01 9.144046877577039822e+00 -1.421006705461929087e+01 3.730788364797727752e+01 1.806949788457403372e+02 -4.980824899811098589e+02 -5.907329307730096346e+00 1.056281200728050251e+01 1.735365653129953500e+02 2.539313864836254098e+01 1.192522468386533241e+01 1.470576019301417503e+01 6.322462060144441409e+01 2.253055500296405356e+01 3.857782851583752404e+01 7.288805917483601959e+00 2.309956571188223506e+02 2.493932467119947773e+02
-4.135186352572161184e+01 -6.045988181926573191e+01 -3.678039428901345786e+01 -1.404455955669827745e+02 -2.000357987681715599e+02 -1.602673168389093661e+01 1.244478911415066058e+01 -5.907329307730096346e+00 7.956737753712430958e+02 -1.947731486469183437e+02 1.371478846939639240e+01 -8.107958245146352283e+01 -1.044907688497874076e+01 -1.713051716982475909e+02 -2.004085728499308345e+02 -1.675021376077206980e+01 -5.238759164191540307e+00 -4.665096333545506724e+01 -3.654753937921007889e+01 1.433836644905200330e+01
-5.413258125205864957e+01 -6.615988528933333157e+01 -4.067982981377282670e+01 -1.866375169682238493e+02 -2.687500630789288039e+02 -1.740508122410072644e+01 3.602132916949091879e+01 1.056281200728051672e+01 -1.947731486469183437e+02 5.479394500024362742e+02 3.694948839504139926e+01 -1.055871447060714843e+02 -1.267865663829258160e+01 -2.272653255818843263e+02 -2.609358935673385531e+02 -1.995782785065861376e+01 -2.857276332819040476e+00 -6.153788285387876300e+01 -2.402727845004309870e+01 4.592527947808554245e+01
1.596940347642412306e+01 1.449057764568800053e+02 8.411006700351320831e+01 2.817804658263440842e+01 1.276999681290546818e+01 3.965295277378987748e+01 1.798744312842004547e+02 1.735365653129953500e+02 1.371478846939639240e+01 3.694948839504139926e+01 -7.154898613544517048e+02 3.647748685773172639e+01 1.339499852491453247e+01 3.793897889039375571e+01 9.062456454201125666e+01 2.490294063598635077e+01 3.947026001336636369e+01 1.363150010273427704e+01 2.370396205321182492e+02 2.486444488740705197e+02
-2.106947314523723946e+01 -1.064483343257593084e+01 -7.146169047516315764e+00 -7.588145869859691572e+01 -1.126158393761350851e+02 -2.615870516502562637e+00 3.697044069578987546e+01 2.539313864836254098e+01 -8.107958245146350862e+01 -1.055871447060714559e+02 3.647748685773174060e+01 4.905453571692039532e+02 -3.771650069892615420e+00 -9.196259789645864657e+01 -9.991731577883697923e+01 -5.477154083160423959e+00 3.541445697644796553e+00 -2.449660347511706959e+01 1.835105789238083673e+01 4.946217618675485994e+01
-2.111706453756697410e+00 5.591171154515580888e+00 3.112739677284777073e+00 -9.032656136064787233e+00 -1.481881653165453017e+01 1.570731211868137578e+00 1.382090653806233860e+01 1.192522468386533241e+01 -1.044907688497874076e+01 -1.267865663829257983e+01 1.339499852491453247e+01 -3.771650069892614532e+00 7.113464461821178020e+01 -1.076252186099790720e+01 -9.289647650914130139e+00 4.607497648592309147e-01 2.406039030900580133e+00 -2.695336671327194011e+00 1.404956744139519742e+01 1.887970012779242523e+01
-4.723242043105781107e+01 -5.383027190318590272e+01 -3.325371192115393626e+01 -1.636825545362513878e+02 -2.365599245487098017e+02 -1.411385824156166535e+01 3.734946216213872106e+01 1.470576019301419279e+01 -1.713051716982475909e+02 -2.272653255818843263e+02 3.793897889039375571e+01 -9.196259789645864657e+01 -1.076252186099790720e+01 5.677992494723689560e+02 -2.272508965353060546e+02 -1.682296022681930125e+01 -1.292745834337954314e+00 -5.383431853950167323e+01 -1.381898229040023196e+01 4.821875195056244934e+01
-5.204647394903342672e+01 -2.594193905919684084e+01 -1.744953395194421120e+01 -1.875204945217135730e+02 -2.783745711544722781e+02 -6.364555151804979438e+00 9.186225095484932979e+01 6.322462060144441409e+01 -2.004085728499308345e+02 -2.609358935673385531e+02 9.062456454201125666e+01 -9.991731577883697923e+01 -9.289647650914130139e+00 -2.272508965353060546e+02 2.822195586602207982e+02 -1.347626526050894746e+01 8.857017101959893779e+00 -6.052502035727786733e+01 4.597921303021027484e+01 1.229217088247995662e+02
-3.146974116573805880e+00 1.171017370263616897e+01 6.581368131760751083e+00 -1.418509780773010043e+01 -2.387559891247868649e+01 3.270698969101250242e+00 2.572866616677292484e+01 2.253055500296405711e+01 -1.675021376077206980e+01 -1.995782785065861731e+01 2.490294063598635077e+01 -5.477154083160421294e+00 4.607497648592310258e-01 -1.682296022681930481e+01 -1.347626526050895279e+01 6.198898811085217453e+00 4.626212751870404816e+00 -4.138565007603983048e+00 2.713221364404087055e+01 3.519889545752493376e+01
1.215360683223597249e+00 2.903630943151555499e+01 1.675753119999569307e+01 -1.716127506385497270e+00 -8.580641647054925158e+00 7.975313132582601661e+00 4.104905353837278170e+01 3.857782851583751693e+01 -5.238759164191540307e+00 -2.857276332819044029e+00 3.947026001336637080e+01 3.541445697644796553e+00 2.406039030900580133e+00 -1.292745834337956978e+00 8.857017101959899108e+00 4.626212751870404816e+00 -5.074484608562786434e+02 3.879139228803989425e-01 5.106549973775820206e+01 5.657915153741117109e+01
-1.263355421164180115e+01 -1.201668262951754862e+01 -7.524927344869954737e+00 -4.429178976758191766e+01 -6.453753033318984933e+01 -3.119476749688699257e+00 1.360849583842095001e+01 7.288805917483594854e+00 -4.665096333545506724e+01 -6.153788285387877011e+01 1.363150010273427704e+01 -2.449660347511707315e+01 -2.695336671327194900e+00 -5.383431853950168033e+01 -6.052502035727786733e+01 -4.138565007603983048e+00 3.879139228803989425e-01 6.705146932616394224e+02 6.714767646440336080e-01 1.787749559910322006e+01
5.818346027664526687e+00 1.718779155226828834e+02 9.912785404184049298e+01 -1.526269267979042255e+01 -5.851512305554713578e+01 4.722971611902663369e+01 2.464566509121256388e+02 2.309956571188223506e+02 -3.654753937921008600e+01 -2.402727845004311291e+01 2.370396205321182492e+02 1.835105789238085094e+01 1.404956744139520097e+01 -1.381898229040022130e+01 4.597921303021028905e+01 2.713221364404087055e+01 5.106549973775820206e+01 6.714767646440442661e-01 -1.812490392298223014e+02 3.395988977104339597e+02
2.143679277804725558e+01 2.061883288828638854e+02 1.196187746798241847e+02 3.532306797874774418e+01 1.095073347163339861e+01 5.644191034616112290e+01 2.591900405074719629e+02 2.493932467119947773e+02 1.433836644905200330e+01 4.592527947808554245e+01 2.486444488740705197e+02 4.946217618675487415e+01 1.887970012779242523e+01 4.821875195056247776e+01 1.229217088247995662e+02 3.519889545752494087e+01 5.657915153741117820e+01 1.787749559910323427e+01 3.395988977104340165e+02 -4.838220221259030041e+02
