9.310000000000000000e+02
-7.600000000000000000e+02
7.490000000000000000e+02
-6.800000000000000000e+02
6.650000000000000000e+02
4.890000000000000000e+02
4.190000000000000000e+02
3.970000000000000000e+02
3.430000000000000000e+02
-3.420000000000000000e+02
-3.280000000000000000e+02
-3.260000000000000000e+02
-2.000000000000000000e+02
1.710000000000000000e+02
1.490000000000000000e+02
-1.420000000000000000e+02
1.190000000000000000e+02
9.500000000000000000e+01
-9.200000000000000000e+01
-8.600000000000000000e+01
