-9.960000000000000000e+02
-9.080000000000000000e+02
-9.020000000000000000e+02
8.910000000000000000e+02
8.350000000000000000e+02
-7.620000000000000000e+02
7.310000000000000000e+02
6.930000000000000000e+02
-6.200000000000000000e+02
-5.660000000000000000e+02
-5.600000000000000000e+02
5.210000000000000000e+02
-4.880000000000000000e+02
4.730000000000000000e+02
-3.940000000000000000e+02
-3.680000000000000000e+02
-3.180000000000000000e+02
7.700000000000000000e+01
6.500000000000000000e+01
4.500000000000000000e+01
