9.650000000000000000e+02
8.710000000000000000e+02
8.470000000000000000e+02
-7.520000000000000000e+02
-7.080000000000000000e+02
5.430000000000000000e+02
-5.020000000000000000e+02
4.550000000000000000e+02
-3.700000000000000000e+02
3.450000000000000000e+02
-3.400000000000000000e+02
-2.940000000000000000e+02
2.670000000000000000e+02
2.590000000000000000e+02
-2.100000000000000000e+02
-1.520000000000000000e+02
1.290000000000000000e+02
1.070000000000000000e+02
7.500000000000000000e+01
-1.600000000000000000e+01
