-7.719740592093472742e+02 2.761966161918631091e+00 2.865243380284815400e-01 9.151573806683697132e-01 -3.567796187234889560e-01 8.414048672604226287e-01 2.375212604814458839e+00 1.754452852171462185e+00 8.207290242363882715e-01 1.412640297439173576e-01 1.100008620912003243e+00 1.515621397781591329e-01 2.300140784430223739e+00 -1.785718457758311839e-01 6.780031341030565151e-02 2.588135988942769639e-01 1.936267545466098527e-01 6.110443987338388255e-02 8.863242795621031345e-01 2.423394387820630325e+00
2.761966161918630203e+00 -4.125637442696896073e+02 2.518499243799083587e+01 9.281992190115167318e+01 -5.252761741287643815e+01 8.267436090889148659e+01 2.500416875922801694e+02 1.826290818490650452e+02 7.862248501191879768e+01 2.853455880413452661e+00 1.172835816977378727e+02 1.370846102213210393e+01 2.445853952535622966e+02 -3.338127311064003067e+01 6.838706842924489493e+00 2.677683918685310260e+01 1.893063606226383655e+01 6.257439405877393668e+00 9.110242445237007303e+01 2.585189261644446219e+02
2.865243380284816510e-01 2.518499243799083587e+01 3.596075571327742182e+02 -2.856179093383066459e+01 -1.256829060448798430e+02 -4.857460900479922117e+01 2.358153728281417116e+00 -1.554270751853462862e+01 -6.429623919596522796e+01 -1.004778330744427990e+02 1.351916286832677905e+01 -1.866000966699807506e+01 2.276806792656139322e+01 -1.222726375048275571e+02 -2.433734902937776390e+00 -3.668116756321880612e+00 -1.197060538416798892e+01 -1.405401201760287044e+00 -1.755704614172441680e+01 3.091525283542294389e+01
9.151573806683697132e-01 9.281992190115167318e+01 -2.856179093383066814e+01 -2.327509206491554039e+01 -1.182434827791872749e+02 -2.053858680472659870e+01 6.307235244141029540e+01 3.158764124918148397e+01 -3.471418819072766127e+01 -8.357255757261111739e+01 3.999517997733241970e+01 -1.230047261964688410e+01 7.885676797543356997e+01 -1.107051519990991579e+02 -3.701959851362275344e-01 3.466176086467808837e+00 -5.414161600451108391e+00 3.502318075923365193e-01 7.534829233682165395e+00 8.909421718777527133e+01
-3.567796187234887895e-01 -5.252761741287643815e+01 -1.256829060448798430e+02 -1.182434827791872891e+02 5.912749068719855359e+02 -1.696837240164089451e+02 -9.790563424241202028e+01 -1.195441160170968544e+02 -2.117310781391763328e+02 -2.807383435084078656e+02 -1.138803145906026693e+01 -5.764261604323083077e+01 -3.884221329565322378e+01 -3.262364199620519685e+02 -9.628242888692657431e+00 -2.139257186053524507e+01 -4.121337532753477717e+01 -6.524394885224503504e+00 -8.690887380327507117e+01 -2.199675193173077048e+01
8.414048672604224066e-01 8.267436090889152922e+01 -4.857460900479922117e+01 -2.053858680472659159e+01 -1.696837240164089735e+02 1.071357467854830929e+02 4.603163904256831529e+01 1.155316769471113503e+01 -6.865659536477480174e+01 -1.279389910491405686e+02 3.745768372217547437e+01 -2.149264421409544212e+01 7.118070903930957627e+01 -1.620307883845815695e+02 -1.934239842129926279e+00 -8.183628840969348062e-02 -1.204387597183045067e+01 -7.198344766245651227e-01 -6.767896849315429897e+00 8.399151190430995939e+01
2.375212604814459283e+00 2.500416875922802262e+02 2.358153728281425998e+00 6.307235244141030250e+01 -9.790563424241202028e+01 4.603163904256831529e+01 -2.773136337125305317e+02 1.419294984851080699e+02 3.583613942582286427e+01 -4.174456199743231366e+01 1.014536397555307587e+02 2.981062762984140413e+00 2.091939602895849646e+02 -8.081575008740030341e+01 4.502526295262605061e+00 2.020020054752503924e+01 1.016829043274813849e+01 4.480117294719087262e+00 6.650007441844697098e+01 2.241157173337387292e+02
1.754452852171462185e+00 1.826290818490650452e+02 -1.554270751853463572e+01 3.158764124918148397e+01 -1.195441160170968544e+02 1.155316769471114213e+01 1.419294984851080699e+02 -1.987102320387405996e+02 -1.987868419946739351e+00 -7.041713717238656045e+01 7.546996305128902804e+01 -5.685993883336883492e+00 1.534980786629711815e+02 -1.063613160198924703e+02 2.091201299270476710e+00 1.238903093922493603e+01 2.037568055526979727e+00 2.502248221370122927e+00 3.851201568320331603e+01 1.671523883385597742e+02
8.207290242363877164e-01 7.862248501191879768e+01 -6.429623919596524217e+01 -3.471418819072765416e+01 -2.117310781391763044e+02 -6.865659536477477332e+01 3.583613942582285006e+01 -1.987868419946746457e+00 1.481802848362880525e+02 -1.635318983206115320e+02 3.705703145369251672e+01 -2.868392807004500611e+01 6.843022607110249567e+01 -2.037188069017821590e+02 -3.094924822207970827e+00 -2.557593677725404469e+00 -1.710422766322466614e+01 -1.491897873003996899e+00 -1.698325158682727931e+01 8.350232677048734331e+01
1.412640297439171355e-01 2.853455880413456214e+00 -1.004778330744427990e+02 -8.357255757261111739e+01 -2.807383435084078656e+02 -1.279389910491405402e+02 -4.174456199743228524e+01 -7.041713717238656045e+01 -1.635318983206115320e+02 4.000969841204867521e+02 9.125813246546913504e+00 -4.574063635345860490e+01 6.485208290175190626e+00 -2.764658532354011982e+02 -6.919118064521191158e+00 -1.353727503463485959e+01 -3.125650345002629038e+01 -4.431279729180490179e+00 -5.779885914707809036e+01 2.269623480918322400e+01
1.100008620912003243e+00 1.172835816977378727e+02 1.351916286832678615e+01 3.999517997733241970e+01 -1.138803145906027936e+01 3.745768372217547437e+01 1.014536397555307303e+02 7.546996305128902804e+01 3.705703145369251672e+01 9.125813246546906399e+00 -7.713966593602101511e+02 7.051783896879452840e+00 9.761758511238785729e+01 -3.875512624933687533e+00 2.972844266001314129e+00 1.117544929381285890e+01 8.644232772297035794e+00 2.655035732400353066e+00 3.842456860062830515e+01 1.026355799817946206e+02
1.515621397781591606e-01 1.370846102213210393e+01 -1.866000966699807861e+01 -1.230047261964688055e+01 -5.764261604323083787e+01 -2.149264421409543502e+01 2.981062762984147518e+00 -5.685993883336887933e+00 -2.868392807004500611e+01 -4.574063635345860490e+01 7.051783896879452840e+00 3.546058945318753786e+02 1.223509685063774910e+01 -5.594338946458502448e+01 -1.056280753940950001e+00 -1.466410680059834881e+00 -5.307602484497799367e+00 -5.923617982110218616e-01 -7.301485965785170507e+00 1.605198347109259771e+01
2.300140784430223739e+00 2.445853952535622398e+02 2.276806792656139322e+01 7.885676797543356997e+01 -3.884221329565322378e+01 7.118070903930957627e+01 2.091939602895849362e+02 1.534980786629711815e+02 6.843022607110246724e+01 6.485208290175176415e+00 9.761758511238785729e+01 1.223509685063774555e+01 -5.282052484512227011e+02 -2.295537128672290450e+01 5.823371565020767804e+00 2.256233410252335148e+01 1.633341767952923718e+01 5.294910101172025207e+00 7.697048774159380002e+01 2.151252205809066993e+02
-1.785718457758312394e-01 -3.338127311064000224e+01 -1.222726375048275571e+02 -1.107051519990991437e+02 -3.262364199620519685e+02 -1.620307883845815411e+02 -8.081575008740031762e+01 -1.063613160198924703e+02 -2.037188069017821590e+02 -2.764658532354011982e+02 -3.875512624933687533e+00 -5.594338946458502448e+01 -2.295537128672290450e+01 4.874298418467544707e+02 -9.059477153658500370e+00 -1.940336454672618061e+01 -3.942661280683835656e+01 -6.037299438934961238e+00 -7.993504870873769619e+01 -5.482777844398981415e+00
6.780031341030565151e-02 6.838706842924489493e+00 -2.433734902937777722e+00 -3.701959851362274234e-01 -9.628242888692659207e+00 -1.934239842129926057e+00 4.502526295262605061e+00 2.091201299270476710e+00 -3.094924822207971715e+00 -6.919118064521191158e+00 2.972844266001313684e+00 -1.056280753940950001e+00 5.823371565020769580e+00 -9.059477153658500370e+00 1.694988063045318682e+01 2.102568226618328762e-01 -5.017170468050088372e-01 1.111391152513104691e-02 3.632336780034539636e-01 6.630207833227329317e+00
2.588135988942769639e-01 2.677683918685310260e+01 -3.668116756321881944e+00 3.466176086467809725e+00 -2.139257186053524862e+01 -8.183628840969170426e-02 2.020020054752504635e+01 1.238903093922493603e+01 -2.557593677725403580e+00 -1.353727503463486315e+01 1.117544929381285890e+01 -1.466410680059835769e+00 2.256233410252335148e+01 -1.940336454672618416e+01 2.102568226618329872e-01 -2.083738469840833432e+02 -1.349133489619885884e-01 3.049166179539021249e-01 4.837144949733625410e+00 2.478604053411694963e+01
1.936267545466097972e-01 1.893063606226383655e+01 -1.197060538416798714e+01 -5.414161600451107503e+00 -4.121337532753477717e+01 -1.204387597183044889e+01 1.016829043274814559e+01 2.037568055526977062e+00 -1.710422766322466259e+01 -3.125650345002629749e+01 8.644232772297039347e+00 -5.307602484497799367e+00 1.633341767952924428e+01 -3.942661280683834946e+01 -5.017170468050087262e-01 -1.349133489619882553e-01 1.719774876201013569e+02 -2.026496624204983665e-01 -2.043820171730252877e+00 1.940216778671106468e+01
6.110443987338388255e-02 6.257439405877395444e+00 -1.405401201760287044e+00 3.502318075923365193e-01 -6.524394885224504392e+00 -7.198344766245651227e-01 4.480117294719086374e+00 2.502248221370122927e+00 -1.491897873003996677e+00 -4.431279729180489291e+00 2.655035732400352178e+00 -5.923617982110218616e-01 5.294910101172025207e+00 -6.037299438934959461e+00 1.111391152513104691e-02 3.049166179539020138e-01 -2.026496624204984220e-01 -1.019531938398502291e+02 8.109810914934572068e-01 5.902059161616646676e+00
8.863242795621031345e-01 9.110242445237010145e+01 -1.755704614172442035e+01 7.534829233682168947e+00 -8.690887380327509959e+01 -6.767896849315428121e+00 6.650007441844697098e+01 3.851201568320330182e+01 -1.698325158682728642e+01 -5.779885914707810457e+01 3.842456860062831225e+01 -7.301485965785170507e+00 7.697048774159380002e+01 -7.993504870873769619e+01 3.632336780034541857e-01 4.837144949733625410e+00 -2.043820171730253321e+00 8.109810914934572068e-01 -1.245007437852897993e+02 8.534647917395675165e+01
2.423394387820630769e+00 2.585189261644445651e+02 3.091525283542296165e+01 8.909421718777527133e+01 -2.199675193173077048e+01 8.399151190430995939e+01 2.241157173337387860e+02 1.671523883385597742e+02 8.350232677048732910e+01 2.269623480918320979e+01 1.026355799817946206e+02 1.605198347109259771e+01 2.151252205809066993e+02 -5.482777844398981415e+00 6.630207833227329317e+00 2.478604053411694963e+01 1.940216778671106823e+01 5.902059161616646676e+00 8.534647917395673744e+01 -6.099921306603223456e+02
