9.730000000000000000e+02
9.610000000000000000e+02
-9.180000000000000000e+02
8.870000000000000000e+02
8.830000000000000000e+02
-8.420000000000000000e+02
-8.240000000000000000e+02
8.090000000000000000e+02
-8.040000000000000000e+02
-6.980000000000000000e+02
5.970000000000000000e+02
5.890000000000000000e+02
4.870000000000000000e+02
-4.580000000000000000e+02
2.290000000000000000e+02
-2.280000000000000000e+02
1.890000000000000000e+02
-1.440000000000000000e+02
3.700000000000000000e+01
9.000000000000000000e+00
