2.892757928306396025e+02 -1.724832976188569376e+02 -1.804247203683235767e+01 -3.252040646686415926e+01 -1.114211488352588191e+02 -6.902377677168549042e+01 -1.504762790704874220e+01 -1.347935153270026376e+01 4.123456199237536168e+01 -6.436697780126502266e+01 -1.572790594328571103e+02 -1.685912965042633616e+01 -9.716245939733794046e+01 -2.443072188175814574e+01 -2.016023625264035601e+01 -8.865985609943820123e+01 -7.927233393522200799e+01 5.706650913225968935e+01 -8.147396488599150111e-01 -1.020650310223694817e+02
-1.724832976188569376e+02 7.322449839919536316e+02 -7.562969644431272798e+01 -6.452329731198457807e+01 -1.335151910256598171e+02 -9.262439498226912349e+01 -5.752111991537664437e+01 -2.124960860539259500e+01 -5.049851535112519230e+01 -9.765404893003150733e+01 -2.162496325572020055e+02 -4.110668773923725894e+01 -1.497297144522689223e+02 -4.803872836313704653e+01 -4.349145424276611038e+01 -1.425212290956925472e+02 -9.706758357994898745e+01 -3.719660760412010347e+01 -3.148344338683069843e+00 -1.320941416573877234e+02
-1.804247203683236833e+01 -7.562969644431272798e+01 -2.573092528329527795e+02 3.141679877367930018e+01 -4.020472077835771074e+01 -8.165880983388341008e+00 6.125296338252402251e+01 3.743689996680680920e+00 1.835874178198732807e+02 1.143039727028068242e+01 -9.836813264667632950e+00 2.921622237305520287e+01 2.117212251350300534e+01 2.286889599868455747e+01 2.537238047531833018e+01 2.927243889137660915e+01 -2.509856502647405918e+01 1.988735713097914299e+02 3.373757436399161147e+00 -2.029664911599004995e+01
-3.252040646686415926e+01 -6.452329731198457807e+01 3.141679877367929308e+01 -8.533977081127144970e+01 -3.811548039796132770e+01 -1.671238821536604391e+01 2.233593370682890011e+01 -1.063461920040406739e+00 8.363951498224507475e+01 -7.735251888181487345e+00 -3.446656370043854167e+01 8.781598990949644801e+00 -1.006166903960686021e+01 4.701444526193347073e+00 6.559027343900362794e+00 -5.078988607782271458e+00 -2.567296609003254559e+01 9.300110258132309582e+01 1.232963531768108911e+00 -2.810115290083858852e+01
-1.114211488352588191e+02 -1.335151910256598171e+02 -4.020472077835771074e+01 -3.811548039796132770e+01 6.603004009291095144e+02 -5.969143740916201324e+01 -3.087337730131963198e+01 -1.316949047711994325e+01 -1.497723924229119419e+01 -6.106070278663845841e+01 -1.384991827106190669e+02 -2.342316643540574006e+01 -9.328172155122237541e+01 -2.842635893453642737e+01 -2.529946487396205512e+01 -8.793889060592019291e+01 -6.410006341777828709e+01 -5.086421054103091421e+00 -1.687838194477968567e+00 -8.593573332318645441e+01
-6.902377677168549042e+01 -9.262439498226913770e+01 -8.165880983388341008e+00 -1.671238821536604036e+01 -5.969143740916201324e+01 3.602973524313057396e+02 -6.964711669493126145e+00 -7.079699794306503868e+00 2.486524865950581642e+01 -3.391320753435056901e+01 -8.348719881646367469e+01 -8.451339253069406254e+00 -5.112781703758374618e+01 -1.256711312156759952e+01 -1.026346324241650443e+01 -4.648996832249272870e+01 -4.241075646423855972e+01 3.350432055872614256e+01 -3.761557864253571859e-01 -5.440720105027591558e+01
-1.504762790704874220e+01 -5.752111991537667279e+01 6.125296338252404382e+01 2.233593370682890011e+01 -3.087337730131963198e+01 -6.964711669493126145e+00 -2.817284163173958405e+02 2.517906465933567262e+00 1.339824913797979775e+02 7.340515113424270766e+00 -9.498946313131177988e+00 2.097165355657481811e+01 1.392665382308817712e+01 1.624741067589989285e+01 1.812993779076422740e+01 1.993827091401687568e+01 -1.941865133709205082e+01 1.453238562940933605e+02 2.438649011581177195e+00 -1.627134358759063915e+01
-1.347935153270026021e+01 -2.124960860539259500e+01 3.743689996680678256e+00 -1.063461920040406072e+00 -1.316949047711994325e+01 -7.079699794306503868e+00 2.517906465933567262e+00 1.179613958935381817e+02 1.574389885785870113e+01 -5.374934513566264727e+00 -1.556688213769739271e+01 2.817333733422774378e-01 -7.861072844029266982e+00 -8.461302703975595030e-01 -2.793595895753508418e-01 -6.531865151169529149e+00 -9.143762840054224128e+00 1.823199614473821129e+01 1.400198900061979945e-01 -1.099845244123561727e+01
4.123456199237536168e+01 -5.049851535112519940e+01 1.835874178198732807e+02 8.363951498224508896e+01 -1.497723924229119064e+01 2.486524865950581642e+01 1.339824913797979775e+02 1.574389885785870113e+01 -3.303613945422777647e+02 6.203234878333512370e+01 7.454595756500233961e+01 6.973042551761713526e+01 1.016291136972137963e+02 6.133908012351127326e+01 6.387630628403230304e+01 1.130357996925859112e+02 -3.505573571859533999e+00 3.712925743056212582e+02 7.371169994191044239e+00 1.999898188694028534e+01
-6.436697780126500845e+01 -9.765404893003152154e+01 1.143039727028069841e+01 -7.735251888181487345e+00 -6.106070278663845130e+01 -3.391320753435056901e+01 7.340515113424266325e+00 -5.374934513566264727e+00 6.203234878333512370e+01 1.438265943263431268e+02 -7.522536961227348229e+01 -9.879195655044277213e-01 -4.010268467272450721e+01 -5.982330176091728013e+00 -3.417039683074738932e+00 -3.426683336215410947e+01 -4.262314937142240012e+01 7.294628600365436455e+01 4.108327613860894845e-01 -5.206907316532736729e+01
-1.572790594328570819e+02 -2.162496325572020623e+02 -9.836813264667620516e+00 -3.446656370043854167e+01 -1.384991827106190954e+02 -8.348719881646366048e+01 -9.498946313131185093e+00 -1.556688213769738915e+01 7.454595756500235382e+01 -7.522536961227348229e+01 1.539750040446209596e+02 -1.608315701560902511e+01 -1.130124239772030563e+02 -2.599391528527980455e+01 -2.055271849242555504e+01 -1.017487713684725037e+02 -9.805346001287112756e+01 9.554707248608160342e+01 -5.064048511869313485e-01 -1.245870338583531804e+02
-1.685912965042633616e+01 -4.110668773923723762e+01 2.921622237305519931e+01 8.781598990949641248e+00 -2.342316643540574006e+01 -8.451339253069406254e+00 2.097165355657482166e+01 2.817333733422776598e-01 6.973042551761713526e+01 -9.879195655044259450e-01 -1.608315701560902511e+01 -1.907678941879132424e+02 -7.325447319784572642e-02 6.331903687593829488e+00 7.578033482291265166e+00 3.535550050632803920e+00 -1.539592890167525319e+01 7.652363278144899539e+01 1.156219855730973745e+00 -1.547272868014914060e+01
-9.716245939733794046e+01 -1.497297144522689223e+02 2.117212251350299823e+01 -1.006166903960686021e+01 -9.328172155122237541e+01 -5.112781703758374618e+01 1.392665382308816291e+01 -7.861072844029267870e+00 1.016291136972137963e+02 -4.010268467272450721e+01 -1.130124239772030705e+02 -7.325447319784705869e-02 9.002309304339617313e+01 -7.850223638599507225e+00 -3.892103424654204780e+00 -4.985683351819476172e+01 -6.497227510970253661e+01 1.186916523740092089e+02 7.768273261242307770e-01 -7.887279447697133605e+01
-2.443072188175814574e+01 -4.803872836313704653e+01 2.286889599868454326e+01 4.701444526193347073e+00 -2.842635893453642737e+01 -1.256711312156760130e+01 1.624741067589989285e+01 -8.461302703975599471e-01 6.133908012351128036e+01 -5.982330176091725349e+00 -2.599391528527981876e+01 6.331903687593828600e+00 -7.850223638599509002e+00 -8.268879518442005860e+01 4.690654657018012763e+00 -4.165151004787742473e+00 -1.916837423608244251e+01 6.826195827032651664e+01 8.969528921798354260e-01 -2.105952137292075932e+01
-2.016023625264035957e+01 -4.349145424276611749e+01 2.537238047531832663e+01 6.559027343900363682e+00 -2.529946487396204446e+01 -1.026346324241650265e+01 1.812993779076422740e+01 -2.793595895753506753e-01 6.387630628403230304e+01 -3.417039683074738932e+00 -2.055271849242555859e+01 7.578033482291265166e+00 -3.892103424654204780e+00 4.690654657018013651e+00 -1.360286633262047360e+02 -3.354476101461165705e-01 -1.686692703029612872e+01 7.056452204934264216e+01 1.000134738126355005e+00 -1.783317189523834756e+01
-8.865985609943818702e+01 -1.425212290956925756e+02 2.927243889137661270e+01 -5.078988607782271458e+00 -8.793889060592022133e+01 -4.648996832249272870e+01 1.993827091401687568e+01 -6.531865151169528261e+00 1.130357996925859112e+02 -3.426683336215410236e+01 -1.017487713684725037e+02 3.535550050632804364e+00 -4.985683351819476172e+01 -4.165151004787737143e+00 -3.354476101461147941e-01 5.425474525594523101e+01 -6.089291881221413405e+01 1.300986469279480104e+02 1.106864276687233861e+00 -7.266708751993920146e+01
-7.927233393522200799e+01 -9.706758357994900166e+01 -2.509856502647404852e+01 -2.567296609003254204e+01 -6.410006341777827288e+01 -4.241075646423854550e+01 -1.941865133709205082e+01 -9.143762840054224128e+00 -3.505573571859519788e+00 -4.262314937142240012e+01 -9.805346001287111335e+01 -1.539592890167524963e+01 -6.497227510970253661e+01 -1.916837423608243896e+01 -1.686692703029612517e+01 -6.089291881221412694e+01 6.188292160326308249e+02 4.057430394929252948e+00 -1.060647867634193275e+00 -6.138561655003650230e+01
5.706650913225968935e+01 -3.719660760412010347e+01 1.988735713097914299e+02 9.300110258132309582e+01 -5.086421054103077211e+00 3.350432055872614256e+01 1.453238562940933889e+02 1.823199614473821484e+01 3.712925743056212582e+02 7.294628600365436455e+01 9.554707248608163184e+01 7.652363278144899539e+01 1.186916523740091947e+02 6.826195827032651664e+01 7.056452204934265637e+01 1.300986469279480104e+02 4.057430394929252948e+00 -3.670223821868406162e+02 7.993831269992958788e+00 3.153985899742779964e+01
-8.147396488599145670e-01 -3.148344338683069843e+00 3.373757436399161591e+00 1.232963531768108911e+00 -1.687838194477968567e+00 -3.761557864253574079e-01 2.438649011581177195e+00 1.400198900061980500e-01 7.371169994191045127e+00 4.108327613860894845e-01 -5.064048511869313485e-01 1.156219855730973745e+00 7.768273261242309990e-01 8.969528921798358700e-01 1.000134738126355005e+00 1.106864276687234083e+00 -1.060647867634193053e+00 7.993831269992958788e+00 -3.278656713212721456e+02 -8.850038125494054109e-01
-1.020650310223694675e+02 -1.320941416573877234e+02 -2.029664911599004995e+01 -2.810115290083858142e+01 -8.593573332318646862e+01 -5.440720105027591558e+01 -1.627134358759063204e+01 -1.099845244123561727e+01 1.999898188694028534e+01 -5.206907316532736729e+01 -1.245870338583531804e+02 -1.547272868014914415e+01 -7.887279447697133605e+01 -2.105952137292075577e+01 -1.783317189523834756e+01 -7.266708751993920146e+01 -6.138561655003650230e+01 3.153985899742779964e+01 -8.850038125494056329e-01 4.091236619310653850e+02
