-4.139313036941705377e+02 3.476976735593807888e+01 2.503648936739173791e+01 8.408408460613384250e+01 2.327727332319363129e-01 2.513265076726898073e+01 5.046393915627725590e+01 4.398403070433493411e+01 -1.367598521842044157e+01 -4.787311958928609812e+01 2.199061267235266470e+01 -5.154886666125038097e+00 3.685697393036382152e+01 1.163505661952796366e+00 -1.959226972793658206e+00 1.075477754657723182e+02 1.080544337231786187e+02 -1.357578061605700093e+01 1.130340477298543362e+02 7.153669657870310061e+00
3.476976735593808598e+01 -2.814879932323063372e+02 4.743654695160204326e+00 2.699121869215110792e+01 2.940694016792232482e-02 1.056029914854605245e+01 1.308170923045077672e+01 6.809467059654160437e+00 -9.608333043185147915e+00 -3.547224839090358728e+01 -5.703444718064441865e+00 -6.623374597430760069e+00 1.535248947623470350e+01 -1.467198314350142807e+00 -5.186143615496880521e+00 3.646280914382642635e+01 3.990048806354450051e+01 -1.022777697052550039e+01 4.236492810185758628e+01 -1.553079588575426939e+00
2.503648936739173791e+01 4.743654695160207879e+00 6.036947035980625742e+01 -2.347967264495243622e+00 -1.981975124305426217e-01 9.843230313138892740e+00 -1.459696193397529917e+01 -3.215080472142563650e+01 -2.169389544602247000e+01 -8.371576700223508283e+01 -5.460516279291010022e+01 -2.087565282296139912e+01 1.386749723837685444e+01 -7.819425542299568654e+00 -1.922441500816377769e+01 5.202562748569448559e+00 1.904331304663906010e+01 -2.445329740330942059e+01 2.256770799086242363e+01 -1.648457237551927790e+01
8.408408460613384250e+01 2.699121869215110792e+01 -2.347967264495247175e+00 -1.034082987506550495e+02 -9.687741537996726049e-02 2.725277559230524460e+01 1.324400228936378099e+01 -1.190811141530317308e+01 -3.455063969862568030e+01 -1.303313632769500714e+02 -5.246364398036479315e+01 -2.835143926872926912e+01 3.928101770282283667e+01 -8.727117209874107218e+00 -2.440378513837231722e+01 7.205625331187343363e+01 8.907310041795771838e+01 -3.782018966043109032e+01 9.637288411279845946e+01 -1.552310421878573621e+01
2.327727332319363684e-01 2.940694016792233176e-02 -1.981975124305426494e-01 -9.687741537996724661e-02 1.289974015146007389e+02 9.923003883254204183e-02 -2.184543883999292002e-01 -4.265745886885530247e-01 -2.525988700768707629e-01 -9.787514565461579163e-01 -6.816581347763660537e-01 -2.495773335659682846e-01 1.386210915757760120e-01 -9.599937470671629502e-02 -2.321018238434602310e-01 -2.416132570551519226e-02 1.436765862025880247e-01 -2.862238984025298194e-01 1.824725762953505748e-01 -2.062020627562307085e-01
2.513265076726898073e+01 1.056029914854605245e+01 9.843230313138890963e+00 2.725277559230524460e+01 9.923003883254204183e-02 -7.451625698485895555e+02 1.799234226470964160e+01 1.809259913749740889e+01 -1.693469382462337025e+00 -4.963237116340246224e+00 1.382651234806939478e+01 9.372839876331636733e-01 1.009749877242466098e+01 1.343288467787796758e+00 1.757087021513891845e+00 3.383952773609772180e+01 3.228466627552251822e+01 -1.318960206209619068e+00 3.344407583311325993e+01 4.339172997841703960e+00
5.046393915627727011e+01 1.308170923045078560e+01 -1.459696193397530095e+01 1.324400228936378809e+01 -2.184543883999292002e-01 1.799234226470964160e+01 -2.560229231491027946e+01 -3.422504776185258635e+01 -3.153336066621427136e+01 -1.207315627238277216e+02 -6.838962623477337388e+01 -2.878559921478797179e+01 2.563037547822514028e+01 -1.017987928692364541e+01 -2.596596744983846605e+01 2.786023554264198054e+01 4.637864946796386079e+01 -3.518616781480813671e+01 5.203843280444774422e+01 -2.054566353845037696e+01
4.398403070433493411e+01 6.809467059654155996e+00 -3.215080472142563650e+01 -1.190811141530315886e+01 -4.265745886885530247e-01 1.809259913749740889e+01 -3.422504776185258635e+01 3.727814127152130652e+01 -4.339097746599821193e+01 -1.678569896208761634e+02 -1.139732402084860183e+02 -4.242910095658384506e+01 2.536735917144813968e+01 -1.615354544914562851e+01 -3.930799353531811846e+01 1.617598746092894890e+00 2.999384583250045111e+01 -4.906525116713432766e+01 3.681070979642358765e+01 -3.445041207066878997e+01
-1.367598521842043802e+01 -9.608333043185144362e+00 -2.169389544602247000e+01 -3.455063969862568030e+01 -2.525988700768707629e-01 -1.693469382462337247e+00 -3.153336066621426781e+01 -4.339097746599821193e+01 9.525451290209944091e+02 -4.996493297197257277e+01 -5.324094944431751486e+01 -1.509149406278430305e+01 -2.948169211263797163e+00 -6.853597139783310865e+00 -1.497960719260219165e+01 -3.747361487200437580e+01 -2.633819074819375317e+01 -1.475299811825545859e+01 -2.538491927989912966e+01 -1.627257526619925443e+01
-4.787311958928609101e+01 -3.547224839090358017e+01 -8.371576700223508283e+01 -1.303313632769500714e+02 -9.787514565461579163e-01 -4.963237116340246224e+00 -1.207315627238277216e+02 -1.678569896208761065e+02 -4.996493297197257988e+01 6.710308216599678417e+02 -2.081299005439773850e+02 -5.976804843670579714e+01 -9.108201408650984376e+00 -2.690519549748271544e+01 -5.911081856190454431e+01 -1.402486080212967465e+02 -9.637167367046403399e+01 -5.900636205674667423e+01 -9.228075525187270500e+01 -6.358354169696085023e+01
2.199061267235269312e+01 -5.703444718064440977e+00 -5.460516279291011443e+01 -5.246364398036478605e+01 -6.816581347763660537e-01 1.382651234806939478e+01 -6.838962623477338809e+01 -1.139732402084860325e+02 -5.324094944431751486e+01 -2.081299005439773850e+02 1.021975166521258132e+02 -5.560213328480067929e+01 1.868831479448677513e+01 -2.251590064160889071e+01 -5.272572865115466811e+01 -4.414179907958661886e+01 -5.688194436702159962e+00 -6.101719005354876657e+01 1.456118687663368716e+00 -5.003276457324106019e+01
-5.154886666125038097e+00 -6.623374597430758293e+00 -2.087565282296139912e+01 -2.835143926872926556e+01 -2.495773335659682846e-01 9.372839876331637843e-01 -2.878559921478796824e+01 -4.242910095658384506e+01 -1.509149406278430305e+01 -5.976804843670579714e+01 -5.560213328480067929e+01 5.259780170597007327e+02 8.679591077662320853e-01 -7.342192925206767029e+00 -1.654611214092794214e+01 -2.893925792746264136e+01 -1.674452070533306625e+01 -1.758556493632893947e+01 -1.515389965971450614e+01 -1.694635580091244265e+01
3.685697393036382152e+01 1.535248947623470350e+01 1.386749723837685444e+01 3.928101770282283667e+01 1.386210915757759843e-01 1.009749877242466098e+01 2.563037547822514028e+01 2.536735917144813968e+01 -2.948169211263796718e+00 -9.108201408650984376e+00 1.868831479448678579e+01 8.679591077662320853e-01 -6.931035784199177670e+02 1.757226479685092269e+00 2.089582938943360446e+00 4.896344544007475719e+01 4.704070034164509195e+01 -2.471710430922109847e+00 4.879600630380550541e+01 5.880099704522162796e+00
1.163505661952793480e+00 -1.467198314350142807e+00 -7.819425542299569543e+00 -8.727117209874107218e+00 -9.599937470671629502e-02 1.343288467787796314e+00 -1.017987928692364363e+01 -1.615354544914562851e+01 -6.853597139783310865e+00 -2.690519549748271899e+01 -2.251590064160888716e+01 -7.342192925206767029e+00 1.757226479685093157e+00 3.419610384474871694e+02 -7.021618688735029146e+00 -8.087275152131356393e+00 -2.947655175737418087e+00 -7.897051234436308853e+00 -2.091592777239980716e+00 -6.845313288991659917e+00
-1.959226972793658650e+00 -5.186143615496880521e+00 -1.922441500816377769e+01 -2.440378513837231722e+01 -2.321018238434602587e-01 1.757087021513892733e+00 -2.596596744983846250e+01 -3.930799353531811846e+01 -1.497960719260219165e+01 -5.911081856190455142e+01 -5.272572865115465390e+01 -1.654611214092794214e+01 2.089582938943360446e+00 -7.021618688735029146e+00 4.390203485439048450e+02 -2.417026179100163930e+01 -1.242492693546881632e+01 -1.737482667032706374e+01 -1.072563703621655762e+01 -1.605432015219357922e+01
1.075477754657723466e+02 3.646280914382641924e+01 5.202562748569451223e+00 7.205625331187343363e+01 -2.416132570551517839e-02 3.383952773609772180e+01 2.786023554264198765e+01 1.617598746092895112e+00 -3.747361487200437580e+01 -1.402486080212967465e+02 -4.414179907958661886e+01 -2.893925792746264136e+01 4.896344544007475719e+01 -8.087275152131354616e+00 -2.417026179100163219e+01 -1.082635068524711670e+02 1.183339919990626470e+02 -4.060363618118092432e+01 1.268751223002140875e+02 -1.286771682373438708e+01
1.080544337231786187e+02 3.990048806354449340e+01 1.904331304663906366e+01 8.907310041795771838e+01 1.436765862025880247e-01 3.228466627552252532e+01 4.637864946796386079e+01 2.999384583250045111e+01 -2.633819074819375672e+01 -9.637167367046401978e+01 -5.688194436702156409e+00 -1.674452070533306625e+01 4.704070034164509195e+01 -2.947655175737416311e+00 -1.242492693546881100e+01 1.183339919990626470e+02 -2.136916782173178717e+02 -2.771184532354267560e+01 1.335500116168575175e+02 -1.163917553863068832e+00
-1.357578061605699737e+01 -1.022777697052549684e+01 -2.445329740330942414e+01 -3.782018966043108321e+01 -2.862238984025298194e-01 -1.318960206209617292e+00 -3.518616781480813671e+01 -4.906525116713432055e+01 -1.475299811825545859e+01 -5.900636205674667423e+01 -6.101719005354876657e+01 -1.758556493632893947e+01 -2.471710430922109847e+00 -7.897051234436308853e+00 -1.737482667032706019e+01 -4.060363618118091011e+01 -2.771184532354266494e+01 8.295916076451017034e+02 -2.648258327040266735e+01 -1.863830065969112937e+01
1.130340477298543078e+02 4.236492810185758628e+01 2.256770799086241297e+01 9.637288411279847367e+01 1.824725762953505193e-01 3.344407583311325283e+01 5.203843280444773711e+01 3.681070979642358765e+01 -2.538491927989914032e+01 -9.228075525187269079e+01 1.456118687663354505e+00 -1.515389965971450614e+01 4.879600630380549120e+01 -2.091592777239980716e+00 -1.072563703621655762e+01 1.268751223002140875e+02 1.335500116168575460e+02 -2.648258327040267446e+01 -2.291312142561347400e+02 1.036170678297278158e+00
7.153669657870313614e+00 -1.553079588575426939e+00 -1.648457237551927790e+01 -1.552310421878573621e+01 -2.062020627562307362e-01 4.339172997841703960e+00 -2.054566353845037696e+01 -3.445041207066878997e+01 -1.627257526619925443e+01 -6.358354169696085023e+01 -5.003276457324106019e+01 -1.694635580091244265e+01 5.880099704522163684e+00 -6.845313288991659917e+00 -1.605432015219357922e+01 -1.286771682373438708e+01 -1.163917553863072385e+00 -1.863830065969113292e+01 1.036170678297281711e+00 2.438129434112626086e+02
