9.190000000000000000e+02
-8.360000000000000000e+02
-8.180000000000000000e+02
8.110000000000000000e+02
-7.720000000000000000e+02
-7.320000000000000000e+02
-7.060000000000000000e+02
6.330000000000000000e+02
-4.820000000000000000e+02
4.010000000000000000e+02
3.630000000000000000e+02
-2.900000000000000000e+02
2.430000000000000000e+02
-2.100000000000000000e+02
1.750000000000000000e+02
1.550000000000000000e+02
-1.380000000000000000e+02
-1.020000000000000000e+02
-2.200000000000000000e+01
1.700000000000000000e+01
