-9.780000000000000000e+02
-9.680000000000000000e+02
9.190000000000000000e+02
8.150000000000000000e+02
8.010000000000000000e+02
-7.100000000000000000e+02
6.890000000000000000e+02
-6.820000000000000000e+02
-4.700000000000000000e+02
-4.520000000000000000e+02
-2.780000000000000000e+02
2.730000000000000000e+02
2.610000000000000000e+02
2.230000000000000000e+02
-1.940000000000000000e+02
-1.900000000000000000e+02
-1.680000000000000000e+02
-1.380000000000000000e+02
-1.180000000000000000e+02
6.500000000000000000e+01
