9.890000000000000000e+02
9.410000000000000000e+02
-8.880000000000000000e+02
-8.660000000000000000e+02
-8.420000000000000000e+02
8.070000000000000000e+02
7.930000000000000000e+02
7.670000000000000000e+02
6.850000000000000000e+02
-6.700000000000000000e+02
5.890000000000000000e+02
5.310000000000000000e+02
5.290000000000000000e+02
-5.160000000000000000e+02
-4.860000000000000000e+02
-2.040000000000000000e+02
-1.920000000000000000e+02
-1.740000000000000000e+02
7.100000000000000000e+01
5.000000000000000000e+00
