3.759447297173461067e+01 -5.876175527283115230e+01 -2.152983915886588306e+01 4.073807716759261233e+00 2.793956064448969556e+01 -6.564120731100274497e+01 7.316925861018688249e-01 -5.163085521130756916e+01 5.944479677206713575e+01 2.953301887106217549e+01 -2.103348098187221848e-01 3.474865177976157327e+01 2.581342869832601039e+01 -2.043830513985502417e+00 7.067770595698950942e+00 3.293100419612025043e-01 1.494025795681631941e+01 -9.259592962510430425e+01 2.367460419457690790e+01 -2.027362089113738364e+01
-5.876175527283115230e+01 6.559457635864343956e+02 -1.535749362944969789e+02 -2.350765875612990552e+00 -4.783620879409897242e+01 -2.144624919202044850e+02 -5.490028395524016780e+00 -1.886908706031924510e+02 -7.381960619580013372e+00 -3.840401005084358133e+01 -6.733900019576813945e-01 -6.132961323403301179e+01 1.840551740906868572e+00 -1.514141565958172642e+01 -3.646099403902188385e+01 -4.584834704488143647e-02 -6.508286399376754616e+01 -2.756123122789024364e+02 -6.048849888760122440e+01 -7.703234264068285597e+01
-2.152983915886589728e+01 -1.535749362944969789e+02 1.544440155870262465e+01 9.759660621159138572e+00 6.502910430297539790e+01 -1.724226857411224785e+02 1.448352592398279626e+00 -1.368232242337527680e+02 1.440303592397625323e+02 6.946869435228164491e+01 -5.516655896005495663e-01 8.076690720235538379e+01 6.284730055832281437e+01 -5.877288490360919049e+00 1.498616496241607443e+01 7.975962160255826161e-01 3.239922879960388968e+01 -2.416082035787419215e+02 5.390320875819399760e+01 -5.390236344295210102e+01
4.073807716759261233e+00 -2.350765875612989664e+00 9.759660621159140348e+00 -7.600545109990213177e+02 1.717172534431711384e+01 -8.819071660401376356e-01 9.612776711799361218e-01 1.721329989203947752e+00 2.513831748729680982e+01 1.668290988708633193e+01 -4.493755655270594181e-03 2.157819609458345766e+01 1.030688343348706937e+01 9.944012163963261708e-01 7.284923063002639587e+00 1.398584172156752958e-01 1.395164531314806311e+01 -4.493747693001986399e+00 1.695962761132382468e+01 1.030868840637809036e+00
2.793956064448969556e+01 -4.783620879409898663e+01 6.502910430297542632e+01 1.717172534431711384e+01 -4.184687256996089673e+02 -3.988003692668922895e+01 7.840061221427177429e+00 -1.259646735590551536e+01 2.253057117460976144e+02 1.445334419146391269e+02 -1.407520983743374143e-01 1.852081788195813203e+02 9.310170774368916113e+01 6.701122097931230925e+00 6.018103440413585759e+01 1.252789177915126118e+00 1.159617069352116516e+02 -8.151590157887524413e+01 1.437368938991258744e+02 -2.187089329953924022e+00
-6.564120731100277339e+01 -2.144624919202044850e+02 -1.724226857411224785e+02 -8.819071660401376356e-01 -3.988003692668922895e+01 4.380192349213208445e+02 -5.564622091624463529e+00 -2.218967268354163878e+02 1.584921267396696720e+01 -2.918204152264089757e+01 -8.023006427644183702e-01 -5.155701860003213710e+01 1.226546825410692065e+01 -1.696819895582759941e+01 -3.607504411398723221e+01 8.251601336341830850e-02 -6.346633124573990159e+01 -3.309714912991320830e+02 -5.507933376877767984e+01 -9.026744430263556751e+01
7.316925861018689359e-01 -5.490028395524016780e+00 1.448352592398280514e+00 9.612776711799361218e-01 7.840061221427177429e+00 -5.564622091624462641e+00 -3.176280312064050690e+02 -3.590213130698788557e+00 1.296815223096123937e+01 7.808934789294764478e+00 -1.837409159557081006e-02 9.822929155049280325e+00 5.432855443927795847e+00 1.596162139330575824e-01 2.941341537949162532e+00 7.203532052231015337e-02 5.745996242679352051e+00 -8.908275144035252779e+00 7.428080557691457031e+00 -1.294118629029947343e+00
-5.163085521130756916e+01 -1.886908706031924510e+02 -1.368232242337527396e+02 1.721329989203947974e+00 -1.259646735590551536e+01 -2.218967268354163878e+02 -3.590213130698788557e+00 3.310734987099153273e+02 4.583113485613202442e+01 -3.958158285181823555e+00 -7.003966389174656193e-01 -1.707851377257025405e+01 2.378448696044941357e+01 -1.342147775483788763e+01 -2.193009159204993708e+01 2.500817507739010459e-01 -3.713112442101537880e+01 -2.923051580132093363e+02 -2.602739817571893610e+01 -7.683967015954937096e+01
5.944479677206713575e+01 -7.381960619580000049e+00 1.440303592397625323e+02 2.513831748729680982e+01 2.253057117460976144e+02 1.584921267396699385e+01 1.296815223096123937e+01 4.583113485613202442e+01 -5.860858729351490410e+02 2.178719132695006238e+02 2.774341994550302837e-02 2.832758339172392539e+02 1.313717535536603691e+02 1.461111279573313304e+01 9.762721605049564744e+01 1.791591050254511819e+00 1.863699429995558603e+02 -2.253904436938152145e+01 2.241968815074226029e+02 2.290030555521883571e+01
2.953301887106217549e+01 -3.840401005084358133e+01 6.946869435228163070e+01 1.668290988708633193e+01 1.445334419146391269e+02 -2.918204152264089757e+01 7.808934789294764478e+00 -3.958158285181835989e+00 2.178719132695006238e+02 -4.787713438880061290e+02 -1.066268748138614747e-01 1.815002742189230105e+02 8.981721349645276575e+01 7.128863254932007010e+00 5.969508216726483596e+01 1.211663098672353556e+00 1.148003935070374268e+02 -6.672589624142526077e+01 1.414198133627302241e+02 1.237747298596207912e+00
-2.103348098187221848e-01 -6.733900019576816165e-01 -5.516655896005495663e-01 -4.493755655270585507e-03 -1.407520983743373311e-01 -8.023006427644183702e-01 -1.837409159557080313e-02 -7.003966389174656193e-01 2.774341994550309776e-02 -1.066268748138614192e-01 7.309974770656809824e+02 -1.814164982326020858e-01 2.953910936327902928e-02 -5.431962058655356862e-02 -1.200467975042126267e-01 1.365193470082687571e-04 -2.121982151110755610e-01 -1.038452366827640860e+00 -1.884361837978008880e-01 -2.852125515829119218e-01
3.474865177976157327e+01 -6.132961323403301179e+01 8.076690720235539800e+01 2.157819609458345411e+01 1.852081788195813203e+02 -5.155701860003213710e+01 9.822929155049280325e+00 -1.707851377257026826e+01 2.832758339172392539e+02 1.815002742189230105e+02 -1.814164982326021414e-01 -3.275012746485192565e+02 1.170884463936015436e+02 8.327362015791203831e+00 7.543899449991531014e+01 1.575094552390833735e+00 1.453959340593669367e+02 -1.043158611275253378e+02 1.803536725334795392e+02 -3.255829107439865311e+00
2.581342869832600684e+01 1.840551740906867462e+00 6.284730055832281437e+01 1.030688343348706937e+01 9.310170774368916113e+01 1.226546825410692065e+01 5.432855443927795847e+00 2.378448696044941357e+01 1.313717535536603691e+02 8.981721349645277996e+01 2.953910936327905010e-02 1.170884463936015436e+02 -9.425191738408850597e+02 6.363665056321596403e+00 4.076792803826560885e+01 7.312695232433231718e-01 7.770338012317624532e+01 -1.720931871574472138e+00 9.299249207500869829e+01 1.141721267627166903e+01
-2.043830513985501973e+00 -1.514141565958172642e+01 -5.877288490360920825e+00 9.944012163963261708e-01 6.701122097931227373e+00 -1.696819895582759941e+01 1.596162139330575547e-01 -1.342147775483788585e+01 1.461111279573313304e+01 7.128863254932004345e+00 -5.431962058655358250e-02 8.327362015791203831e+00 6.363665056321595515e+00 6.443996063842045885e+01 1.603890802531580118e+00 8.092353034822272195e-02 3.435320026758175604e+00 -2.383512684096939793e+01 5.603438033489761771e+00 -5.281157627565864487e+00
7.067770595698948277e+00 -3.646099403902188385e+01 1.498616496241607443e+01 7.284923063002638699e+00 6.018103440413585759e+01 -3.607504411398723931e+01 2.941341537949163421e+00 -2.193009159204992997e+01 9.762721605049564744e+01 5.969508216726482175e+01 -1.200467975042126823e-01 7.543899449991531014e+01 4.076792803826560885e+01 1.603890802531580118e+00 -3.449271480925872879e+02 5.424278133547451031e-01 4.490925363237820989e+01 -5.956157714720073670e+01 5.742398156267574194e+01 -7.663851538559956822e+00
3.293100419612026153e-01 -4.584834704488143647e-02 7.975962160255826161e-01 1.398584172156752958e-01 1.252789177915126118e+00 8.251601336341853055e-02 7.203532052231015337e-02 2.500817507739010459e-01 1.791591050254512041e+00 1.211663098672353334e+00 1.365193470082687571e-04 1.575094552390833735e+00 7.312695232433231718e-01 8.092353034822272195e-02 5.424278133547453251e-01 -9.019900291492450606e+02 1.035612592735571935e+00 -1.327802385750643521e-01 1.246281029533534923e+00 1.254161854153078848e-01
1.494025795681631941e+01 -6.508286399376756037e+01 3.239922879960388968e+01 1.395164531314806311e+01 1.159617069352116516e+02 -6.346633124573987317e+01 5.745996242679352051e+00 -3.713112442101538591e+01 1.863699429995558035e+02 1.148003935070374268e+02 -2.121982151110755610e-01 1.453959340593669367e+02 7.770338012317624532e+01 3.435320026758175604e+00 4.490925363237820989e+01 1.035612592735571935e+00 -3.067344781507662219e+02 -1.067372769995989614e+02 1.110183076518069498e+02 -1.270032053287530083e+01
-9.259592962510430425e+01 -2.756123122789023796e+02 -2.416082035787419215e+02 -4.493747693001986399e+00 -8.151590157887525834e+01 -3.309714912991320830e+02 -8.908275144035252779e+00 -2.923051580132093363e+02 -2.253904436938152145e+01 -6.672589624142527498e+01 -1.038452366827640638e+00 -1.043158611275253662e+02 -1.720931871574471250e+00 -2.383512684096939793e+01 -5.956157714720073670e+01 -1.327802385750644631e-01 -1.067372769995989614e+02 4.671466598206760068e+02 -1.009707892031920977e+02 -1.194778165594912309e+02
2.367460419457691145e+01 -6.048849888760122440e+01 5.390320875819401181e+01 1.695962761132382468e+01 1.437368938991258460e+02 -5.507933376877760878e+01 7.428080557691457031e+00 -2.602739817571895031e+01 2.241968815074226029e+02 1.414198133627302241e+02 -1.884361837978008880e-01 1.803536725334795392e+02 9.299249207500869829e+01 5.603438033489764436e+00 5.742398156267574194e+01 1.246281029533534701e+00 1.110183076518069498e+02 -1.009707892031920551e+02 -3.489504496510326135e+02 -7.677852297696937001e+00
-2.027362089113738364e+01 -7.703234264068285597e+01 -5.390236344295209392e+01 1.030868840637809480e+00 -2.187089329953920469e+00 -9.026744430263556751e+01 -1.294118629029947343e+00 -7.683967015954937096e+01 2.290030555521883571e+01 1.237747298596207912e+00 -2.852125515829119218e-01 -3.255829107439843995e+00 1.141721267627166903e+01 -5.281157627565863599e+00 -7.663851538559955046e+00 1.254161854153078848e-01 -1.270032053287528662e+01 -1.194778165594912309e+02 -7.677852297696933448e+00 4.419695689883414502e+02
