9.030000000000000000e+02
8.610000000000000000e+02
8.350000000000000000e+02
7.930000000000000000e+02
-7.160000000000000000e+02
-7.020000000000000000e+02
-6.800000000000000000e+02
-6.500000000000000000e+02
6.170000000000000000e+02
-5.420000000000000000e+02
5.150000000000000000e+02
-5.100000000000000000e+02
-4.740000000000000000e+02
4.250000000000000000e+02
2.570000000000000000e+02
1.890000000000000000e+02
1.790000000000000000e+02
-1.220000000000000000e+02
6.100000000000000000e+01
-1.800000000000000000e+01
