4.701733272320329888e+02 -1.407926717119133109e+01 -3.243553017946638306e+01 -1.075498154106933413e+01 -3.652350062256040530e+01 -8.300413820075344518e+01 -5.926523081118988756e+01 1.249742720866248380e+00 -6.501781195410164749e+00 -3.421204331866432113e+01 -6.389063204530356899e+01 -1.707234111138749899e+00 -3.094722226168222434e+01 -3.210414934211247129e+01 5.258533389951548287e+00 1.016737830635339179e-02 -3.021369003405725007e+00 -3.312182940744176296e+00 -3.899444048878131497e+01 8.753987351944161333e-01
-1.407926717119132753e+01 -1.450069285019881988e+02 -3.323247060181800805e+01 -1.135279887348077565e+01 -3.747378903156892704e+01 -8.728985518015167600e+01 -5.331239990136054985e+01 3.586280527228467463e+01 5.281375289144750695e+01 -1.397513689320851249e+01 -3.811406395772765165e+01 2.304389360014332144e+00 -2.770770046648054930e+01 -3.199099890879391950e+01 5.618031334477377925e+01 6.146267193819464580e+01 4.738483678632725571e-01 -1.212823301992650649e+00 -2.483331474939067363e+01 4.625881807640637078e+01
-3.243553017946638306e+01 -3.323247060181800805e+01 8.239222470848262674e+02 -1.940036919767462820e+01 -6.649362065332832117e+01 -1.499125264365935379e+02 -1.121352130617667342e+02 -1.728160918943969904e+01 -4.547822758201488824e+01 -7.423374831247157601e+01 -1.318353600478845067e+02 -5.402015558408396423e+00 -5.862908391718864465e+01 -5.898427178397945170e+01 -1.914764707711521652e+01 -3.473549564901232145e+01 -7.521777406063693938e+00 -7.266083672981337394e+00 -7.957468525644981128e+01 -2.405975853777874107e+01
-1.075498154106933413e+01 -1.135279887348077565e+01 -1.940036919767462820e+01 9.666401001707249634e+02 -2.183391052357060502e+01 -4.915572649992277121e+01 -3.706652735011443411e+01 -6.808241157628349249e+00 -1.688332964299128847e+01 -2.506806302105688289e+01 -4.418910285280008310e+01 -1.906778161713547970e+00 -1.938409946951147944e+01 -1.939922599742800458e+01 -7.952195590230956235e+00 -1.342033639347728879e+01 -2.587017078660172942e+00 -2.457545648108457215e+00 -2.662671849662546819e+01 -9.387318904095181438e+00
-3.652350062256040530e+01 -3.747378903156893415e+01 -6.649362065332832117e+01 -2.183391052357060858e+01 8.121598931082667150e+02 -1.687189587334585781e+02 -1.262497439315533541e+02 -1.963065458909946770e+01 -5.149609122391364480e+01 -8.366165109560853352e+01 -1.485264153755217365e+02 -6.101183052854257660e+00 -6.600941985390005584e+01 -6.639309273109464016e+01 -2.181517937269394025e+01 -3.941512849978907695e+01 -8.484516698471816554e+00 -8.189508972876419435e+00 -8.964205460135914905e+01 -2.731567022541141654e+01
-8.300413820075344518e+01 -8.728985518015167600e+01 -1.499125264365935379e+02 -4.915572649992277121e+01 -1.687189587334585781e+02 5.810857193787811639e+02 -2.861831752385278946e+02 -5.148395733872715141e+01 -1.285271476865460443e+02 -1.930226060681391118e+02 -3.405726677694275395e+02 -1.460234036532317958e+01 -1.496566402560384859e+02 -1.498743412509531936e+02 -5.979612453738928934e+01 -1.017032155242938529e+02 -1.987450664798143407e+01 -1.891923335843629062e+01 -2.052607038260967158e+02 -7.106248232454875335e+01
-5.926523081118988756e+01 -5.331239990136054985e+01 -1.121352130617667200e+02 -3.706652735011443411e+01 -1.262497439315533541e+02 -2.861831752385278946e+02 3.895490204167356865e+02 -7.632623083972829292e+00 -4.303507737669350064e+01 -1.255622438963723795e+02 -2.303330335772668604e+02 -7.303296255509672541e+00 -1.083724175721857961e+02 -1.113013260357713961e+02 6.234837842481759651e-01 -2.120547919640749868e+01 -1.167915423454275547e+01 -1.220454737294151748e+01 -1.400363690661894793e+02 -1.265268764569184157e+01
1.249742720866248380e+00 3.586280527228467463e+01 -1.728160918943970614e+01 -6.808241157628349249e+00 -1.963065458909945704e+01 -5.148395733872713720e+01 -7.632623083972836397e+00 -7.295732793092120119e+02 1.887439503968942915e+02 4.988865483134067347e+01 5.433522040979445933e+01 1.219043463984944609e+01 -3.562059118855102291e+00 -1.419019425465443973e+01 1.669496680535819451e+02 1.986025492392754472e+02 9.925726843538921429e+00 5.282837064825790740e+00 2.808505273583471151e+01 1.470638865435776950e+02
-6.501781195410167413e+00 5.281375289144750695e+01 -4.547822758201488114e+01 -1.688332964299128847e+01 -5.149609122391365901e+01 -1.285271476865460727e+02 -4.303507737669351485e+01 1.887439503968942915e+02 -3.855249910362327341e+02 6.599989123794506440e+01 5.828383380870879904e+01 1.952449245878992201e+01 -2.176346101112829245e+01 -4.013663033940852642e+01 2.820156723432556873e+02 3.322952525833052846e+02 1.506423562390156157e+01 7.147518324639099419e+00 2.707719310537483892e+01 2.465056474065753491e+02
-3.421204331866431403e+01 -1.397513689320851071e+01 -7.423374831247157601e+01 -2.506806302105688644e+01 -8.366165109560851931e+01 -1.930226060681391118e+02 -1.255622438963723653e+02 4.988865483134068768e+01 6.599989123794507861e+01 -1.263636239547899542e+01 -1.090354158602651893e+02 1.605165389643137930e+00 -6.538808204627032694e+01 -7.224877476088542494e+01 8.110761791358183359e+01 8.359197416894573962e+01 -2.060786534244634538e+00 -4.614864544692940385e+00 -6.868426131280929781e+01 6.369098852089622653e+01
-6.389063204530356188e+01 -3.811406395772765165e+01 -1.318353600478844783e+02 -4.418910285280008310e+01 -1.485264153755217080e+02 -3.405726677694275395e+02 -2.303330335772668604e+02 5.433522040979445933e+01 5.828383380870879904e+01 -1.090354158602651893e+02 -3.173635638145026405e+01 -1.165619685541443573e+00 -1.200890362615225371e+02 -1.292038065754362890e+02 9.371728539604998787e+01 8.756767737544076624e+01 -7.196495728047564100e+00 -1.035646025212692756e+01 -1.369600034987237223e+02 6.816698877147155144e+01
-1.707234111138749455e+00 2.304389360014332144e+00 -5.402015558408396423e+00 -1.906778161713548414e+00 -6.101183052854257660e+00 -1.460234036532317958e+01 -7.303296255509671653e+00 1.219043463984944609e+01 1.952449245878992201e+01 1.605165389643137486e+00 -1.165619685541443573e+00 -4.568798289977406739e+02 -3.768236905123273139e+00 -5.034312882004061684e+00 1.847469486516153125e+01 2.129402568763170578e+01 7.335668358264385569e-01 2.039637572829171297e-01 -1.255783212336217813e+00 1.586305136428341278e+01
-3.094722226168222079e+01 -2.770770046648055285e+01 -5.862908391718864465e+01 -1.938409946951147944e+01 -6.600941985390005584e+01 -1.496566402560384859e+02 -1.083724175721857961e+02 -3.562059118855102291e+00 -2.176346101112827824e+01 -6.538808204627032694e+01 -1.200890362615225371e+02 -3.768236905123273583e+00 5.323878398523677333e+02 -5.818191366272281329e+01 9.554908140428555186e-01 -1.032551176786681246e+01 -6.062122553954997883e+00 -6.354031804988697907e+00 -7.302961851786035652e+01 -6.053165191128378808e+00
-3.210414934211247129e+01 -3.199099890879392660e+01 -5.898427178397945170e+01 -1.939922599742800458e+01 -6.639309273109465437e+01 -1.498743412509531936e+02 -1.113013260357713961e+02 -1.419019425465445039e+01 -4.013663033940851221e+01 -7.224877476088542494e+01 -1.292038065754362890e+02 -5.034312882004061684e+00 -5.818191366272281329e+01 7.501889759927273644e+02 -1.461701970296482322e+01 -2.923573318839593327e+01 -7.193614402477107816e+00 -7.061368108095222418e+00 -7.810917642606402467e+01 -2.000252705902467909e+01
5.258533389951542070e+00 5.618031334477377925e+01 -1.914764707711520231e+01 -7.952195590230962452e+00 -2.181517937269392249e+01 -5.979612453738928934e+01 6.234837842481475434e-01 1.669496680535819451e+02 2.820156723432556873e+02 8.110761791358184780e+01 9.371728539604995945e+01 1.847469486516153125e+01 9.554908140428555186e-01 -1.461701970296481434e+01 -6.707732333688293238e+02 2.953617149207651664e+02 1.537212468317617464e+01 8.525931123544831181e+00 4.964737926571028481e+01 2.185380578887153433e+02
1.016737830636138540e-02 6.146267193819464580e+01 -3.473549564901233566e+01 -1.342033639347727991e+01 -3.941512849978908406e+01 -1.017032155242939098e+02 -2.120547919640749868e+01 1.986025492392754188e+02 3.322952525833052846e+02 8.359197416894571120e+01 8.756767737544075203e+01 2.129402568763170578e+01 -1.032551176786680536e+01 -2.923573318839593682e+01 2.953617149207652233e+02 -4.534540283995946197e+02 1.712520895423212863e+01 8.892299867554299908e+00 4.448334180034682106e+01 2.596902429490673399e+02
-3.021369003405725007e+00 4.738483678632723350e-01 -7.521777406063693938e+00 -2.587017078660172942e+00 -8.484516698471816554e+00 -1.987450664798144118e+01 -1.167915423454275725e+01 9.925726843538917876e+00 1.506423562390156512e+01 -2.060786534244634538e+00 -7.196495728047564988e+00 7.335668358264385569e-01 -6.062122553954996107e+00 -7.193614402477107816e+00 1.537212468317617109e+01 1.712520895423212863e+01 -2.277060731283332586e+02 -1.604588815098251242e-01 -4.830015678613939656e+00 1.284249578964397109e+01
-3.312182940744176740e+00 -1.212823301992650871e+00 -7.266083672981337394e+00 -2.457545648108457215e+00 -8.189508972876419435e+00 -1.891923335843629062e+01 -1.220454737294151748e+01 5.282837064825790740e+00 7.147518324639099419e+00 -4.614864544692941273e+00 -1.035646025212692756e+01 2.039637572829171297e-01 -6.354031804988698795e+00 -7.061368108095223306e+00 8.525931123544831181e+00 8.892299867554298132e+00 -1.604588815098250132e-01 8.573495287103886753e+00 -6.548156167813287354e+00 6.758407767543548772e+00
-3.899444048878132207e+01 -2.483331474939066652e+01 -7.957468525644981128e+01 -2.662671849662546819e+01 -8.964205460135914905e+01 -2.052607038260967158e+02 -1.400363690661894793e+02 2.808505273583470441e+01 2.707719310537483892e+01 -6.868426131280931202e+01 -1.369600034987237507e+02 -1.255783212336217147e+00 -7.302961851786035652e+01 -7.810917642606402467e+01 4.964737926571028481e+01 4.448334180034682817e+01 -4.830015678613939656e+00 -6.548156167813287354e+00 1.442724055873741520e+02 3.496527042958621223e+01
8.753987351944196860e-01 4.625881807640636367e+01 -2.405975853777874818e+01 -9.387318904095176109e+00 -2.731567022541141654e+01 -7.106248232454875335e+01 -1.265268764569181315e+01 1.470638865435776950e+02 2.465056474065753491e+02 6.369098852089622653e+01 6.816698877147155144e+01 1.586305136428341278e+01 -6.053165191128378808e+00 -2.000252705902467198e+01 2.185380578887153433e+02 2.596902429490673399e+02 1.284249578964397109e+01 6.758407767543548772e+00 3.496527042958621223e+01 -6.316619425920814592e+02
