-3.310729639749354760e+02 1.093192336191541969e+01 5.007875431807721434e+00 5.637457381230149167e+01 1.175290347705102505e+02 2.133126545906656304e+02 -6.333239190916209793e+00 1.263321416576524285e+02 1.737162484800881259e+02 2.384692888361171548e+00 1.127258598292725793e+02 3.218013169658487982e+01 -1.365619253383694875e+01 3.914479601176131496e+01 -3.519939198247980272e+01 -5.545635385644266080e+01 1.065068358326805225e+02 -2.664586571394822911e+01 1.467905963049745424e+02 6.935189827915797878e+01
1.093192336191542147e+01 3.708961728404098608e+02 -3.079980409561807075e+00 -6.082153112029599384e+01 4.845012360235597448e+00 3.257241355565447805e+01 -1.763242485563923978e+01 1.755288732001495688e+01 1.348728476908142149e+01 -1.019167475944986023e+02 1.429783828384926458e+01 -4.837849748085852042e+01 -9.678052656585569480e+01 -4.033479092617076134e+01 -8.754191139220219497e+01 -1.298069920917259026e+02 -2.865435613457220398e+01 -5.721471761928364685e+01 2.164342843143283801e+01 -3.032265544824890213e+01
5.007875431807719657e+00 -3.079980409561807075e+00 6.093084557711047466e+01 -2.395034032273150260e+00 3.145056270885897121e+00 7.178197705188710032e+00 -1.243359625173295679e+00 4.143782894700470010e+00 5.039685522455391364e+00 -6.242679136473001655e+00 3.613131242632598106e+00 -2.211596223409278306e+00 -6.313533988576697453e+00 -1.545716194987732051e+00 -6.264000623451414285e+00 -9.367244988006390827e+00 8.072880181211825601e-01 -4.182103797335757100e+00 4.891984659802821156e+00 -1.954176584766360025e-01
5.637457381230149167e+01 -6.082153112029599384e+01 -2.395034032273151148e+00 1.313562668860880649e+02 3.428935871801900248e+01 9.013507950071254982e+01 -2.223022445252049906e+01 5.134253573565449358e+01 5.810466626089830555e+01 -1.190025770487032588e+02 4.421172613974007959e+01 -4.893233172355245131e+01 -1.168801160187758370e+02 -3.779925362132359368e+01 -1.112833200084986771e+02 -1.658048091223036522e+02 -7.699392041908343032e+00 -7.361743968314618769e+01 6.112136050163380929e+01 -1.869973642059277097e+01
1.175290347705102363e+02 4.845012360235597448e+00 3.145056270885897121e+00 3.428935871801900248e+01 -3.969001224219252322e+02 1.409486268330205689e+02 -4.895428545183012403e+00 8.340121373232834401e+01 1.142288517165936668e+02 -2.785926915392081593e+00 7.436050832028892899e+01 1.899078348183315157e+01 -1.306163455340649371e+01 2.389042265878195437e+01 -2.676228494619000742e+01 -4.181772517342730566e+01 6.846007557785354436e+01 -1.987288323903182174e+01 9.696057571443233769e+01 4.408034768286625393e+01
2.133126545906656588e+02 3.257241355565449226e+01 7.178197705188711808e+00 9.013507950071254982e+01 1.409486268330205689e+02 -4.686643053021737160e+02 -1.398074065649362874e+00 1.471018697052811035e+02 2.060752830959335427e+02 3.925340203378321746e+01 1.317454392531263068e+02 5.632467189784432549e+01 1.794787193705595030e+01 6.191002127520275167e+01 -1.150083352698605488e+01 -2.101431490587287598e+01 1.395187601035003127e+02 -1.193620619706552866e+01 1.704785936408132443e+02 9.500883122545799608e+01
-6.333239190916207129e+00 -1.763242485563923978e+01 -1.243359625173296124e+00 -2.223022445252049906e+01 -4.895428545183008850e+00 -1.398074065649365982e+00 7.877942397332961946e+02 -1.375152522620060047e+00 -5.243975971391363622e+00 -3.221988901715243259e+01 -1.656691906486714716e+00 -1.699058992325716133e+01 -2.972633583302812355e+01 -1.483843935502446243e+01 -2.564049229831545418e+01 -3.784142344391725032e+01 -1.484089943903017250e+01 -1.655894506972592595e+01 -1.204902302988335672e+00 -1.333630553549012809e+01
1.263321416576524285e+02 1.755288732001495688e+01 4.143782894700470010e+00 5.134253573565448647e+01 8.340121373232834401e+01 1.471018697052811035e+02 -1.375152522620061823e+00 -5.925684677962130991e+02 1.221370621444664692e+02 2.000920979846462444e+01 7.825995061780690776e+01 3.176037082368076980e+01 7.585291892806681702e+00 3.530994123807346341e+01 -9.520509417284584330e+00 -1.645647011141696936e+01 8.151290139230185616e+01 -8.832725305556941464e+00 1.013662724274433060e+02 5.517146375003837733e+01
1.737162484800881259e+02 1.348728476908142149e+01 5.039685522455392253e+00 5.810466626089831266e+01 1.142288517165936668e+02 2.060752830959334858e+02 -5.243975971391361846e+00 1.221370621444664692e+02 -3.734935649740794474e+02 7.670186411220063505e+00 1.090541954650709044e+02 3.388441458550103391e+01 -8.224454022924769347e+00 4.024654536862816201e+01 -2.969404759450981146e+01 -4.720847860893978520e+01 1.052499346878772428e+02 -2.295338763964446116e+01 1.418506791259138424e+02 6.914546596571854309e+01
2.384692888361169771e+00 -1.019167475944986023e+02 -6.242679136473000767e+00 -1.190025770487032588e+02 -2.785926915392081593e+00 3.925340203378323167e+01 -3.221988901715243969e+01 2.000920979846461023e+01 7.670186411220068834e+00 3.248471448950994045e+02 1.531142797187007965e+01 -9.338398687025660649e+01 -1.789694929007580129e+02 -7.909532607780676017e+01 -1.595885693092873225e+02 -2.363096723933623480e+02 -6.410116711462279682e+01 -1.039362507475481721e+02 2.557506906356573495e+01 -6.347503071421198229e+01
1.127258598292725793e+02 1.429783828384927169e+01 3.613131242632597662e+00 4.421172613974007959e+01 7.436050832028892899e+01 1.317454392531263068e+02 -1.656691906486712718e+00 7.825995061780690776e+01 1.090541954650709044e+02 1.531142797187007965e+01 -5.799842132671582249e+02 2.708543647871805149e+01 4.377974770046217046e+00 3.044250571760471757e+01 -1.062253084418917837e+01 -1.783361188895019112e+01 7.185776010188328655e+01 -9.266283558234674089e+00 9.076465434090854956e+01 4.836835195515587316e+01
3.218013169658488692e+01 -4.837849748085849910e+01 -2.211596223409278306e+00 -4.893233172355243710e+01 1.899078348183315157e+01 5.632467189784432549e+01 -1.699058992325716488e+01 3.176037082368077691e+01 3.388441458550103391e+01 -9.338398687025659228e+01 2.708543647871805149e+01 2.165122922819811606e+02 -9.064704690878387794e+01 -3.223269073758799408e+01 -8.481989535307799599e+01 -1.261743680885390830e+02 -1.316423260827896335e+01 -5.588600612707934800e+01 3.805082366335498278e+01 -1.929344951124726393e+01
-1.365619253383697540e+01 -9.678052656585572322e+01 -6.313533988576697453e+00 -1.168801160187758370e+02 -1.306163455340650259e+01 1.794787193705594674e+01 -2.972633583302810933e+01 7.585291892806675484e+00 -8.224454022924780006e+00 -1.789694929007580129e+02 4.377974770046206388e+00 -9.064704690878387794e+01 4.499689471150629743e+02 -7.783348194084301497e+01 -1.468974146782710761e+02 -2.172210035931499590e+02 -6.972310893262910270e+01 -9.534015547478412600e+01 1.099983789987289207e+01 -6.583321401329830280e+01
3.914479601176131496e+01 -4.033479092617074713e+01 -1.545716194987732051e+00 -3.779925362132359368e+01 2.389042265878195437e+01 6.191002127520275167e+01 -1.483843935502446243e+01 3.530994123807346341e+01 4.024654536862814780e+01 -7.909532607780676017e+01 3.044250571760471757e+01 -3.223269073758798697e+01 -7.783348194084301497e+01 1.542338116867178144e+02 -7.431296104051401130e+01 -1.107494327769382352e+02 -4.127876612043329452e+00 -4.919164256011019631e+01 4.200163463607761827e+01 -1.178703339769704961e+01
-3.519939198247979562e+01 -8.754191139220219497e+01 -6.264000623451413396e+00 -1.112833200084986913e+02 -2.676228494618999321e+01 -1.150083352698606909e+01 -2.564049229831545418e+01 -9.520509417284584330e+00 -2.969404759450981501e+01 -1.595885693092872657e+02 -1.062253084418917837e+01 -8.481989535307799599e+01 -1.468974146782710477e+02 -7.431296104051401130e+01 7.087960895742880894e+02 -1.861822839027340422e+02 -7.577090647680827828e+01 -8.142003907753544922e+01 -9.116603804937348343e+00 -6.752343997658826424e+01
-5.545635385644267501e+01 -1.298069920917259026e+02 -9.367244988006390827e+00 -1.658048091223036238e+02 -4.181772517342731987e+01 -2.101431490587290440e+01 -3.784142344391725032e+01 -1.645647011141696936e+01 -4.720847860893979941e+01 -2.363096723933623480e+02 -1.783361188895019822e+01 -1.261743680885390830e+02 -2.172210035931499590e+02 -1.107494327769382210e+02 -1.861822839027340422e+02 5.864005996184199603e+02 -1.141671596956824004e+02 -1.200412885811487058e+02 -1.624096061209586139e+01 -1.012624959895957062e+02
1.065068358326805082e+02 -2.865435613457220398e+01 8.072880181211815609e-01 -7.699392041908357243e+00 6.846007557785353015e+01 1.395187601035003127e+02 -1.484089943903017605e+01 8.151290139230187037e+01 1.052499346878772570e+02 -6.410116711462279682e+01 7.185776010188328655e+01 -1.316423260827896335e+01 -6.972310893262911691e+01 -4.127876612043330340e+00 -7.577090647680827828e+01 -1.141671596956824004e+02 -8.117407395374399925e+01 -5.154584414609245613e+01 9.551441833767748335e+01 1.909565149272172491e+01
-2.664586571394822201e+01 -5.721471761928363264e+01 -4.182103797335757100e+00 -7.361743968314615927e+01 -1.987288323903182174e+01 -1.193620619706552688e+01 -1.655894506972592595e+01 -8.832725305556941464e+00 -2.295338763964447537e+01 -1.039362507475481721e+02 -9.266283558234681195e+00 -5.588600612707934800e+01 -9.534015547478411179e+01 -4.919164256011019631e+01 -8.142003907753547765e+01 -1.200412885811487058e+02 -5.154584414609244902e+01 8.505542540550156900e+02 -8.996547839550315118e+00 -4.540200634797458434e+01
1.467905963049745424e+02 2.164342843143283801e+01 4.891984659802820268e+00 6.112136050163379508e+01 9.696057571443233769e+01 1.704785936408132443e+02 -1.204902302988337448e+00 1.013662724274433060e+02 1.418506791259138424e+02 2.557506906356574916e+01 9.076465434090854956e+01 3.805082366335498278e+01 1.099983789987289207e+01 4.200163463607761827e+01 -9.116603804937341238e+00 -1.624096061209584718e+01 9.551441833767746914e+01 -8.996547839550322223e+00 -5.845070943098425005e+02 6.489348949687240520e+01
6.935189827915797878e+01 -3.032265544824889503e+01 -1.954176584766357805e-01 -1.869973642059275676e+01 4.408034768286626104e+01 9.500883122545796766e+01 -1.333630553549012809e+01 5.517146375003837733e+01 6.914546596571855730e+01 -6.347503071421195386e+01 4.836835195515585895e+01 -1.929344951124726393e+01 -6.583321401329830280e+01 -1.178703339769704606e+01 -6.752343997658825003e+01 -1.012624959895957062e+02 1.909565149272172491e+01 -4.540200634797458434e+01 6.489348949687241941e+01 -1.292585826341822219e+01
