-1.417155127057258994e+02 8.321882141241102815e+00 -2.733187120091785616e+01 8.125824379997393976e+01 6.255112768975688908e+00 1.855823564394416536e+01 -7.464756211291657451e+00 9.183679005819350039e+00 6.201203739482525634e+01 3.371655010323271995e+01 -2.070990457923719941e+00 9.732139021083739294e+00 4.063298201733796411e+00 2.309884617575307075e+01 6.026154632579027171e-01 3.179902592906913128e+00 4.492264673737107472e+00 2.234972476094967817e+02 -5.079655756443447245e+01 9.215781120314085229e+01
8.321882141241108144e+00 2.970971769625414254e+02 -2.312849498246587245e+02 -6.969767458452719211e+01 -2.246235177962048368e+01 -5.169388836206917581e+00 -7.057149151824629030e+01 -3.663426527815868639e+01 5.345583084737987178e+01 2.849992044163536065e+01 -1.907331952145351295e+01 -6.840900847793446360e+01 -1.052993537866580027e+02 -1.462699577774067894e+00 4.798398833078570402e-01 -2.943464580784588591e+01 -2.287325359012570303e+01 1.515908917610267110e+02 -1.961834394038363314e+02 5.668212996117577518e+01
-2.733187120091786326e+01 -2.312849498246586961e+02 2.764972582221087123e+02 -1.599888871068017977e+02 -3.998997823378631722e+01 -1.914100802231355658e+01 -1.098971282215270122e+02 -6.462947637892736452e+01 5.052663380418469075e+01 2.655803617205981482e+01 -2.967078326736900351e+01 -1.163800974642711026e+02 -1.728017781471724561e+02 -1.577712158863894309e+01 4.268583823060280169e-01 -4.949044517769230112e+01 -3.963170268412377339e+01 1.156264177031567755e+02 -2.880637397352157336e+02 3.824842831887979600e+01
8.125824379997391134e+01 -6.969767458452719211e+01 -1.599888871068018261e+02 1.242894891747309174e+02 -5.831340249093032391e+00 1.730838383907722644e+01 -4.786382733455641159e+01 -1.061941610911923561e+01 9.765567221383227547e+01 5.277851280441561244e+01 -1.299441231641977090e+01 -2.791080400006953255e+01 -5.485581906357323589e+01 2.434209480607466247e+01 9.266795584497112825e-01 -1.310704502138967342e+01 -7.983251039018036010e+00 3.288387796074494531e+02 -1.657911797040554234e+02 1.323150764371069954e+02
6.255112768975688908e+00 -2.246235177962049434e+01 -3.998997823378631722e+01 -5.831340249093035943e+00 2.937353715674503292e+02 4.383951488318396650e-01 -1.214125086079372196e+01 -5.395084160454150179e+00 1.311334395988051860e+01 7.036879169782567445e+00 -3.285127156882198474e+00 -1.058997367283598479e+01 -1.705944054745795313e+01 1.364412312081450640e+00 1.209052792237459845e-01 -4.626619222366741724e+00 -3.454813181651531284e+00 4.049805144097659593e+01 -3.583981478621771544e+01 1.573973275058759391e+01
1.855823564394416891e+01 -5.169388836206916693e+00 -1.914100802231355658e+01 1.730838383907722644e+01 4.383951488318392209e-01 -5.348498975139072797e+01 -5.614844025862373300e+00 4.525176163599310408e-01 1.878511168755685645e+01 1.018413021061299872e+01 -1.531314724761245971e+00 -1.067492502587265024e+00 -4.458139276089651659e+00 5.879637406613898776e+00 1.804763061596591500e-01 -7.191247657100869883e-01 -3.764660324090807197e-02 6.555591126525276024e+01 -2.335607808706624766e+01 2.672700177076188055e+01
-7.464756211291662780e+00 -7.057149151824629030e+01 -1.098971282215270122e+02 -4.786382733455643290e+01 -1.214125086079372196e+01 -5.614844025862375076e+00 5.833231496042832305e+02 -1.963366783966067075e+01 1.622297177014293723e+01 8.541350830372772762e+00 -9.093009949618604537e+00 -3.544081092277841094e+01 -5.275384310046597136e+01 -4.529572806623319181e+00 1.380486353712401804e-01 -1.508325032851916525e+01 -1.205402507073504914e+01 3.815513680454755274e+01 -8.866847767807287539e+01 1.285157634346744260e+01
9.183679005819346486e+00 -3.663426527815868639e+01 -6.462947637892736452e+01 -1.061941610911923206e+01 -5.395084160454150179e+00 4.525176163599300416e-01 -1.963366783966067430e+01 3.021003229251606967e+02 2.044925398533128202e+01 1.096730900618586269e+01 -5.311674978919518786e+00 -1.735282450541161126e+01 -2.779091484730533779e+01 1.894305458513769747e+00 1.881097955745361094e-01 -7.566190250555022700e+00 -5.679556462113488635e+00 6.270516612834941839e+01 -5.755347310677673534e+01 2.429638517753084415e+01
6.201203739482524213e+01 5.345583084737987889e+01 5.052663380418468364e+01 9.765567221383226126e+01 1.311334395988051860e+01 1.878511168755685645e+01 1.622297177014293368e+01 2.044925398533127847e+01 -9.503799158598860686e+02 2.172660231540757891e+01 4.335302378160074355e+00 3.135445496688871714e+01 3.820754725969799637e+01 2.175404201442972862e+01 3.979874937305416527e-01 1.256297651477325061e+01 1.162415535952162315e+01 1.562366215388402395e+02 1.742547451422236193e+01 6.632999574401688392e+01
3.371655010323271995e+01 2.849992044163536065e+01 2.655803617205981482e+01 5.277851280441560533e+01 7.036879169782570997e+00 1.018413021061299872e+01 8.541350830372776315e+00 1.096730900618586446e+01 2.172660231540757891e+01 -9.420888319106911695e+02 2.281702290238997843e+00 1.676899213069994232e+01 2.034995579196227311e+01 1.181106501873737535e+01 2.180264925963557587e-01 6.711160141822944958e+00 6.226382675574947179e+00 8.544876301210555880e+01 8.712396473656498941e+00 3.624766742187887303e+01
-2.070990457923719941e+00 -1.907331952145351295e+01 -2.967078326736900351e+01 -1.299441231641977090e+01 -3.285127156882198474e+00 -1.531314724761245083e+00 -9.093009949618604537e+00 -5.311674978919517898e+00 4.335302378160074355e+00 2.281702290238998287e+00 6.185448597571871687e+02 -9.582849163372813450e+00 -1.425609020823574724e+01 -1.241597459911004453e+00 3.683330560788488500e-02 -4.077622108389732603e+00 -3.260201864937616101e+00 1.013643545126624801e+01 -2.391717074424608569e+01 3.401188069714530471e+00
9.732139021083739294e+00 -6.840900847793446360e+01 -1.163800974642711310e+02 -2.791080400006954676e+01 -1.058997367283598301e+01 -1.067492502587263470e+00 -3.544081092277841094e+01 -1.735282450541161481e+01 3.135445496688871714e+01 1.676899213069994232e+01 -9.582849163372813450e+00 3.420027750013122727e+02 -5.166480938429153014e+01 1.125913649014900653e+00 2.851276466189052172e-01 -1.427847689339582971e+01 -1.093389242814952134e+01 9.272725625062369659e+01 -1.009266453184528274e+02 3.535930075453443777e+01
4.063298201733784865e+00 -1.052993537866579885e+02 -1.728017781471724561e+02 -5.485581906357324300e+01 -1.705944054745795313e+01 -4.458139276089646330e+00 -5.275384310046597136e+01 -2.779091484730533779e+01 3.820754725969799637e+01 2.034995579196227666e+01 -1.425609020823574546e+01 -5.166480938429153014e+01 3.758137141272235908e+02 -1.816263722318702589e+00 3.415364040285064906e-01 -2.219872348368834380e+01 -1.731315039578705495e+01 1.068685494762269599e+02 -1.457177332487926549e+02 3.969277688175164087e+01
2.309884617575307075e+01 -1.462699577774067006e+00 -1.577712158863894132e+01 2.434209480607466247e+01 1.364412312081451084e+00 5.879637406613899664e+00 -4.529572806623320069e+00 1.894305458513767970e+00 2.175404201442972862e+01 1.181106501873737535e+01 -1.241597459911004897e+00 1.125913649014902429e+00 -1.816263722318707030e+00 -1.245336804067913761e+02 2.102189225591506172e-01 1.568647642504646944e-01 7.790323753192719414e-01 7.718000211822079848e+01 -2.236013734397376851e+01 3.165116517425083487e+01
6.026154632579027171e-01 4.798398833078570402e-01 4.268583823060281279e-01 9.266795584497112825e-01 1.209052792237459845e-01 1.804763061596591500e-01 1.380486353712402359e-01 1.881097955745361094e-01 3.979874937305415417e-01 2.180264925963557587e-01 3.683330560788489194e-02 2.851276466189052172e-01 3.415364040285064906e-01 2.102189225591505617e-01 -8.579960175709996975e+02 1.136982260838382552e-01 1.063768974353825614e-01 1.553459200318682676e+00 1.158454307649062487e-01 6.574503787812148170e-01
3.179902592906913128e+00 -2.943464580784588236e+01 -4.949044517769230112e+01 -1.310704502138966454e+01 -4.626619222366739947e+00 -7.191247657100865442e-01 -1.508325032851916703e+01 -7.566190250555022700e+00 1.256297651477324706e+01 6.711160141822944958e+00 -4.077622108389732603e+00 -1.427847689339582615e+01 -2.219872348368834736e+01 1.568647642504629180e-01 1.136982260838382552e-01 3.928359936501796028e+02 -4.749155540004195153e+00 3.658818674940908977e+01 -4.253690981036689323e+01 1.385428440222395352e+01
4.492264673737107472e+00 -2.287325359012570303e+01 -3.963170268412376629e+01 -7.983251039018033346e+00 -3.454813181651530840e+00 -3.764660324090873811e-02 -1.205402507073504559e+01 -5.679556462113488635e+00 1.162415535952162315e+01 6.226382675574947179e+00 -3.260201864937616101e+00 -1.093389242814951956e+01 -1.731315039578705495e+01 7.790323753192726075e-01 1.063768974353825614e-01 -4.749155540004195153e+00 3.373989270139762198e+02 3.507194057883825877e+01 -3.483864932251106694e+01 1.349394733679337754e+01
2.234972476094967817e+02 1.515908917610266826e+02 1.156264177031567755e+02 3.288387796074493963e+02 4.049805144097659593e+01 6.555591126525276024e+01 3.815513680454755985e+01 6.270516612834941839e+01 1.562366215388402395e+02 8.544876301210555880e+01 1.013643545126624446e+01 9.272725625062369659e+01 1.068685494762269599e+02 7.718000211822079848e+01 1.553459200318682676e+00 3.658818674940908977e+01 3.507194057883825877e+01 -7.243350238066385316e+01 7.368691095097846144e+00 2.524016710267284793e+02
-5.079655756443449377e+01 -1.961834394038363598e+02 -2.880637397352157905e+02 -1.657911797040554518e+02 -3.583981478621771544e+01 -2.335607808706624766e+01 -8.866847767807287539e+01 -5.755347310677674244e+01 1.742547451422235483e+01 8.712396473656495388e+00 -2.391717074424608569e+01 -1.009266453184528558e+02 -1.457177332487926549e+02 -2.236013734397377561e+01 1.158454307649062487e-01 -4.253690981036690033e+01 -3.483864932251106694e+01 7.368691095097844368e+00 6.990244933465288568e+02 -4.824754982089729083e+00
9.215781120314085229e+01 5.668212996117576097e+01 3.824842831887979600e+01 1.323150764371069670e+02 1.573973275058759391e+01 2.672700177076188055e+01 1.285157634346744260e+01 2.429638517753084415e+01 6.632999574401688392e+01 3.624766742187887303e+01 3.401188069714531359e+00 3.535930075453444488e+01 3.969277688175164087e+01 3.165116517425083487e+01 6.574503787812148170e-01 1.385428440222395174e+01 1.349394733679337577e+01 2.524016710267284793e+02 -4.824754982089750399e+00 -4.860310807665341599e+02
