-1.000000000000000000e+03
9.910000000000000000e+02
9.390000000000000000e+02
8.930000000000000000e+02
-8.460000000000000000e+02
-8.380000000000000000e+02
-8.280000000000000000e+02
-7.380000000000000000e+02
6.010000000000000000e+02
-5.040000000000000000e+02
4.670000000000000000e+02
-4.500000000000000000e+02
-2.960000000000000000e+02
-2.860000000000000000e+02
2.330000000000000000e+02
-2.240000000000000000e+02
-2.120000000000000000e+02
-1.400000000000000000e+02
8.300000000000000000e+01
3.900000000000000000e+01
