9.730000000000000000e+02
8.910000000000000000e+02
8.470000000000000000e+02
-8.440000000000000000e+02
7.290000000000000000e+02
-6.080000000000000000e+02
5.310000000000000000e+02
-4.800000000000000000e+02
-4.780000000000000000e+02
-4.180000000000000000e+02
-3.920000000000000000e+02
2.890000000000000000e+02
2.370000000000000000e+02
-2.200000000000000000e+02
1.890000000000000000e+02
-1.860000000000000000e+02
1.830000000000000000e+02
-1.340000000000000000e+02
-9.600000000000000000e+01
9.300000000000000000e+01
