6.407862475515314600e+02 -2.487998397636770775e+01 -3.269348895798255938e+01 -9.308396280698080716e+01 -2.782790592443466835e+02 -1.539323198889337618e+01 -2.069298015337696768e+02 -2.420116105033042970e+02 -1.303507575210118929e+01 -1.056253957022741758e+02 -5.818818251336173475e+00 -2.312323088795431048e+01 -4.970804568277535473e+00 -1.778898383507205949e+01 -6.241492812418114511e+01 -1.209794202773644969e+02 2.005414590308009615e+00 2.075421497850562957e+01 -2.283420246876176840e+00 -6.786234780985162729e+01
-2.487998397636770775e+01 -8.785537155246187524e+01 4.464636103005158674e+01 3.557722674123822770e+01 -2.053457761884845212e+01 2.535240008599898687e+01 -2.283793654149268804e+01 -2.251893982613759704e+01 3.854397891077937999e+01 1.559236100193753849e+01 5.448829927502173431e-01 1.271814083763151082e+01 2.359860743031205743e+00 5.137157032570942050e+01 5.648345293590177896e+00 8.107633296463880868e+00 1.759847937291432274e+01 2.937645298956055484e+01 -7.357949311732508990e-02 3.022101378246879300e+00
-3.269348895798257360e+01 4.464636103005158674e+01 -1.802214627765532668e+02 1.900660215218049416e+02 -4.171816463185630042e+00 1.192501042165427947e+02 -3.724062561803127380e+01 -2.465064139443625635e+01 1.780038742408829933e+02 1.039065827713560282e+02 4.307373184180199210e+00 6.471772974075642537e+01 1.222465485452057798e+01 2.373764408368770091e+02 4.531719793544967700e+01 7.502559899529335041e+01 7.874412451679863523e+01 1.259116163755694515e+02 3.939112094868863490e-01 3.520249777900369281e+01
-9.308396280698080716e+01 3.557722674123822770e+01 1.900660215218049416e+02 2.066217412672803988e+01 -7.339527374574828400e+01 1.077771965851117955e+02 -8.653156251834803925e+01 -8.350745948866178026e+01 1.633610764004409646e+02 7.088298269952123576e+01 2.578766210469434217e+00 5.480322207729035711e+01 1.020130337271315746e+01 2.177481790446228160e+02 2.683212291956712647e+01 4.001552758806936794e+01 7.420727213026889046e+01 1.230390861315552087e+02 -2.014925592897842122e-01 1.600420761639675149e+01
-2.782790592443466835e+02 -2.053457761884845212e+01 -4.171816463185590962e+00 -7.339527374574825558e+01 4.243033931024814365e+02 9.465875407747947889e-01 -2.316602244020527621e+02 -2.681183107374559427e+02 1.227690406547373314e+01 -9.993593500173324173e+01 -5.716469177983413807e+00 -1.562459826077279779e+01 -3.610271956559901074e+00 1.592807269049999341e+01 -6.144900172578023501e+01 -1.210161504196554461e+02 1.392318445213114941e+01 4.143732240746560080e+01 -2.436401706777298504e+00 -6.890834949857890024e+01
-1.539323198889336908e+01 2.535240008599899397e+01 1.192501042165428231e+02 1.077771965851117955e+02 9.465875407748027826e-01 -3.508872497181288850e+02 -1.845681212793109438e+01 -1.097598060586640578e+01 1.000613007434584603e+02 5.956713641744575938e+01 2.486330084802974127e+00 3.659699233835087284e+01 6.920000440080660731e+00 1.334411943408080674e+02 2.617242129197546419e+01 4.353868088779975665e+01 4.417259759653362750e+01 7.042451171595961057e+01 2.480687976784372306e-01 2.055976314109409486e+01
-2.069298015337696484e+02 -2.283793654149268804e+01 -3.724062561803128801e+01 -8.653156251834806767e+01 -2.316602244020527621e+02 -1.845681212793109438e+01 8.023483605093219921e+02 -2.004757343578884843e+02 -1.926661301306682361e+01 -9.291208984341275823e+01 -5.051547810109020986e+00 -2.232208663923737646e+01 -4.718881672700136143e+00 -2.603128311571497377e+01 -5.414307339771099947e+01 -1.043409246053131341e+02 -2.047719214320848469e+00 1.134602513811340252e+01 -1.921107694351211315e+00 -5.820411356452086693e+01
-2.420116105033042970e+02 -2.251893982613759704e+01 -2.465064139443625280e+01 -8.350745948866180868e+01 -2.681183107374559427e+02 -1.097598060586640933e+01 -2.004757343578884559e+02 6.131465933558931738e+02 -6.809303300886154098e+00 -9.836494616873974906e+01 -5.464559371955878930e+00 -2.017955241319039317e+01 -4.392458146418627862e+00 -9.471602415558397325e+00 -5.864357617286972157e+01 -1.140828066742324864e+02 4.471999926014095017e+00 2.404907864075721591e+01 -2.186231595619711587e+00 -6.421582385874739884e+01
-1.303507575210117508e+01 3.854397891077937999e+01 1.780038742408829648e+02 1.633610764004409646e+02 1.227690406547370472e+01 1.000613007434584603e+02 -1.926661301306682361e+01 -6.809303300886154098e+00 -3.312017352372392907e+02 9.240477490955014162e+01 3.912070015672192813e+00 5.513959901200554725e+01 1.044954622812329603e+01 1.984523831617244696e+02 4.122595625233935834e+01 6.925089164856966306e+01 6.538456762969285307e+01 1.035567630864811548e+02 4.568604560869738429e-01 3.312097019864392422e+01
-1.056253957022742043e+02 1.559236100193753494e+01 1.039065827713560282e+02 7.088298269952124997e+01 -9.993593500173327016e+01 5.956713641744575938e+01 -9.291208984341274402e+01 -9.836494616873973484e+01 9.240477490955017004e+01 1.125404198985888371e+02 3.045931532635406391e-01 2.714411675478057262e+01 4.915673919408457770e+00 1.230835389644875875e+02 2.784817394252320444e+00 -1.582973688380876931e+00 4.360492140734154276e+01 7.588251897847173666e+01 -5.867653334121036846e-01 -4.637632111660719758e+00
-5.818818251336171699e+00 5.448829927502173431e-01 4.307373184180200099e+00 2.578766210469435549e+00 -5.716469177983413807e+00 2.486330084802974127e+00 -5.051547810109020986e+00 -5.464559371955878930e+00 3.912070015672192369e+00 3.045931532635406946e-01 1.829835483640901259e+02 1.051146523732682025e+00 1.863778698626328278e-01 5.208727736745533576e+00 -1.972340960519777808e-01 -6.828453273372294685e-01 1.887511275237735875e+00 3.372420253449238015e+00 -3.686400082399025196e-02 -5.444708779142706234e-01
-2.312323088795431048e+01 1.271814083763150904e+01 6.471772974075642537e+01 5.480322207729035711e+01 -1.562459826077280134e+01 3.659699233835087284e+01 -2.232208663923737646e+01 -2.017955241319039317e+01 5.513959901200554725e+01 2.714411675478057262e+01 1.051146523732682025e+00 -2.008984291920515091e+02 3.577108803682045313e+00 7.351032564596860652e+01 1.099741452815941756e+01 1.729903820174564544e+01 2.479210900479936441e+01 4.054527475401200576e+01 6.029559702021314652e-03 7.545862349240083589e+00
-4.970804568277534585e+00 2.359860743031205743e+00 1.222465485452057798e+01 1.020130337271315746e+01 -3.610271956559901074e+00 6.920000440080660731e+00 -4.718881672700135255e+00 -4.392458146418627862e+00 1.044954622812329603e+01 4.915673919408457770e+00 1.863778698626328556e-01 3.577108803682045313e+00 -1.853315976772742601e+02 1.393004980381948066e+01 1.946403727741526923e+00 3.009214303317168770e+00 4.716483108139660096e+00 7.753621038382491726e+00 -4.111631273638067206e-03 1.277876094551968711e+00
-1.778898383507205949e+01 5.137157032570940629e+01 2.373764408368770091e+02 2.177481790446228160e+02 1.592807269049999341e+01 1.334411943408080674e+02 -2.603128311571500220e+01 -9.471602415558397325e+00 1.984523831617244412e+02 1.230835389644875875e+02 5.208727736745534465e+00 7.351032564596857810e+01 1.393004980381948066e+01 -2.133245228994418881e+02 5.488856074123059869e+01 9.217523876779246450e+01 8.721589059268863764e+01 1.381617003240990584e+02 6.057086190259304281e-01 4.406903436973193777e+01
-6.241492812418114511e+01 5.648345293590177896e+00 4.531719793544967700e+01 2.683212291956712647e+01 -6.144900172578024211e+01 2.617242129197546419e+01 -5.414307339771099237e+01 -5.864357617286971447e+01 4.122595625233935834e+01 2.784817394252320444e+00 -1.972340960519775033e-01 1.099741452815941400e+01 1.946403727741527367e+00 5.488856074123059869e+01 1.866652587637150020e+02 -7.696701997287313191e+00 1.992456599715428922e+01 3.566902856818417433e+01 -3.982546636219045921e-01 -6.020805902166098456e+00
-1.209794202773644685e+02 8.107633296463880868e+00 7.502559899529337883e+01 4.001552758806936794e+01 -1.210161504196554461e+02 4.353868088779975665e+01 -1.043409246053131341e+02 -1.140828066742324864e+02 6.925089164856966306e+01 -1.582973688380891586e+00 -6.828453273372294685e-01 1.729903820174564544e+01 3.009214303317167882e+00 9.217523876779246450e+01 -7.696701997287314967e+00 2.166944456031115749e+02 3.396548788925407081e+01 6.183108116699985146e+01 -8.129964414410365547e-01 -1.428378208615857403e+01
2.005414590308017164e+00 1.759847937291432274e+01 7.874412451679863523e+01 7.420727213026889046e+01 1.392318445213114941e+01 4.417259759653362750e+01 -2.047719214320844916e+00 4.471999926014087912e+00 6.538456762969285307e+01 4.360492140734154276e+01 1.887511275237735875e+00 2.479210900479937152e+01 4.716483108139660096e+00 8.721589059268863764e+01 1.992456599715428922e+01 3.396548788925407081e+01 -5.795067968615670679e+02 4.458702495529252730e+01 2.697733106812783554e-01 1.655253377390454261e+01
2.075421497850560826e+01 2.937645298956055484e+01 1.259116163755694515e+02 1.230390861315552087e+02 4.143732240746560080e+01 7.042451171595959636e+01 1.134602513811340962e+01 2.404907864075721591e+01 1.035567630864811548e+02 7.588251897847175087e+01 3.372420253449238015e+00 4.054527475401200576e+01 7.753621038382491726e+00 1.381617003240990584e+02 3.566902856818417433e+01 6.183108116699985146e+01 4.458702495529252730e+01 -7.754684222071845170e+02 5.841570340690466212e-01 3.075897564331151557e+01
-2.283420246876176840e+00 -7.357949311732508990e-02 3.939112094868861269e-01 -2.014925592897844342e-01 -2.436401706777298504e+00 2.480687976784372306e-01 -1.921107694351211315e+00 -2.186231595619711587e+00 4.568604560869733433e-01 -5.867653334121035735e-01 -3.686400082399025196e-02 6.029559702021316386e-03 -4.111631273638081084e-03 6.057086190259304281e-01 -3.982546636219045366e-01 -8.129964414410365547e-01 2.697733106812785775e-01 5.841570340690465102e-01 5.309813799483551975e+02 -4.780959932786376099e-01
-6.786234780985162729e+01 3.022101378246879300e+00 3.520249777900369281e+01 1.600420761639675504e+01 -6.890834949857890024e+01 2.055976314109409486e+01 -5.820411356452088114e+01 -6.421582385874741306e+01 3.312097019864392422e+01 -4.637632111660723311e+00 -5.444708779142706234e-01 7.545862349240081812e+00 1.277876094551968711e+00 4.406903436973195198e+01 -6.020805902166098456e+00 -1.428378208615857403e+01 1.655253377390454617e+01 3.075897564331151557e+01 -4.780959932786373878e-01 2.795837668980856279e+02
