9.850000000000000000e+02
-9.340000000000000000e+02
8.990000000000000000e+02
-8.400000000000000000e+02
-7.940000000000000000e+02
7.930000000000000000e+02
7.390000000000000000e+02
-7.120000000000000000e+02
6.710000000000000000e+02
-6.280000000000000000e+02
-6.100000000000000000e+02
5.890000000000000000e+02
5.790000000000000000e+02
-5.580000000000000000e+02
5.250000000000000000e+02
4.450000000000000000e+02
3.130000000000000000e+02
2.210000000000000000e+02
3.700000000000000000e+01
1.300000000000000000e+01
