-3.078609878172413801e+02 8.824198026824195296e+00 -3.751229301561118668e-01 1.213174087156893144e+01 -1.649131736269840687e+01 1.558101512064486371e+01 -4.506121444099768780e+00 9.782921512700534450e+00 -1.792229848442667262e+01 -8.114439440488400379e+00 -7.776591041044081720e+00 3.410992096240261162e+01 -1.079418812526328963e+01 2.714457993387672730e+01 -6.781483787577969657e+00 7.517526877350108272e+00 1.852600994152388125e+01 3.722014684265062545e+00 4.280259768260562936e+01 6.489391763386983314e+00
8.824198026824193519e+00 -5.146742215731549095e+02 3.660061784429409215e+00 1.460446144356597742e+01 -1.138597831177905562e+01 2.175202484244174173e+01 2.582257037186611814e+00 1.849982024235637468e+01 -3.472498758598050905e+00 -5.404656011433424112e+00 -5.611275310585111420e+00 4.157828627943661104e+01 -5.257365965245368145e+00 4.113470962165777678e+01 3.435716554526208721e+00 9.154227756370081792e+00 3.017223488190308700e+01 4.379710961364123634e+00 5.407539689107461811e+01 9.272822544431413405e+00
-3.751229301561127549e-01 3.660061784429407883e+00 1.280387285835337536e+02 8.020441472141346395e+00 -3.708160732369102419e+01 1.039433562333221817e+00 -2.773630171087125262e+01 -1.431977909923694270e+01 -6.782271973455877401e+01 -1.885715466934224338e+01 -1.673737562289186087e+01 2.095500485120810197e+01 -3.105886046059683991e+01 -8.204991446991854787e+00 -4.034892816999183651e+01 4.646934796431798631e+00 -1.208705452537236447e+01 2.772757958279382873e+00 2.041678268269322771e+01 -2.264407216583039784e-01
1.213174087156892789e+01 1.460446144356597387e+01 8.020441472141346395e+00 -7.259380377690912383e+02 -6.886963529891262148e+00 2.944688605412140703e+01 9.997423448139066693e+00 2.859234945386567261e+01 1.108831530787045416e+01 -2.976106651099927447e+00 -3.752820341540169746e+00 5.186011792292278244e+01 7.247128147994644221e-02 5.805981490311547333e+01 1.410575359348718649e+01 1.141019082528344342e+01 4.400303767329972970e+01 5.330807060633772743e+00 6.904310070629685470e+01 1.270937268196241909e+01
-1.649131736269840687e+01 -1.138597831177905206e+01 -3.708160732369101709e+01 -6.886963529891258595e+00 7.955653746646186164e+02 -3.601339138145571894e+01 -7.006768468130361782e+01 -6.653366344341709748e+01 -1.540265326016786389e+02 -3.497430748436915593e+01 -2.960291429442374778e+01 -2.404392601822043929e+01 -6.404987728219870746e+01 -9.212261993667311799e+01 -1.013625177481930706e+02 -5.215066396167812535e+00 -8.190340780755708749e+01 -1.197401859695420345e+00 -4.741589460974542902e+01 -1.693357972355904195e+01
1.558101512064486194e+01 2.175202484244174173e+01 1.039433562333221817e+00 2.944688605412140703e+01 -3.601339138145571894e+01 -3.167603267434404870e+02 -7.140274676330113479e+00 2.693404867938576075e+01 -3.491680340913016778e+01 -1.762636501886332496e+01 -1.709719150342739624e+01 8.303835110016228782e+01 -2.253104981272521457e+01 6.989790988870323929e+01 -1.095937684170493753e+01 1.829653082669104691e+01 4.869989900845745012e+01 8.986428359741225336e+00 1.051017335023120722e+02 1.644420141478363462e+01
-4.506121444099767004e+00 2.582257037186613591e+00 -2.773630171087125262e+01 9.997423448139059587e+00 -7.006768468130361782e+01 -7.140274676330113479e+00 1.978762023498093470e+02 -3.678415938883560443e+01 -1.355257715202640441e+02 -3.579534576544399016e+01 -3.142565663220111816e+01 2.466698748252079199e+01 -6.050516721571713674e+01 -3.404732494811052135e+01 -8.296364198767298603e+01 5.498165286368360327e+00 -3.723234675768591018e+01 3.740496171650909307e+00 1.827121327140319096e+01 -4.396354267391881621e+00
9.782921512700536226e+00 1.849982024235637468e+01 -1.431977909923694092e+01 2.859234945386566906e+01 -6.653366344341709748e+01 2.693404867938576075e+01 -3.678415938883560443e+01 -9.891199112606275889e+01 -1.013943539151647713e+02 -3.338357852239892765e+01 -3.058314600109891401e+01 7.870486099680472591e+01 -5.072203016185723357e+01 3.633837046354132383e+01 -5.388635111822581791e+01 1.737612285753527530e+01 1.794489480223306188e+01 9.101947401930619463e+00 9.254975644895597497e+01 1.052103176274836471e+01
-1.792229848442667262e+01 -3.472498758598058011e+00 -6.782271973455877401e+01 1.108831530787045061e+01 -1.540265326016786389e+02 -3.491680340913016067e+01 -1.355257715202640441e+02 -1.013943539151647713e+02 7.351845244113788169e+01 -7.903292693746324460e+01 -6.865824813188270070e+01 2.270767181274297286e+01 -1.368433215651769785e+02 -1.139929602442000771e+02 -1.965666759477436187e+02 5.156565479197725566e+00 -1.122324266846197816e+02 5.058405380015218888e+00 -2.707285967444235109e+00 -1.804238104008374322e+01
-8.114439440488402155e+00 -5.404656011433426777e+00 -1.885715466934224338e+01 -2.976106651099927003e+00 -3.497430748436916303e+01 -1.762636501886332496e+01 -3.579534576544399016e+01 -3.338357852239893475e+01 -7.903292693746324460e+01 7.848798316991827733e+02 -1.537642213810945968e+01 -1.074576637354570963e+01 -3.300887164250895012e+01 -4.563655832188950257e+01 -5.179420838935854476e+01 -2.325590663389121016e+00 -4.081586361716163935e+01 -4.478992705184828838e-01 -2.224611534949762870e+01 -8.324042239369603635e+00
-7.776591041044081720e+00 -5.611275310585111420e+00 -1.673737562289186087e+01 -3.752820341540165305e+00 -2.960291429442374422e+01 -1.709719150342739624e+01 -3.142565663220111816e+01 -3.058314600109891401e+01 -6.865824813188270070e+01 -1.537642213810945790e+01 9.440330715507540162e+02 -1.266658286621452056e+01 -2.837417557068626550e+01 -4.306355845192354082e+01 -4.544764853105908031e+01 -2.753642314102745736e+00 -3.799040285815832618e+01 -7.376421401150164980e-01 -2.368738403808999493e+01 -7.994950794647138537e+00
3.410992096240261873e+01 4.157828627943661104e+01 2.095500485120809486e+01 5.186011792292278244e+01 -2.404392601822043574e+01 8.303835110016228782e+01 2.466698748252081330e+01 7.870486099680472591e+01 2.270767181274297286e+01 -1.074576637354570607e+01 -1.266658286621451701e+01 -5.433576978854135859e+02 -3.693753388379090730e+00 1.624380957173023319e+02 3.465117058111152915e+01 3.270864562364423733e+01 1.223739574978853284e+02 1.535689610629573032e+01 1.969535600814565726e+02 3.575490638444175318e+01
-1.079418812526328608e+01 -5.257365965245367256e+00 -3.105886046059684347e+01 7.247128147994290337e-02 -6.404987728219872167e+01 -2.253104981272521812e+01 -6.050516721571714385e+01 -5.072203016185724067e+01 -1.368433215651769785e+02 -3.300887164250895722e+01 -2.837417557068626905e+01 -3.693753388379094282e+00 4.904959713828173449e+02 -6.371984919297755567e+01 -8.765480916052396765e+01 -7.441177149702306037e-01 -5.933565957650650091e+01 7.846202372099890798e-01 -1.899527648996072671e+01 -1.099474900559976298e+01
2.714457993387673085e+01 4.113470962165777678e+01 -8.204991446991849458e+00 5.805981490311547333e+01 -9.212261993667313220e+01 6.989790988870323929e+01 -3.404732494811051424e+01 3.633837046354133804e+01 -1.139929602442001055e+02 -4.563655832188948835e+01 -4.306355845192354792e+01 1.624380957173023319e+02 -6.371984919297755567e+01 -1.352766005508674709e+02 -5.053727831800533465e+01 3.581436658032049536e+01 7.639231260578156935e+01 1.797008276600435650e+01 2.008705348500384389e+02 2.877959322601617487e+01
-6.781483787577971434e+00 3.435716554526210498e+00 -4.034892816999183651e+01 1.410575359348719005e+01 -1.013625177481930706e+02 -1.095937684170493753e+01 -8.296364198767298603e+01 -5.388635111822581791e+01 -1.965666759477436187e+02 -5.179420838935854476e+01 -4.544764853105908031e+01 3.465117058111150072e+01 -8.765480916052396765e+01 -5.053727831800534176e+01 1.405165585108015875e+02 7.726714528828870776e+00 -5.485765926738375953e+01 5.307430342065831752e+00 2.502661252321721364e+01 -6.634535305871622768e+00
7.517526877350106496e+00 9.154227756370081792e+00 4.646934796431798631e+00 1.141019082528343986e+01 -5.215066396167812535e+00 1.829653082669104691e+01 5.498165286368360327e+00 1.737612285753527530e+01 5.156565479197722013e+00 -2.325590663389120127e+00 -2.753642314102745736e+00 3.270864562364423733e+01 -7.441177149702310478e-01 3.581436658032049536e+01 7.726714528828869000e+00 -6.888025635096171300e+02 2.699430565178639085e+01 3.377908232515286713e+00 4.335603796474633498e+01 7.879692083211748077e+00
1.852600994152388836e+01 3.017223488190308700e+01 -1.208705452537236802e+01 4.400303767329972970e+01 -8.190340780755708749e+01 4.869989900845745012e+01 -3.723234675768591018e+01 1.794489480223307609e+01 -1.122324266846197816e+02 -4.081586361716163935e+01 -3.799040285815832618e+01 1.223739574978853000e+02 -5.933565957650650802e+01 7.639231260578156935e+01 -5.485765926738375953e+01 2.699430565178639085e+01 -1.413360938452997573e+02 1.376343519287761374e+01 1.486003359560230592e+02 1.972687838757769896e+01
3.722014684265062545e+00 4.379710961364123634e+00 2.772757958279381985e+00 5.330807060633772743e+00 -1.197401859695421011e+00 8.986428359741225336e+00 3.740496171650909307e+00 9.101947401930619463e+00 5.058405380015218000e+00 -4.478992705184823842e-01 -7.376421401150160539e-01 1.535689610629572677e+01 7.846202372099890798e-01 1.797008276600435650e+01 5.307430342065831752e+00 3.377908232515286713e+00 1.376343519287761374e+01 -8.544366226435040517e+02 2.062880003730709433e+01 3.895143618811837793e+00
4.280259768260562936e+01 5.407539689107461811e+01 2.041678268269323127e+01 6.904310070629685470e+01 -4.741589460974542902e+01 1.051017335023120864e+02 1.827121327140318385e+01 9.254975644895598919e+01 -2.707285967444249319e+00 -2.224611534949762870e+01 -2.368738403808998783e+01 1.969535600814565726e+02 -1.899527648996071250e+01 2.008705348500384389e+02 2.502661252321720653e+01 4.335603796474632787e+01 1.486003359560230592e+02 2.062880003730709433e+01 -3.124265885235446376e+02 4.494380366169076524e+01
6.489391763386983314e+00 9.272822544431413405e+00 -2.264407216583039784e-01 1.270937268196241732e+01 -1.693357972355904195e+01 1.644420141478363817e+01 -4.396354267391879844e+00 1.052103176274836649e+01 -1.804238104008373966e+01 -8.324042239369603635e+00 -7.994950794647138537e+00 3.575490638444175318e+01 -1.099474900559975943e+01 2.877959322601617487e+01 -6.634535305871622768e+00 7.879692083211749853e+00 1.972687838757770606e+01 3.895143618811837793e+00 4.494380366169076524e+01 -3.151424591954178709e+02
