-9.760000000000000000e+02
9.630000000000000000e+02
-9.380000000000000000e+02
-9.040000000000000000e+02
8.750000000000000000e+02
8.650000000000000000e+02
8.410000000000000000e+02
7.670000000000000000e+02
-7.400000000000000000e+02
-6.820000000000000000e+02
-5.660000000000000000e+02
-5.080000000000000000e+02
4.310000000000000000e+02
3.770000000000000000e+02
-3.600000000000000000e+02
-2.680000000000000000e+02
2.290000000000000000e+02
1.930000000000000000e+02
1.590000000000000000e+02
1.300000000000000000e+01
