-3.473058388341707996e+02 1.681171878197656122e+00 1.497205425156283276e+01 1.331219631334961662e+01 7.198087999825411032e+01 6.675821387911339855e+01 -9.829904214073867053e+00 3.705618258948462085e+01 6.567781962914121152e+01 1.128063215671233195e+02 3.681269790934555175e+01 -2.461544259854746564e+00 -1.595544663994550838e+01 -3.176540225668447803e+01 1.304449767833320948e+02 2.178716866411430786e+01 -1.464044691522336628e+00 -1.719871639908996741e+01 -1.390233516821510662e+01 8.407807394206174934e+01
1.681171878197654346e+00 3.910053966209001146e+02 8.132729944099915675e-01 -8.377826044474219191e-01 6.954332373309830118e+00 -5.057015554077571196e+00 -1.009058394292229544e+01 6.201341221813404525e-01 8.679275036519240594e-01 3.669390714094308947e+00 -1.571734962186047468e+00 -3.347134317075505550e+01 -1.592902308601363970e+01 -3.668733449869909435e+01 1.604479873989429706e+01 -2.561155668273114117e+01 -4.710254049515445018e+00 -2.060021883796592235e+01 -2.052583273088513494e+01 9.802377369082185155e+00
1.497205425156283276e+01 8.132729944099916786e-01 -4.737737937967800121e+02 3.887071423774303369e+00 2.006587766642540416e+01 1.956388443965591861e+01 -1.982470381275361238e+00 1.057541662999748944e+01 1.876287466444748731e+01 3.204595882096303683e+01 1.068729729554538999e+01 2.068866892846519256e+00 -3.255121879943998042e+00 -6.068171767568736108e+00 3.607837978070206475e+01 8.371239752815450075e+00 -2.937226683330487753e-02 -3.224419120884918666e+00 -2.285262536152314894e+00 2.329895990166716047e+01
1.331219631334961662e+01 -8.377826044474219191e-01 3.887071423774303369e+00 -1.710306498263848312e+02 1.963723436741667072e+01 1.462388580079807454e+01 -5.532423515138898296e+00 9.186248507760542026e+00 1.620946900250843825e+01 2.852036085915661090e+01 8.443594770471774424e+00 -1.103586977723056073e+01 -8.839777033416748253e+00 -1.915032602769651149e+01 3.666037782594553818e+01 -2.699972525529370948e+00 -1.824254078279115454e+00 -1.059827224593020212e+01 -9.775103069082822671e+00 2.346120190507653902e+01
7.198087999825411032e+01 6.954332373309835447e+00 2.006587766642539705e+01 1.963723436741667072e+01 -5.770324364705936659e+02 9.946165657438488950e+01 -2.178572274218825378e+00 5.126596989470063903e+01 9.112903419326019616e+01 1.540138605762664383e+02 5.344635314996119035e+01 3.505865312366709929e+01 -4.053398278942741406e+00 -2.346222765946271771e+00 1.645170550846415267e+02 6.002950550345697422e+01 3.365885619888983715e+00 -4.227667891657644894e-01 4.115549038887415634e+00 1.066596430163888130e+02
6.675821387911339855e+01 -5.057015554077572084e+00 1.956388443965592217e+01 1.462388580079807454e+01 9.946165657438488950e+01 -8.018302209360001598e+01 -2.981067573417054462e+01 4.594852830428046531e+01 8.102804666048142224e+01 1.430392360131193072e+02 4.176259583022437027e+01 -6.240120497994969639e+01 -4.758922619199162796e+01 -1.035758669704865724e+02 1.863568037087798643e+02 -1.910039213203919672e+01 -1.013404739458456127e+01 -5.738673794280281726e+01 -5.326520270507326416e+01 1.191585704629459030e+02
-9.829904214073863500e+00 -1.009058394292229721e+01 -1.982470381275361238e+00 -5.532423515138898296e+00 -2.178572274218828930e+00 -2.981067573417054462e+01 8.072212268775423354e+02 -8.270277368752758207e+00 -1.521646281784231292e+01 -2.087363177916196477e+01 -1.349971214092959571e+01 -8.018830048648950992e+01 -3.426459133945133573e+01 -8.023082326341099701e+01 4.364876488630751616e+00 -6.759794462356281031e+01 -1.098988703592761595e+01 -4.521834412677959847e+01 -4.590761590185803698e+01 1.510977151480002334e+00
3.705618258948462085e+01 6.201341221813395643e-01 1.057541662999748944e+01 9.186248507760542026e+00 5.126596989470063903e+01 4.594852830428046531e+01 -8.270277368752758207e+00 -3.280189861481816820e+02 4.601625570815798483e+01 7.933870701257754376e+01 2.550651439269624632e+01 -6.367794816211155506e+00 -1.336151051132817358e+01 -2.729192274714080213e+01 9.338300834410966900e+01 1.166860600445008167e+01 -1.677118714499254981e+00 -1.487892799521250176e+01 -1.256508392795824847e+01 6.011496902204112303e+01
6.567781962914121152e+01 8.679275036519236153e-01 1.876287466444748731e+01 1.620946900250843825e+01 9.112903419326019616e+01 8.102804666048142224e+01 -1.521646281784231292e+01 4.601625570815799193e+01 -2.625115812799533614e+02 1.406227481028999478e+02 4.505052931758539358e+01 -1.319319644047029882e+01 -2.456235136812184905e+01 -5.040907402275171734e+01 1.661892592275468132e+02 1.917892776361619056e+01 -3.238827925453817258e+00 -2.751629893230343527e+01 -2.341703452930938312e+01 1.069534732630711602e+02
1.128063215671233195e+02 3.669390714094311168e+00 3.204595882096304393e+01 2.852036085915661090e+01 1.540138605762664668e+02 1.430392360131193072e+02 -2.087363177916197188e+01 7.933870701257755798e+01 1.406227481028999478e+02 -1.605083161542046639e+02 7.885543287459047690e+01 -4.689060823522734012e+00 -3.388893089246988666e+01 -6.738235801962147775e+01 2.790466998923221809e+02 4.709877158413836185e+01 -3.053111639207398920e+00 -3.646996975518149497e+01 -2.941262538528847514e+01 1.798684213546938224e+02
3.681269790934555175e+01 -1.571734962186047024e+00 1.068729729554538999e+01 8.443594770471774424e+00 5.344635314996119035e+01 4.176259583022437027e+01 -1.349971214092959926e+01 2.550651439269624632e+01 4.505052931758539358e+01 7.885543287459047690e+01 -1.881452230739013487e+02 -2.437246299569386210e+01 -2.160714867592848165e+01 -4.639186664309105623e+01 9.919138022573365276e+01 -2.625000022837978619e+00 -4.186422961846280266e+00 -2.561761806085353044e+01 -2.333561348411351233e+01 6.356779914057211300e+01
-2.461544259854735905e+00 -3.347134317075505550e+01 2.068866892846516592e+00 -1.103586977723056073e+01 3.505865312366709219e+01 -6.240120497994968218e+01 -8.018830048648949571e+01 -6.367794816211154618e+00 -1.319319644047031126e+01 -4.689060823522732235e+00 -2.437246299569386210e+01 2.296669665774716123e+02 -1.264497594770590894e+02 -2.927800641871555172e+02 9.192631467058134831e+01 -2.180141170502172372e+02 -3.839989551792410083e+01 -1.645958884979406776e+02 -1.650037931424758142e+02 5.480266240095815533e+01
-1.595544663994550838e+01 -1.592902308601364325e+01 -3.255121879943998486e+00 -8.839777033416750029e+00 -4.053398278942747623e+00 -4.758922619199163506e+01 -3.426459133945133573e+01 -1.336151051132817358e+01 -2.456235136812183484e+01 -3.388893089246988666e+01 -2.160714867592847455e+01 -1.264497594770590894e+02 7.890956468394227841e+02 -1.262654732566981437e+02 5.765284419141227801e+00 -1.068005740070414902e+02 -1.732040231268865327e+01 -7.116965917239672024e+01 -7.228503494755956638e+01 1.661898863617061295e+00
-3.176540225668448514e+01 -3.668733449869909435e+01 -6.068171767568737884e+00 -1.915032602769651504e+01 -2.346222765946275324e+00 -1.035758669704865724e+02 -8.023082326341099701e+01 -2.729192274714080568e+01 -5.040907402275171734e+01 -6.738235801962152038e+01 -4.639186664309106334e+01 -2.927800641871555172e+02 -1.262654732566981437e+02 4.817838129072557081e+02 2.608005541049721643e+01 -2.449533009498334195e+02 -4.021350117425038206e+01 -1.663299441797587406e+02 -1.685883513639190028e+02 1.205771206319116118e+01
1.304449767833320948e+02 1.604479873989429706e+01 3.607837978070206475e+01 3.666037782594553818e+01 1.645170550846415267e+02 1.863568037087798643e+02 4.364876488630751616e+00 9.338300834410968321e+01 1.661892592275468417e+02 2.790466998923221809e+02 9.919138022573365276e+01 9.192631467058131989e+01 5.765284419141227801e+00 2.608005541049723064e+01 -5.459630123621627718e+02 1.311538813430404957e+02 1.006492069130769451e+01 1.628276147103720817e+01 2.453334790370983143e+01 1.872366668825779357e+02
2.178716866411430786e+01 -2.561155668273114827e+01 8.371239752815450075e+00 -2.699972525529369172e+00 6.002950550345697422e+01 -1.910039213203921804e+01 -6.759794462356282452e+01 1.166860600445007634e+01 1.917892776361617990e+01 4.709877158413834763e+01 -2.625000022837981284e+00 -2.180141170502172656e+02 -1.068005740070414902e+02 -2.449533009498334195e+02 1.311538813430404673e+02 1.590597503058372411e+02 -3.091042395304523538e+01 -1.374116748645654127e+02 -1.362487732784476009e+02 8.103066983390510813e+01
-1.464044691522337738e+00 -4.710254049515445018e+00 -2.937226683330443344e-02 -1.824254078279115454e+00 3.365885619888983271e+00 -1.013404739458455950e+01 -1.098988703592761595e+01 -1.677118714499255869e+00 -3.238827925453817258e+00 -3.053111639207395811e+00 -4.186422961846280266e+00 -3.839989551792410083e+01 -1.732040231268865682e+01 -4.021350117425037496e+01 1.006492069130769806e+01 -3.091042395304523538e+01 5.656683053387301925e+02 -2.262135031961744858e+01 -2.274839784585258329e+01 5.866092658441344199e+00
-1.719871639908996030e+01 -2.060021883796592235e+01 -3.224419120884918666e+00 -1.059827224593020034e+01 -4.227667891657569399e-01 -5.738673794280281726e+01 -4.521834412677959847e+01 -1.487892799521250886e+01 -2.751629893230343527e+01 -3.646996975518149497e+01 -2.561761806085353044e+01 -1.645958884979406776e+02 -7.116965917239672024e+01 -1.663299441797587406e+02 1.628276147103722238e+01 -1.374116748645654127e+02 -2.262135031961744858e+01 6.692955052725355927e+02 -9.493286360400301760e+01 7.823950594285733473e+00
-1.390233516821511373e+01 -2.052583273088513494e+01 -2.285262536152316670e+00 -9.775103069082820895e+00 4.115549038887415634e+00 -5.326520270507326416e+01 -4.590761590185803698e+01 -1.256508392795825557e+01 -2.341703452930938312e+01 -2.941262538528847514e+01 -2.333561348411351943e+01 -1.650037931424757858e+02 -7.228503494755956638e+01 -1.685883513639190028e+02 2.453334790370981722e+01 -1.362487732784475725e+02 -2.274839784585257974e+01 -9.493286360400300339e+01 6.010447447054732493e+02 1.313775057584253148e+01
8.407807394206174934e+01 9.802377369082185155e+00 2.329895990166716047e+01 2.346120190507653902e+01 1.066596430163888272e+02 1.191585704629459030e+02 1.510977151480005887e+00 6.011496902204112303e+01 1.069534732630711744e+02 1.798684213546938508e+02 6.356779914057211300e+01 5.480266240095815533e+01 1.661898863617054189e+00 1.205771206319118960e+01 1.872366668825779357e+02 8.103066983390513656e+01 5.866092658441347751e+00 7.823950594285726368e+00 1.313775057584253858e+01 -6.683684954052361036e+02
