-2.381133469141568071e+02 4.855373340031052365e+00 4.749799050232741848e+00 4.304969060384142843e+00 1.934432752196693883e+01 1.177340557553386802e+01 1.824882488751011067e+01 -1.596586521802049674e+01 -3.199690633244887117e+00 1.776185643722884677e+01 3.008216797567418155e+01 -3.615848954069484034e+00 -2.198504253296877653e-01 -1.138319634448469131e+01 -1.648762299790347274e+00 2.554794916940718252e+01 2.610214947305475430e+00 -1.861544071501849729e+01 1.654011050860802712e+01 -7.116808861916110729e+00
4.855373340031052365e+00 -4.123778592095918611e+02 1.167817548715275677e+01 9.901913893864255911e+00 4.619383076113010134e+01 2.699224675486581759e+01 4.095621467241137736e+01 -2.163022450098881322e+01 -3.192373911135163667e+00 4.479462191271356630e+01 6.793480664344482989e+01 -1.197509289205100913e+00 -2.052476563732419934e-01 -1.166218678606668746e+01 1.547502681931988366e+00 5.554350731312393918e+01 8.347157673789014964e+00 -2.452406835118562967e+01 3.598983967680408114e+01 -6.932394122432778971e+00
4.749799050232741848e+00 1.167817548715275677e+01 -3.323828683037387464e+02 1.010273078412419601e+01 4.645836654659164822e+01 2.757443929612944089e+01 4.218954939774014434e+01 -2.803885342062207542e+01 -4.905453338061800395e+00 4.414450648624809048e+01 6.980998878128340834e+01 -4.037804243903107881e+00 -3.282443860932688917e-01 -1.764216317142287593e+01 -5.332495802775125693e-01 5.794347519129180313e+01 7.589540073121250785e+00 -3.225731272628756585e+01 3.753229086675825954e+01 -1.080575276407258123e+01
4.304969060384143731e+00 9.901913893864257687e+00 1.010273078412419601e+01 -5.757633780542064414e+02 3.930199765257044220e+01 2.240736312185854828e+01 3.354292084734946400e+01 -1.020494132294027878e+01 -5.053037829718779461e-01 3.929421125587505514e+01 5.586074728769606423e+01 2.677243443480042728e+00 -1.571549425602233874e-02 -2.208768241843980018e+00 4.042432945118469512e+00 4.454102860089813021e+01 8.152446241152571105e+00 -1.096075763734071451e+01 2.887717005444303098e+01 -8.972873749443621705e-01
1.934432752196694238e+01 4.619383076113009423e+01 4.645836654659165532e+01 3.930199765257043509e+01 -2.484110344149623870e+02 1.071233832812131368e+02 1.624170876851775631e+02 -8.372576874331677743e+01 -1.208355550603030615e+01 1.783511518556322528e+02 2.694649162185893942e+02 -3.749567326630801389e+00 -7.723075311793552444e-01 -4.424202989547620035e+01 6.894916188548666725e+00 2.200056558766519856e+02 3.346127427711073210e+01 -9.476069354002308387e+01 1.425588440996079669e+02 -2.618538629435587950e+01
1.177340557553386802e+01 2.699224675486581759e+01 2.757443929612943379e+01 2.240736312185854828e+01 1.071233832812131084e+02 -5.390523206506900351e+02 9.112979418469569737e+01 -2.595016098809946570e+01 -8.743736983111469740e-01 1.073711918557687142e+02 1.518157032167245575e+02 8.138001919967081221e+00 -6.686210936556996609e-03 -4.265671155314962881e+00 1.163830851533527877e+01 1.207853637711316281e+02 2.245968910555036047e+01 -2.762210713423814568e+01 7.831243810403931604e+01 -1.308107217296345937e+00
1.824882488751010712e+01 4.095621467241137736e+01 4.218954939774015855e+01 3.354292084734946400e+01 1.624170876851775347e+02 9.112979418469569737e+01 -5.848149479686879886e+02 -2.057433064457124772e+01 3.736098210156108657e+00 1.655006339003390110e+02 2.257395555811009160e+02 2.080111349970935919e+01 3.537023253345756291e-01 1.119325442933405768e+01 2.388661651794243568e+01 1.769130400715007454e+02 3.645818817400747491e+01 -1.920259298306601181e+01 1.147436112550930289e+02 9.466551062272429817e+00
-1.596586521802049674e+01 -2.163022450098881322e+01 -2.803885342062207542e+01 -1.020494132294027523e+01 -8.372576874331682006e+01 -2.595016098809947280e+01 -2.057433064457123351e+01 6.205672854065734327e+02 -8.526377093720051903e+01 -1.298972095957250872e+02 -4.329069280442612921e+01 -1.500507574219802507e+02 -6.172620013988935561e+00 -2.965377949017821493e+02 -1.150655312260421255e+02 1.117377154150189789e+01 -5.839877621008893271e+01 -3.634598958515484242e+02 6.561804547870058180e+00 -1.933914440200341573e+02
-3.199690633244885341e+00 -3.192373911135163667e+00 -4.905453338061800395e+00 -5.053037829718761698e-01 -1.208355550603029904e+01 -8.743736983111425332e-01 3.736098210156108657e+00 -8.526377093720051903e+01 6.373163629545873619e+02 -2.483392092260527662e+01 3.729457135242279175e+00 -4.067820466764339216e+01 -1.708705033886198654e+00 -8.249574216452708697e+01 -3.063533745967778188e+01 1.558950665792175094e+01 -1.383550830742073856e+01 -1.034303067828444114e+02 9.918674351813514534e+00 -5.364830531806219938e+01
1.776185643722884322e+01 4.479462191271357341e+01 4.414450648624809048e+01 3.929421125587504804e+01 1.783511518556322244e+02 1.073711918557687142e+02 1.655006339003389826e+02 -1.298972095957250872e+02 -2.483392092260529438e+01 -1.157425048574775133e+02 2.732599631332670924e+02 -2.553557124600982675e+01 -1.691544505481257232e+00 -8.866896166473786423e+01 -9.447515805394999688e+00 2.298149048529326706e+02 2.628343050805312586e+01 -1.507241012908493474e+02 1.488171343244508478e+02 -5.505965986006624746e+01
3.008216797567418155e+01 6.793480664344482989e+01 6.980998878128342255e+01 5.586074728769605713e+01 2.694649162185893942e+02 1.518157032167245575e+02 2.257395555811008592e+02 -4.329069280442614343e+01 3.729457135242277399e+00 2.732599631332671493e+02 -3.053121789849506627e+02 3.038305801939698725e+01 4.093487548410912336e-01 9.955980581019462150e+00 3.658583383951503265e+01 2.965480479491754409e+02 5.931411585974115042e+01 -4.292048276995943468e+01 1.923170932222622298e+02 1.012079627652350666e+01
-3.615848954069484478e+00 -1.197509289205101357e+00 -4.037804243903110546e+00 2.677243443480040952e+00 -3.749567326630801389e+00 8.138001919967084774e+00 2.080111349970934498e+01 -1.500507574219802507e+02 -4.067820466764339216e+01 -2.553557124600982675e+01 3.038305801939699435e+01 4.266563797400590943e+02 -2.925897942446430644e+00 -1.418847265731836274e+02 -5.059961393648669059e+01 4.577893691469979132e+01 -2.013219039537147736e+01 -1.814112580361315281e+02 2.935782672294634210e+01 -9.203817937147410078e+01
-2.198504253296878208e-01 -2.052476563732419934e-01 -3.282443860932687807e-01 -1.571549425602238731e-02 -7.723075311793552444e-01 -6.686210936556746809e-03 3.537023253345757401e-01 -6.172620013988934673e+00 -1.708705033886198654e+00 -1.691544505481257232e+00 4.093487548410911780e-01 -2.925897942446429756e+00 6.348767740963018014e+02 -5.952954468372593233e+00 -2.198440143871770669e+00 1.235913234387965742e+00 -9.769471553258836094e-01 -7.484208370906177521e+00 7.876918559374785911e-01 -3.869946083067869580e+00
-1.138319634448468776e+01 -1.166218678606668036e+01 -1.764216317142287593e+01 -2.208768241843981794e+00 -4.424202989547621456e+01 -4.265671155314948670e+00 1.119325442933405945e+01 -2.965377949017822061e+02 -8.249574216452708697e+01 -8.866896166473783580e+01 9.955980581019447939e+00 -1.418847265731836274e+02 -5.952954468372593233e+00 3.856721131113249612e+02 -1.069656431637666003e+02 5.189693547637587301e+01 -4.865193485613455948e+01 -3.597961290132342356e+02 3.298964008989730701e+01 -1.868832655643793146e+02
-1.648762299790346386e+00 1.547502681931991919e+00 -5.332495802775116811e-01 4.042432945118470400e+00 6.894916188548671165e+00 1.163830851533528232e+01 2.388661651794243568e+01 -1.150655312260421397e+02 -3.063533745967777833e+01 -9.447515805394992583e+00 3.658583383951503976e+01 -5.059961393648669059e+01 -2.198440143871770669e+00 -1.069656431637666003e+02 3.580464004550919981e+02 4.533757798457370569e+01 -1.308648626146450233e+01 -1.387740349394194936e+02 2.915214507245692843e+01 -6.925450649381900803e+01
2.554794916940718252e+01 5.554350731312393918e+01 5.794347519129180313e+01 4.454102860089813021e+01 2.200056558766519856e+02 1.207853637711316424e+02 1.769130400715007454e+02 1.117377154150187124e+01 1.558950665792174384e+01 2.298149048529326706e+02 2.965480479491754409e+02 4.577893691469979132e+01 1.235913234387965964e+00 5.189693547637590143e+01 4.533757798457370569e+01 -7.412919778621130718e+02 5.438879537792536212e+01 2.115792427835130596e+01 1.471266085670814050e+02 3.663919296893574540e+01
2.610214947305474986e+00 8.347157673789014964e+00 7.589540073121249009e+00 8.152446241152569328e+00 3.346127427711073210e+01 2.245968910555036047e+01 3.645818817400748202e+01 -5.839877621008893271e+01 -1.383550830742074211e+01 2.628343050805312586e+01 5.931411585974115042e+01 -2.013219039537147026e+01 -9.769471553258838314e-01 -4.865193485613455948e+01 -1.308648626146450766e+01 5.438879537792535501e+01 5.570299677588025133e+00 -6.938846683473600763e+01 3.515578794047561928e+01 -3.108693551231402097e+01
-1.861544071501849729e+01 -2.452406835118562967e+01 -3.225731272628756585e+01 -1.096075763734071806e+01 -9.476069354002308387e+01 -2.762210713423812081e+01 -1.920259298306602602e+01 -3.634598958515484242e+02 -1.034303067828444114e+02 -1.507241012908493190e+02 -4.292048276995944178e+01 -1.814112580361315281e+02 -7.484208370906177521e+00 -3.597961290132342356e+02 -1.387740349394194936e+02 2.115792427835129175e+01 -6.938846683473600763e+01 4.345947201038615617e+02 1.289008958213251965e+01 -2.345534238161185385e+02
1.654011050860802712e+01 3.598983967680408824e+01 3.753229086675825954e+01 2.887717005444303098e+01 1.425588440996079669e+02 7.831243810403933026e+01 1.147436112550930289e+02 6.561804547870059068e+00 9.918674351813514534e+00 1.488171343244508478e+02 1.923170932222622298e+02 2.935782672294632434e+01 7.876918559374790352e-01 3.298964008989730701e+01 2.915214507245692488e+01 1.471266085670814050e+02 3.515578794047561928e+01 1.289008958213252143e+01 -8.645208982059400569e+02 2.332748070099658122e+01
-7.116808861916111617e+00 -6.932394122432782524e+00 -1.080575276407258478e+01 -8.972873749443639468e-01 -2.618538629435587950e+01 -1.308107217296338831e+00 9.466551062272422712e+00 -1.933914440200342142e+02 -5.364830531806219938e+01 -5.505965986006625457e+01 1.012079627652350666e+01 -9.203817937147408657e+01 -3.869946083067870468e+00 -1.868832655643793146e+02 -6.925450649381900803e+01 3.663919296893572408e+01 -3.108693551231402097e+01 -2.345534238161185385e+02 2.332748070099658833e+01 5.294829798811269939e+02
