9.370000000000000000e+02
8.490000000000000000e+02
7.970000000000000000e+02
7.870000000000000000e+02
7.270000000000000000e+02
-6.860000000000000000e+02
-6.680000000000000000e+02
6.610000000000000000e+02
-6.440000000000000000e+02
6.230000000000000000e+02
5.910000000000000000e+02
-5.760000000000000000e+02
3.710000000000000000e+02
-3.540000000000000000e+02
2.510000000000000000e+02
-2.440000000000000000e+02
-2.240000000000000000e+02
1.150000000000000000e+02
5.900000000000000000e+01
-4.000000000000000000e+00
