-9.920000000000000000e+02
8.630000000000000000e+02
-8.400000000000000000e+02
8.250000000000000000e+02
-7.100000000000000000e+02
-6.620000000000000000e+02
6.490000000000000000e+02
-6.300000000000000000e+02
-6.200000000000000000e+02
6.070000000000000000e+02
-5.000000000000000000e+02
-2.880000000000000000e+02
-2.500000000000000000e+02
2.350000000000000000e+02
2.170000000000000000e+02
-1.080000000000000000e+02
1.050000000000000000e+02
-9.800000000000000000e+01
8.900000000000000000e+01
2.500000000000000000e+01
