3.347706148640161814e+02 -3.682659913400967433e-01 -3.315797041724731997e+01 9.823208435780422576e+01 -2.848256709015987198e+01 5.517504334658215548e+00 4.606365576368779102e+01 9.909676982311992788e+01 -1.182455758936194741e+02 -1.789909897370332459e+01 -4.034528625938107638e+01 1.938718947301993012e+01 1.624693353836504173e+01 1.517509905089920785e+01 -5.925417055394763821e+01 -1.121618621179032971e+01 8.157029570082093528e+01 -1.556175823225676140e+02 4.323484993534362886e+00 -1.237690413787861985e+02
-3.682659913400960772e-01 1.318958898676838487e+01 -1.516625883331794711e+00 1.170357192653269962e+01 8.347104142952328498e-01 8.908896840167289666e-01 5.918510442918234027e+00 1.145773604118527800e+01 -5.368298943655261724e+00 1.210142157085817960e+00 1.858061809654742547e+00 2.050543950671193549e+00 2.191256970709284602e+00 1.642059904308947882e+00 -9.817039193182788281e-01 -4.668197499703022890e-01 8.728600429161822660e+00 -6.933119468241509153e+00 8.428687875410172392e-01 -5.994872364227731509e+00
-3.315797041724731287e+01 -1.516625883331794711e+00 8.567794882849825626e+02 8.073385545750465297e+00 -2.925969634255131524e+01 -1.033261925092014089e+00 1.045727167579538097e+00 1.036545179562975960e+01 -6.523251111314905870e+01 -2.275229339823572161e+01 -4.574795538515215299e+01 3.244118644234039728e+00 -2.917690027697334987e-01 2.303606201744525794e+00 -4.356536332510251697e+01 -6.457509962480794563e+00 1.300591703802240673e+01 -8.668896060716615182e+01 -1.731356449151360888e+00 -6.588703551929549462e+01
9.823208435780423997e+01 1.170357192653269784e+01 8.073385545750467074e+00 -3.002563850877513119e+02 1.271896726409867995e+02 3.457975883802514971e+01 2.032236029869679328e+02 3.654772984864643490e+02 3.105144669239230026e+01 1.185001606863649641e+02 2.181778877991979471e+02 6.075396077551327068e+01 7.751584975293458513e+01 4.963721735109982802e+01 1.116751437262081481e+02 5.330260162102080201e+00 2.613046506625327652e+02 4.828339989295567136e+01 3.524139386057400714e+01 1.135887453791195867e+01
-2.848256709015987553e+01 8.347104142952324057e-01 -2.925969634255130813e+01 1.271896726409867853e+02 2.158737959286393391e+02 8.455857689236955466e+00 6.206045907297971809e+01 1.263494857859498524e+02 -1.041180915240204854e+02 -4.397361938559440020e+00 -1.479724855172505471e+01 2.364570109196230518e+01 2.247200855915371775e+01 1.871636876636894087e+01 -4.257739096619242503e+01 -9.637987105375534824e+00 1.000555043651472147e+02 -1.362843384897275314e+02 7.439251903947570632e+00 -1.110928277183702733e+02
5.517504334658216436e+00 8.908896840167289666e-01 -1.033261925092014089e+00 3.457975883802514971e+01 8.455857689236957242e+00 -3.570369420961719698e+02 1.809671430418932658e+01 3.335921815323519724e+01 -3.509093566509592588e+00 8.310725182280783940e+00 1.493128731163205103e+01 5.691303657274663585e+00 6.836389056188525437e+00 4.616626117496148041e+00 5.709394228412088879e+00 -1.475575511295744158e-01 2.438759715937440475e+01 -4.041799812402651959e+00 2.954668878462251236e+00 -5.315760399544622317e+00
4.606365576368779102e+01 5.918510442918234915e+00 1.045727167579544314e+00 2.032236029869679612e+02 6.206045907297971809e+01 1.809671430418932658e+01 -4.583877390871555804e+02 1.950302745590512359e+02 4.879010919085141396e+00 5.861776703655085896e+01 1.072426501720241703e+02 3.268921251848441756e+01 4.092455943187385969e+01 2.664640484937157439e+01 5.132950222786222128e+01 1.675759002533912190e+00 1.404298211706801283e+02 1.019388540213642713e+01 1.832301895138717285e+01 -5.646548689431909906e+00
9.909676982311991367e+01 1.145773604118527800e+01 1.036545179562975605e+01 3.654772984864642922e+02 1.263494857859498524e+02 3.335921815323519724e+01 1.950302745590512359e+02 -3.904737383550788081e+02 3.917244020033464835e+01 1.170711712058600824e+02 2.160997697442584240e+02 5.788437359695831930e+01 7.448964953937520761e+01 4.734242940633022556e+01 1.134994880862722653e+02 6.044868184055351534e+00 2.490982242922823673e+02 5.879778770471948235e+01 3.409472629522205267e+01 2.035310069213292650e+01
-1.182455758936194457e+02 -5.368298943655261724e+00 -6.523251111314905870e+01 3.105144669239230026e+01 -1.041180915240204854e+02 -3.509093566509592588e+00 4.879010919085134290e+00 3.917244020033465546e+01 6.314685533289737123e+02 -8.085284633438141100e+01 -1.626824901994597781e+02 1.196108067029708977e+01 -6.133132495747846136e-01 8.529612043833072477e+00 -1.554565834299631319e+02 -2.310521751961201176e+01 4.805172641541555834e+01 -3.103061125081812293e+02 -6.006426519301260925e+00 -2.359861159998235962e+02
-1.789909897370332814e+01 1.210142157085818182e+00 -2.275229339823572161e+01 1.185001606863649641e+02 -4.397361938559440020e+00 8.310725182280783940e+00 5.861776703655085896e+01 1.170711712058600824e+02 -8.085284633438141100e+01 1.610948684659471724e+02 -1.440622630324586595e+00 2.154995551724158531e+01 2.141012995477963088e+01 1.713031424701994254e+01 -2.841002993669652099e+01 -7.368909457873773050e+00 9.138622919157867841e+01 -1.054723832428904302e+02 7.538133063251311938e+00 -8.729271766368682961e+01
-4.034528625938106927e+01 1.858061809654741658e+00 -4.574795538515214588e+01 2.181778877991979471e+02 -1.479724855172505471e+01 1.493128731163204925e+01 1.072426501720241703e+02 2.160997697442584240e+02 -1.626824901994597781e+02 -1.440622630324586595e+00 1.797848022396708814e+02 4.008786651640323129e+01 3.901447035546314623e+01 3.180264512780929920e+01 -6.194004281567811177e+01 -1.494536843360558720e+01 1.698255294572160494e+02 -2.125876603286754403e+02 1.335947004142555983e+01 -1.745892590405619558e+02
1.938718947301992657e+01 2.050543950671193105e+00 3.244118644234038840e+00 6.075396077551328489e+01 2.364570109196230874e+01 5.691303657274663585e+00 3.268921251848442466e+01 5.788437359695831930e+01 1.196108067029709332e+01 2.154995551724158176e+01 4.008786651640323129e+01 -9.665398145877322804e+02 1.254226514746144794e+01 7.766119535280666675e+00 2.266563761126825227e+01 1.548241764069707926e+00 4.078944797690301982e+01 1.702813663405720490e+01 5.872461776275375911e+00 8.852395498866243884e+00
1.624693353836504173e+01 2.191256970709284158e+00 -2.917690027697343869e-01 7.751584975293458513e+01 2.247200855915372131e+01 6.836389056188525437e+00 4.092455943187385969e+01 7.448964953937522182e+01 -6.133132495747855017e-01 2.141012995477963088e+01 3.901447035546314623e+01 1.254226514746144794e+01 -4.924626099637659422e+02 1.021085896841601581e+01 1.785398979425013977e+01 3.924564924879690997e-01 5.384521566420655603e+01 5.945122781173148852e-01 6.895967906062344888e+00 -4.637030982345741847e+00
1.517509905089921141e+01 1.642059904308947882e+00 2.303606201744524906e+00 4.963721735109982802e+01 1.871636876636894442e+01 4.616626117496148041e+00 2.664640484937157439e+01 4.734242940633022556e+01 8.529612043833072477e+00 1.713031424701994254e+01 3.180264512780929920e+01 7.766119535280665787e+00 1.021085896841601759e+01 -8.976312723537869260e+02 1.765198581809598366e+01 1.141013976335692792e+00 3.346689061922903363e+01 1.225790369354831455e+01 4.751204247391857649e+00 5.985263003392358172e+00
-5.925417055394763821e+01 -9.817039193182788281e-01 -4.356536332510250276e+01 1.116751437262081481e+02 -4.257739096619242503e+01 5.709394228412087990e+00 5.132950222786222128e+01 1.134994880862722937e+02 -1.554565834299631604e+02 -2.841002993669649968e+01 -6.194004281567806913e+01 2.266563761126824872e+01 1.785398979425014332e+01 1.765198581809598366e+01 3.489788564760296481e+02 -1.484806856875758641e+01 9.512038682424618230e+01 -2.049072690510659811e+02 4.124704647544879421e+00 -1.618119113740202692e+02
-1.121618621179032615e+01 -4.668197499703024000e-01 -6.457509962480794563e+00 5.330260162102081978e+00 -9.637987105375534824e+00 -1.475575511295744158e-01 1.675759002533910191e+00 6.044868184055349758e+00 -2.310521751961201176e+01 -7.368909457873777491e+00 -1.494536843360558720e+01 1.548241764069707038e+00 3.924564924879683225e-01 1.141013976335692348e+00 -1.484806856875758996e+01 7.647272217853958409e+02 6.320672636803528199e+00 -3.066007529385993635e+01 -3.927109172935566717e-01 -2.346522711986650833e+01
8.157029570082094949e+01 8.728600429161822660e+00 1.300591703802240673e+01 2.613046506625327652e+02 1.000555043651472147e+02 2.438759715937440120e+01 1.404298211706801283e+02 2.490982242922823389e+02 4.805172641541554412e+01 9.138622919157867841e+01 1.698255294572160494e+02 4.078944797690301982e+01 5.384521566420654892e+01 3.346689061922903363e+01 9.512038682424619651e+01 6.320672636803529976e+00 -7.621781345197447308e+02 6.872152927399591249e+01 2.513009178941111799e+01 3.466891653762891679e+01
-1.556175823225676140e+02 -6.933119468241507377e+00 -8.668896060716613761e+01 4.828339989295567136e+01 -1.362843384897275030e+02 -4.041799812402651959e+00 1.019388540213642713e+01 5.879778770471951077e+01 -3.103061125081812293e+02 -1.054723832428904302e+02 -2.125876603286754403e+02 1.702813663405720490e+01 5.945122781173148852e-01 1.225790369354831455e+01 -2.049072690510659811e+02 -3.066007529385993635e+01 6.872152927399592670e+01 4.288069986310658237e+02 -7.354144875841599038e+00 -3.139321511062749437e+02
4.323484993534366438e+00 8.428687875410172392e-01 -1.731356449151361332e+00 3.524139386057400003e+01 7.439251903947570632e+00 2.954668878462250792e+00 1.832301895138717285e+01 3.409472629522205267e+01 -6.006426519301259148e+00 7.538133063251311938e+00 1.335947004142555983e+01 5.872461776275375911e+00 6.895967906062344888e+00 4.751204247391857649e+00 4.124704647544882974e+00 -3.927109172935566717e-01 2.513009178941111799e+01 -7.354144875841595486e+00 -2.650801445697931058e+02 -7.856441446099168502e+00
-1.237690413787861985e+02 -5.994872364227731509e+00 -6.588703551929549462e+01 1.135887453791195867e+01 -1.110928277183702590e+02 -5.315760399544620540e+00 -5.646548689431924117e+00 2.035310069213295492e+01 -2.359861159998236531e+02 -8.729271766368682961e+01 -1.745892590405619558e+02 8.852395498866247436e+00 -4.637030982345741847e+00 5.985263003392354619e+00 -1.618119113740202692e+02 -2.346522711986650833e+01 3.466891653762890257e+01 -3.139321511062749437e+02 -7.856441446099166726e+00 7.255719916294905261e+02
