9.570000000000000000e+02
8.630000000000000000e+02
-8.560000000000000000e+02
8.030000000000000000e+02
-7.440000000000000000e+02
-6.960000000000000000e+02
-6.920000000000000000e+02
-5.700000000000000000e+02
5.490000000000000000e+02
-5.260000000000000000e+02
3.870000000000000000e+02
-3.560000000000000000e+02
-3.220000000000000000e+02
-3.140000000000000000e+02
2.610000000000000000e+02
2.550000000000000000e+02
-2.520000000000000000e+02
-1.880000000000000000e+02
1.410000000000000000e+02
-1.000000000000000000e+02
