8.430000000000000000e+02
-8.340000000000000000e+02
8.290000000000000000e+02
-7.900000000000000000e+02
7.770000000000000000e+02
7.630000000000000000e+02
6.970000000000000000e+02
-6.700000000000000000e+02
5.710000000000000000e+02
5.050000000000000000e+02
-4.780000000000000000e+02
-4.020000000000000000e+02
-4.000000000000000000e+02
3.950000000000000000e+02
-3.540000000000000000e+02
-3.440000000000000000e+02
3.210000000000000000e+02
-2.120000000000000000e+02
-1.740000000000000000e+02
-1.520000000000000000e+02
