-8.338350215402681442e+02 6.289234668362248648e+00 1.621932837731413279e+00 1.256285175513156638e+01 3.110895216789333784e+00 2.829614051614050219e+00 6.299676050389830806e-01 1.117444670828175290e+01 1.468429538511416776e+00 -4.507930644732611292e+00 3.385711039653110532e+01 2.578478767075108813e+00 2.392612036054163482e+01 4.704320105778653982e+01 2.508317818173044245e+01 -3.880784921395435405e-01 7.467550395344524361e-01 3.645139625140556205e+01 8.082135848316902127e+00 4.576955320451203590e+01
6.289234668362252201e+00 3.628629791521210564e+02 -1.884690521962478158e+02 -7.173397152106849717e+01 -1.124858566601022289e+02 -7.579733419863234190e+01 -2.288444260623197124e+02 -5.957250800917550748e+01 -8.801275820467114386e+01 -3.040546481080090189e+02 2.874157624165113489e+01 -2.481378500300494494e+01 3.211273923307778944e+01 -9.854003499505616048e+00 1.299647914377015567e+01 -5.167956707598700916e+01 -9.443057696571610649e+00 1.958968234339597103e+00 -1.581826930680393559e+02 6.428242976322479763e+00
1.621932837731415056e+00 -1.884690521962478158e+02 5.770069312425632688e+02 -6.892467395539000563e+01 -9.798768113027962556e+01 -6.647409566461305985e+01 -1.958816134371526800e+02 -5.769059320946437452e+01 -7.608138258386239272e+01 -2.570065942804092742e+02 3.954320900210110068e+00 -2.276682628991076740e+01 1.287641749652711276e+01 -3.703991408760022352e+01 -4.158285651822749784e+00 -4.391295968869740562e+01 -8.521398303643085370e+00 -2.050405837102375628e+01 -1.400503745085679839e+02 -2.235533078097353155e+01
1.256285175513156460e+01 -7.173397152106851138e+01 -6.892467395539000563e+01 3.047892238329898262e+01 -3.760082663570330652e+01 -2.412667742922963043e+01 -8.590061778614106913e+01 -4.191981080695144968e+00 -3.101367513581608293e+01 -1.229523166690724878e+02 6.679055393360104631e+01 -5.171963137275499278e+00 5.168306893476565733e+01 7.388754511192168195e+01 4.633000675952005309e+01 -2.027397534321004713e+01 -2.355205503033644732e+00 6.089670103449794425e+01 -4.675790138786025807e+01 7.797154020456555656e+01
3.110895216789333340e+00 -1.124858566601022574e+02 -9.798768113027962556e+01 -3.760082663570332073e+01 5.304622655908889328e+02 -3.946374205651056855e+01 -1.189451625748353649e+02 -3.124509904988357789e+01 -4.577723082622021877e+01 -1.579001298770227777e+02 1.407140740253769806e+01 -1.296148157507479581e+01 1.607722458648516550e+01 -6.323528533880963920e+00 6.113044830433690180e+00 -2.684763792507335012e+01 -4.926587474160395885e+00 8.633641262751545753e-02 -8.241317207569925074e+01 2.170811674518546397e+00
2.829614051614050219e+00 -7.579733419863234190e+01 -6.647409566461304564e+01 -2.412667742922963043e+01 -3.946374205651056144e+01 4.984798933360273736e+02 -8.084638915990063879e+01 -1.996345871306522923e+01 -3.097270014459293463e+01 -1.079421634441259101e+02 1.348993616204820789e+01 -8.519477922501968337e+00 1.370555559072538543e+01 1.140658034297079126e+00 7.060714804489280461e+00 -1.830954456282090703e+01 -3.265198997483421017e+00 4.275931582296987443e+00 -5.513123746786605039e+01 6.772067392242256290e+00
6.299676050389830806e-01 -2.288444260623197124e+02 -1.958816134371526800e+02 -8.590061778614108334e+01 -1.189451625748353507e+02 -8.084638915990065300e+01 5.564271630873919321e+02 -7.204159514364364725e+01 -9.214961650344145028e+01 -3.092466348917967593e+02 -2.518891056301466591e+00 -2.803583069213821943e+01 1.038931674188629373e+01 -5.484055003575159759e+01 -1.042146953723641545e+01 -5.292116552574530886e+01 -1.044650913146391424e+01 -3.259990014960735039e+01 -1.707872350675589814e+02 -3.684134461740126198e+01
1.117444670828175290e+01 -5.957250800917550748e+01 -5.769059320946437452e+01 -4.191981080695144080e+00 -3.124509904988357789e+01 -1.996345871306523634e+01 -7.204159514364363304e+01 1.062141775596823301e+01 -2.588336808637706810e+01 -1.036674352880196466e+02 5.951937657389469649e+01 -4.078298823940895268e+00 4.582466448029381212e+01 6.682213822638797751e+01 4.144931126929950693e+01 -1.705778503986810435e+01 -1.900787214279242132e+00 5.483672886026330673e+01 -3.842439119198674291e+01 7.012032674686987832e+01
1.468429538511416776e+00 -8.801275820467114386e+01 -7.608138258386239272e+01 -3.101367513581608293e+01 -4.577723082622021877e+01 -3.097270014459293463e+01 -9.214961650344142186e+01 -2.588336808637706810e+01 6.353485418799594981e+02 -1.215148334097871015e+02 5.732461970826713937e+00 -1.042390083671106282e+01 8.797638487589530598e+00 -1.206022799006229107e+01 9.099323336720255284e-01 -2.071871781810224178e+01 -3.926525628472996576e+00 -5.486019807677171123e+00 -6.501212703859621911e+01 -5.292294452820925699e+00
-4.507930644732605074e+00 -3.040546481080090189e+02 -2.570065942804093311e+02 -1.229523166690724736e+02 -1.579001298770227493e+02 -1.079421634441259101e+02 -3.092466348917968730e+02 -1.036674352880196466e+02 -1.215148334097870872e+02 5.853639122787407132e+02 -3.255825515213381749e+01 -3.881296980774308736e+01 -7.128539659424358632e+00 -1.122324835540009360e+02 -3.528470883095278054e+01 -6.872088766766417223e+01 -1.427717745455460907e+01 -7.405362792500034175e+01 -2.298463502616733649e+02 -8.764432500421966665e+01
3.385711039653110532e+01 2.874157624165113489e+01 3.954320900210095857e+00 6.679055393360104631e+01 1.407140740253769096e+01 1.348993616204819190e+01 -2.518891056301470144e+00 5.951937657389469649e+01 5.732461970826706832e+00 -3.255825515213382459e+01 -6.082130212435573640e+02 1.344563294098460915e+01 1.315992749085891660e+02 2.568470190214935087e+02 1.374248918144506888e+02 -3.467304421109053791e+00 3.835207304917032101e+00 1.992677100894445346e+02 4.005008360744470508e+01 2.503103748078006561e+02
2.578478767075108813e+00 -2.481378500300494494e+01 -2.276682628991077451e+01 -5.171963137275498390e+00 -1.296148157507479581e+01 -8.519477922501968337e+00 -2.803583069213821588e+01 -4.078298823940895268e+00 -1.042390083671106460e+01 -3.881296980774308736e+01 1.344563294098460915e+01 2.186941399262572361e+02 1.095707857306137711e+01 1.254240997240554734e+01 8.938123736500113381e+00 -6.486382671993993654e+00 -9.460902815224643270e-01 1.090160920854860649e+01 -1.714279342465573919e+01 1.417779083911785420e+01
2.392612036054163482e+01 3.211273923307778944e+01 1.287641749652711276e+01 5.168306893476565733e+01 1.607722458648516550e+01 1.370555559072538543e+01 1.038931674188629195e+01 4.582466448029381212e+01 8.797638487589519940e+00 -7.128539659424355079e+00 1.315992749085891091e+02 1.095707857306137711e+01 -8.414100637412410606e+02 1.845759367020511661e+02 9.778308043709097319e+01 2.692255011966890876e-01 3.251410766521519946e+00 1.426864157177446373e+02 3.712798561621698212e+01 1.790243006059317850e+02
4.704320105778653982e+01 -9.854003499505573416e+00 -3.703991408760022352e+01 7.388754511192168195e+01 -6.323528533880960367e+00 1.140658034297086232e+00 -5.484055003575161180e+01 6.682213822638799172e+01 -1.206022799006229640e+01 -1.122324835540009218e+02 2.568470190214935087e+02 1.254240997240554734e+01 1.845759367020511661e+02 -2.140616924013446862e+02 1.881296700355377709e+02 -1.629082659639341557e+01 3.045855648483903000e+00 2.689941259865644838e+02 1.841504784578177834e+01 3.387892143247761396e+02
2.508317818173044245e+01 1.299647914377018054e+01 -4.158285651822749784e+00 4.633000675952006731e+01 6.113044830433691956e+00 7.060714804489287566e+00 -1.042146953723642255e+01 4.144931126929950693e+01 9.099323336720255284e-01 -3.528470883095274502e+01 1.374248918144506888e+02 8.938123736500116934e+00 9.778308043709097319e+01 1.881296700355377993e+02 -6.106576515449361295e+02 -4.480635134036393907e+00 2.460888966299554781e+00 1.463150189308780398e+02 2.346679842141691807e+01 1.839424158815362773e+02
-3.880784921395454279e-01 -5.167956707598700916e+01 -4.391295968869739852e+01 -2.027397534321004713e+01 -2.684763792507335367e+01 -1.830954456282090348e+01 -5.292116552574529464e+01 -1.705778503986810435e+01 -2.071871781810224888e+01 -6.872088766766417223e+01 -3.467304421109049350e+00 -6.486382671993994542e+00 2.692255011966855349e-01 -1.629082659639341912e+01 -4.480635134036393907e+00 8.872069551148773598e+02 -2.398549688925789347e+00 -1.041208077224475304e+01 -3.885928202042289570e+01 -1.215927063760273441e+01
7.467550395344526581e-01 -9.443057696571610649e+00 -8.521398303643085370e+00 -2.355205503033644732e+00 -4.926587474160395885e+00 -3.265198997483421017e+00 -1.044650913146391247e+01 -1.900787214279242132e+00 -3.926525628472997020e+00 -1.427717745455460907e+01 3.835207304917032101e+00 -9.460902815224643270e-01 3.251410766521519946e+00 3.045855648483903000e+00 2.460888966299554781e+00 -2.398549688925789347e+00 3.126225233243632715e+02 2.800014610222580025e+00 -6.652337823966197661e+00 3.697759079517406899e+00
3.645139625140556205e+01 1.958968234339597103e+00 -2.050405837102374562e+01 6.089670103449793714e+01 8.633641262752966838e-02 4.275931582296985667e+00 -3.259990014960732907e+01 5.483672886026329962e+01 -5.486019807677170235e+00 -7.405362792500035596e+01 1.992677100894445346e+02 1.090160920854861182e+01 1.426864157177446373e+02 2.689941259865644838e+02 1.463150189308780398e+02 -1.041208077224474948e+01 2.800014610222580913e+00 -4.000514091815907136e+02 2.144364524634541525e+01 2.642464068354075835e+02
8.082135848316905680e+00 -1.581826930680393559e+02 -1.400503745085679839e+02 -4.675790138786025807e+01 -8.241317207569923653e+01 -5.513123746786605039e+01 -1.707872350675589530e+02 -3.842439119198674291e+01 -6.501212703859621911e+01 -2.298463502616733933e+02 4.005008360744470508e+01 -1.714279342465573919e+01 3.712798561621698923e+01 1.841504784578176412e+01 2.346679842141689676e+01 -3.885928202042290280e+01 -6.652337823966197661e+00 2.144364524634541525e+01 3.311388993484799244e+02 2.989302477897432198e+01
4.576955320451204301e+01 6.428242976322465552e+00 -2.235533078097350312e+01 7.797154020456555656e+01 2.170811674518553502e+00 6.772067392242263395e+00 -3.684134461740126198e+01 7.012032674686989253e+01 -5.292294452820918593e+00 -8.764432500421963823e+01 2.503103748078006845e+02 1.417779083911785776e+01 1.790243006059317850e+02 3.387892143247761396e+02 1.839424158815362773e+02 -1.215927063760272731e+01 3.697759079517406899e+00 2.642464068354075835e+02 2.989302477897432198e+01 -2.954856847680001692e+02
