-9.680000000000000000e+02
-9.600000000000000000e+02
9.190000000000000000e+02
8.770000000000000000e+02
-7.200000000000000000e+02
-6.820000000000000000e+02
6.730000000000000000e+02
6.610000000000000000e+02
6.510000000000000000e+02
6.350000000000000000e+02
-6.000000000000000000e+02
-5.840000000000000000e+02
4.950000000000000000e+02
-4.320000000000000000e+02
-4.240000000000000000e+02
3.950000000000000000e+02
-3.440000000000000000e+02
-2.820000000000000000e+02
-2.400000000000000000e+02
5.000000000000000000e+00
