5.620792182308059637e+02 -3.729620462356023070e-01 -5.400713900577790838e+01 -3.110755873757604650e+00 -5.854663171556791212e+01 -1.795143615125590841e+00 -7.316833478161261439e+01 -9.770447102922044991e+00 -1.255825317631384479e+02 -5.429613023597734411e+01 -4.783354345253923867e+01 -9.847109777626096516e+00 -6.026924047818278396e+00 -1.111545157588381194e+01 -1.113964508880267879e+01 -9.925833748621752761e+01 -4.677770984257761455e+01 -3.655638714014352786e+01 -3.351670641831410791e+01 -2.025041272225324107e+01
-3.729620462356022514e-01 8.629969609125291754e+02 -4.825673632037349448e-01 -3.673669284790946621e-02 -5.369683580060311545e-01 -1.512548023053632007e-01 -6.321095264936416047e-01 -1.287214265800654123e-01 -1.025844508481413841e+00 -4.783137135596054468e-01 -5.132795280419323314e-01 -1.734410172353194335e-01 -7.449369919454326694e-02 -9.626584912751859346e-02 -9.217077550986403633e-02 -8.767561510009511672e-01 -4.534544101702185914e-01 -3.360873286846460251e-01 -3.207096198946088883e-01 -2.415831528129698536e-01
-5.400713900577789417e+01 -4.825673632037349448e-01 -1.962876450162742614e+01 2.742931507988921158e+00 -4.015565410250989231e+01 7.886992394516887828e+01 -7.333909533109083156e+01 1.654065372843377446e+01 -1.609831067033402405e+02 -4.892988142696499665e+01 1.150513467122180700e+01 4.264550333035010965e+01 7.286238648498389203e+00 -1.099983620449826560e+01 -1.358185115271767174e+01 -8.804912231264675881e+01 -1.756795470665738179e+01 -2.459443583738767458e+01 -1.508061362622775547e+01 1.930266312848026899e+01
-3.110755873757605539e+00 -3.673669284790947315e-02 2.742931507988923823e+00 -6.181453375036304578e+02 5.599619188671831616e+00 2.574906837502501133e+01 -3.955388449042260834e-01 8.355949663669408167e+00 -1.188917450337887161e+01 1.460459223454053657e+00 1.872469767762339643e+01 1.671569940016242128e+01 4.222981463407956326e+00 -1.488780409668510885e-02 -8.317471557609756871e-01 3.116642978035311984e+00 9.109050488935313439e+00 3.649234151842752460e+00 5.730681035723939054e+00 1.253544583782466226e+01
-5.854663171556789791e+01 -5.369683580060311545e-01 -4.015565410250988521e+01 5.599619188671831616e+00 -1.292837288806527170e+02 1.183225540984415574e+02 -7.357736221670552368e+01 2.938977483586835859e+01 -1.785644971150611582e+02 -4.641986916511267935e+01 4.042883197417243224e+01 6.830085979383233052e+01 1.378547896408856666e+01 -1.096679191739250925e+01 -1.479998812895973082e+01 -8.277617666356576365e+01 -3.379254284087366500e+00 -1.882069138158874111e+01 -6.133685866135117237e+00 3.860678629799510020e+01
-1.795143615125590841e+00 -1.512548023053632562e-01 7.886992394516887828e+01 2.574906837502501133e+01 1.183225540984415289e+02 -6.686874677374809153e+02 5.546199323731285347e+01 1.125049198788423155e+02 -4.492210206970003128e+01 6.307923921781778631e+01 2.735248692403353630e+02 2.170544193780107776e+02 5.775754132548771480e+01 8.990526390073174667e+00 -1.199200125985449228e+00 1.208989604976080017e+02 1.524698774195233852e+02 7.579069989502291094e+01 9.929665596419495444e+01 1.733952567349835476e+02
-7.316833478161260018e+01 -6.321095264936417157e-01 -7.333909533109083156e+01 -3.955388449042291921e-01 -7.357736221670552368e+01 5.546199323731285347e+01 1.263625905280105428e+02 4.468490575880642801e+00 -2.117570954934323026e+02 -7.665868467733490377e+01 -2.818358132040426511e+01 2.322024512833979770e+01 6.545838304426530030e-01 -1.640177616678862904e+01 -1.828073070176151305e+01 -1.391309257895243547e+02 -4.832751022142905128e+01 -4.559663282102000892e+01 -3.642351614828515238e+01 -1.532429942445688198e+00
-9.770447102922050320e+00 -1.287214265800654678e-01 1.654065372843377091e+01 8.355949663669406391e+00 2.938977483586835859e+01 1.125049198788423155e+02 4.468490575880626814e+00 -6.727126659248106080e+02 -4.124525126269501385e+01 1.096920686799412259e+01 8.575250472735346818e+01 7.377058077293074234e+01 1.893670353855760524e+01 8.760646804185321379e-01 -2.686154060539672983e+00 2.200223111100226703e+01 4.370640557477533861e+01 1.901782806361686795e+01 2.784263260302225262e+01 5.641128598261145299e+01
-1.255825317631384195e+02 -1.025844508481413841e+00 -1.609831067033402405e+02 -1.188917450337887516e+01 -1.785644971150611582e+02 -4.492210206970003128e+01 -2.117570954934323026e+02 -4.124525126269501385e+01 4.788397340826163031e+02 -1.598439805137141434e+02 -1.677126423875606349e+02 -5.436068015005896115e+01 -2.400576133768839071e+01 -3.223903391664693174e+01 -3.104944359761778117e+01 -2.928986146447381884e+02 -1.498183008059167207e+02 -1.117310023351071919e+02 -1.061186293081029390e+02 -7.810865834610623892e+01
-5.429613023597734411e+01 -4.783137135596055023e-01 -4.892988142696499665e+01 1.460459223454051658e+00 -4.641986916511267935e+01 6.307923921781778631e+01 -7.665868467733490377e+01 1.096920686799412259e+01 -1.598439805137141434e+02 5.253706590778104157e+01 -2.242174891526184766e+00 3.197205013062492895e+01 4.417505448008136604e+00 -1.153170166417600306e+01 -1.361672431737703270e+01 -9.478034716646462243e+01 -2.539968417071417761e+01 -2.859901146395674232e+01 -2.020665087279069994e+01 1.067229113016272635e+01
-4.783354345253924578e+01 -5.132795280419321093e-01 1.150513467122181410e+01 1.872469767762339643e+01 4.042883197417242513e+01 2.735248692403353630e+02 -2.818358132040429354e+01 8.575250472735348239e+01 -1.677126423875606349e+02 -2.242174891526195424e+00 -3.163374378417581738e+02 1.747215320767156754e+02 4.298130634775048975e+01 -3.800352251405952231e+00 -1.250419718024433813e+01 6.574096151196791027e-01 8.164462927681132953e+01 2.687078534379708117e+01 5.002485514721333004e+01 1.268118929312681189e+02
-9.847109777626110727e+00 -1.734410172353194335e-01 4.264550333035012386e+01 1.671569940016242128e+01 6.830085979383231631e+01 2.170544193780107776e+02 2.322024512833981902e+01 7.377058077293075655e+01 -5.436068015005896115e+01 3.197205013062494317e+01 1.747215320767156754e+02 -6.959436745677645604e+02 3.767773349986318010e+01 3.907412876507157851e+00 -2.948949672000058531e+00 6.220280972304082923e+01 9.352560538000028600e+01 4.393145679839302176e+01 6.032182788813845775e+01 1.126983532977775297e+02
-6.026924047818278396e+00 -7.449369919454326694e-02 7.286238648498389203e+00 4.222981463407955438e+00 1.378547896408855955e+01 5.775754132548772191e+01 6.545838304426534471e-01 1.893670353855760524e+01 -2.400576133768837650e+01 4.417505448008134827e+00 4.298130634775048264e+01 3.767773349986317299e+01 -6.524067112689514261e+02 2.007653488471670689e-01 -1.629816510350956538e+00 9.077139975746788991e+00 2.140440113202676997e+01 8.950242046796994089e+00 1.355203473354989541e+01 2.852631440734076307e+01
-1.111545157588381372e+01 -9.626584912751860734e-02 -1.099983620449826383e+01 -1.488780409668510885e-02 -1.096679191739250925e+01 8.990526390073178220e+00 -1.640177616678862904e+01 8.760646804185324710e-01 -3.223903391664693174e+01 -1.153170166417600306e+01 -3.800352251405952231e+00 3.907412876507154742e+00 2.007653488471675129e-01 2.145247878616116566e+02 -2.778455490225241853e+00 -2.091809351735544453e+01 -7.072097753939708298e+00 -6.791905901225433695e+00 -5.357508536589668857e+00 7.153534300817732117e-02
-1.113964508880267879e+01 -9.217077550986403633e-02 -1.358185115271766996e+01 -8.317471557609754651e-01 -1.479998812895973082e+01 -1.199200125985449006e+00 -1.828073070176151305e+01 -2.686154060539672983e+00 -3.104944359761778117e+01 -1.361672431737703093e+01 -1.250419718024433635e+01 -2.948949672000058086e+00 -1.629816510350956538e+00 -2.778455490225241853e+00 6.462393019597711827e+02 -2.490564969401416207e+01 -1.196000564696313617e+01 -9.245534171366726284e+00 -8.546266749465306845e+00 -5.427974269872308355e+00
-9.925833748621752761e+01 -8.767561510009511672e-01 -8.804912231264675881e+01 3.116642978035308431e+00 -8.277617666356576365e+01 1.208989604976080017e+02 -1.391309257895243547e+02 2.200223111100226703e+01 -2.928986146447381316e+02 -9.478034716646462243e+01 6.574096151196933135e-01 6.220280972304082923e+01 9.077139975746790768e+00 -2.091809351735544453e+01 -2.490564969401415851e+01 -8.211100948983884962e+01 -4.376779446657962325e+01 -5.094763087392087186e+01 -3.520181138821643430e+01 2.251814497414292759e+01
-4.677770984257761455e+01 -4.534544101702185914e-01 -1.756795470665738179e+01 9.109050488935313439e+00 -3.379254284087366500e+00 1.524698774195233852e+02 -4.832751022142905128e+01 4.370640557477533150e+01 -1.498183008059166923e+02 -2.539968417071418472e+01 8.164462927681134374e+01 9.352560538000028600e+01 2.140440113202677352e+01 -7.072097753939710074e+00 -1.196000564696313617e+01 -4.376779446657963035e+01 -2.630510528149097240e+02 -1.198255805483442238e+00 1.312761869416320692e+01 6.205378322827893101e+01
-3.655638714014352786e+01 -3.360873286846460251e-01 -2.459443583738767103e+01 3.649234151842752460e+00 -1.882069138158873756e+01 7.579069989502291094e+01 -4.559663282102002313e+01 1.901782806361687506e+01 -1.117310023351071919e+02 -2.859901146395674232e+01 2.687078534379708117e+01 4.393145679839302176e+01 8.950242046796994089e+00 -6.791905901225434583e+00 -9.245534171366726284e+00 -5.094763087392086476e+01 -1.198255805483440462e+00 -1.192952422459078718e+02 -3.235362685406617533e+00 2.513508703682734335e+01
-3.351670641831410791e+01 -3.207096198946088883e-01 -1.508061362622776258e+01 5.730681035723938166e+00 -6.133685866135124343e+00 9.929665596419494022e+01 -3.642351614828514528e+01 2.784263260302225618e+01 -1.061186293081029390e+02 -2.020665087279069638e+01 5.002485514721333004e+01 6.032182788813845775e+01 1.355203473354989363e+01 -5.357508536589669745e+00 -8.546266749465306845e+00 -3.520181138821643430e+01 1.312761869416321048e+01 -3.235362685406621086e+00 -2.436901980434247150e+02 3.910241694637565502e+01
-2.025041272225323397e+01 -2.415831528129698813e-01 1.930266312848028321e+01 1.253544583782466049e+01 3.860678629799511441e+01 1.733952567349835761e+02 -1.532429942445681093e+00 5.641128598261146720e+01 -7.810865834610622471e+01 1.067229113016272635e+01 1.268118929312681189e+02 1.126983532977775013e+02 2.852631440734076307e+01 7.153534300817554481e-02 -5.427974269872307467e+00 2.251814497414292759e+01 6.205378322827894522e+01 2.513508703682735046e+01 3.910241694637566923e+01 -5.452863686623691137e+02
