-4.453122502842410881e+02 7.441305786306853243e+00 1.958411533965708529e+01 -5.390504184140501032e-01 1.010524019643468208e+01 2.470504034398230075e+01 1.996018988136170513e+00 1.437711565037831152e+00 -2.561432204832660631e+01 3.771049243815139818e+01 3.273763439335865399e+01 7.397539767005811839e-01 -1.906442345421472950e+01 -1.114968961891527499e+00 7.519265715882358592e+00 1.884580937629232622e+01 1.056639754066710424e+01 3.762901962380708198e+01 2.503289074456089480e+01 -6.882614070149225327e+00
7.441305786306855019e+00 -2.139452510074579550e+02 3.183553205953643683e+01 -3.735503717014279079e+00 1.221925804697167628e+01 3.567571118230164018e+01 -3.307471948624518987e+00 5.998484947695564840e-01 -7.658502697818745730e+01 6.732793836218745298e+01 5.721628136994573310e+01 9.864367443134220981e-01 -5.835875324083468740e+01 -3.496258173093836685e+00 4.963573182886511503e+00 3.457589871182594266e+01 1.882834995279803536e+01 6.728573216829559556e+01 3.585719402743816175e+01 -2.944990116060593266e+01
1.958411533965708884e+01 3.183553205953644039e+01 -4.225012063020778328e+02 -1.026650621851916467e+00 4.384302104737277261e+01 1.047174410014145707e+02 1.109430161882276522e+01 6.722199997625265766e+00 -9.172355894677613719e+01 1.543669748783508169e+02 1.345354100689366135e+02 3.170413555282001639e+00 -6.769111584172544838e+01 -3.923469195468765491e+00 3.438016022825524232e+01 7.674966631172063103e+01 4.326894340905102609e+01 1.539895334747832862e+02 1.062313286737714861e+02 -2.087154946287439827e+01
-5.390504184140503252e-01 -3.735503717014278191e+00 -1.026650621851915135e+00 4.623432450017230053e+02 -7.424145806146339233e+00 -8.642860083587965647e+00 -1.084071044133342987e+01 -2.921974137911792724e+00 -5.591967877087402172e+01 7.897940749471053401e+00 4.835834508071446436e+00 -3.928584829022255809e-01 -4.384460537171850092e+01 -2.700529453623695453e+00 -1.228941704361891851e+01 5.468847885724531288e+00 2.152701342027849574e+00 8.050065684500566476e+00 -9.235939958502761726e+00 -2.956194262471860412e+01
1.010524019643468208e+01 1.221925804697167450e+01 4.384302104737277261e+01 -7.424145806146341009e+00 -1.265267675227413804e+02 4.555621512720619393e+01 -9.779098939292921955e+00 -5.590542952025481238e-01 -1.333345223346258877e+02 9.752724660377759847e+01 8.198488792173222350e+01 1.186200073490826679e+00 -1.021910268548337513e+02 -6.157461214945655570e+00 1.047512137167402102e+00 5.075883445593695598e+01 2.724691928374052807e+01 9.754106663653057296e+01 4.552592057463353115e+01 -5.511790910930930920e+01
2.470504034398230786e+01 3.567571118230164018e+01 1.047174410014145707e+02 -8.642860083587965647e+00 4.555621512720622235e+01 -1.729352050871587494e+02 -2.527859442847246285e+00 4.187445640138977687e+00 -2.073691792741286690e+02 2.137819982589070094e+02 1.831062357757187726e+02 3.520146498653598854e+00 -1.570772126024599800e+02 -9.354148063988755979e+00 2.558000647928911775e+01 1.087087185753881471e+02 5.982712502238373276e+01 2.135281541201883329e+02 1.241097331198325406e+02 -7.359369172521871860e+01
1.996018988136170513e+00 -3.307471948624519431e+00 1.109430161882276522e+01 -1.084071044133342987e+01 -9.779098939292921955e+00 -2.527859442847246285e+00 2.099881782349712580e+02 -5.586797579547791770e+00 -1.432783019232932133e+02 4.356863678187974642e+01 3.327945817358486380e+01 -3.771612245149228437e-01 -1.116420787930654939e+02 -6.835829591214063861e+00 -2.248957913829718791e+01 2.519565769121118137e+01 1.207227332300027456e+01 4.385496672845703614e+01 -3.637163282768952399e+00 -7.118721472372149606e+01
1.437711565037832484e+00 5.998484947695572611e-01 6.722199997625263990e+00 -2.921974137911792724e+00 -5.590542952025463475e-01 4.187445640138978575e+00 -5.586797579547791770e+00 8.183052741476197411e+01 -4.224430625590802890e+01 1.871282574126541576e+01 1.506475386998557120e+01 4.706891858469187950e-02 -3.274132096371560863e+01 -1.994483299414574029e+00 -4.368130389204182507e+00 1.024078466161016365e+01 5.208075218023387798e+00 1.877123544024792423e+01 3.963547472526908866e+00 -1.984306390158370448e+01
-2.561432204832660631e+01 -7.658502697818744309e+01 -9.172355894677613719e+01 -5.591967877087402172e+01 -1.333345223346259161e+02 -2.073691792741286690e+02 -1.432783019232932133e+02 -4.224430625590803601e+01 3.966318726213015680e+02 -5.343377171036617312e+01 -7.159409355159944255e+01 -7.881730505981372481e+00 -4.701281765423689194e+02 -2.919553216653053340e+01 -1.836070823207429896e+02 -7.718771173872925218e+00 -1.572405855044879530e+01 -5.120774789959523332e+01 -2.160888101788585800e+02 -3.410435118749082335e+02
3.771049243815141239e+01 6.732793836218746719e+01 1.543669748783508169e+02 7.897940749471056066e+00 9.752724660377761268e+01 2.137819982589069809e+02 4.356863678187975353e+01 1.871282574126541931e+01 -5.343377171036614470e+01 -5.663588504098206613e+02 2.410588604988593602e+02 6.748951500010361926e+00 -3.400318874655472001e+01 -1.635240910610971543e+00 9.010964427840681878e+01 1.318068748045706116e+02 7.626955610645575234e+01 2.706156180839231524e+02 2.178593212562839199e+02 2.333044141095071211e+01
3.273763439335864689e+01 5.721628136994574731e+01 1.345354100689366419e+02 4.835834508071447324e+00 8.198488792173222350e+01 1.831062357757187726e+02 3.327945817358486380e+01 1.506475386998557475e+01 -7.159409355159947097e+01 2.410588604988593886e+02 -5.250466505411883418e+02 5.727171677336493794e+00 -4.923262786770477106e+01 -2.630896710294151397e+00 7.333475009174080128e+01 1.176953756313052111e+02 6.765404005193357762e+01 2.402296947600590897e+02 1.864080658646333859e+02 7.256263079249109182e+00
7.397539767005811839e-01 9.864367443134223201e-01 3.170413555282001639e+00 -3.928584829022255809e-01 1.186200073490827123e+00 3.520146498653599743e+00 -3.771612245149227882e-01 4.706891858469185175e-02 -7.881730505981372481e+00 6.748951500010361926e+00 5.727171677336494682e+00 -2.119033392319861377e+02 -6.011359541684309526e+00 -3.604611726926189030e-01 4.413708679211298946e-01 3.472054082088388061e+00 1.887109236561999026e+00 6.745406300277117850e+00 3.535656960762257661e+00 -3.066001390844994567e+00
-1.906442345421472950e+01 -5.835875324083468740e+01 -6.769111584172544838e+01 -4.384460537171848671e+01 -1.021910268548337513e+02 -1.570772126024599800e+02 -1.116420787930654939e+02 -3.274132096371560863e+01 -4.701281765423689194e+02 -3.400318874655472001e+01 -4.923262786770475685e+01 -6.011359541684307750e+00 5.673889555713817572e+02 -2.306326141775793559e+01 -1.420417907158245896e+02 -2.145617138384681155e+00 -1.011576400657586028e+01 -3.227909551085068074e+01 -1.638289163420481032e+02 -2.681421874703514732e+02
-1.114968961891527055e+00 -3.496258173093835797e+00 -3.923469195468764603e+00 -2.700529453623695453e+00 -6.157461214945654682e+00 -9.354148063988755979e+00 -6.835829591214062084e+00 -1.994483299414574029e+00 -2.919553216653053340e+01 -1.635240910610969767e+00 -2.630896710294151397e+00 -3.604611726926189585e-01 -2.306326141775793559e+01 8.915694484933203512e+02 -8.637236465484591008e+00 9.509370605331823878e-02 -4.943295789529456585e-01 -1.530284791316951942e+00 -9.765059728842459208e+00 -1.655891462410652437e+01
7.519265715882362144e+00 4.963573182886516832e+00 3.438016022825524942e+01 -1.228941704361892029e+01 1.047512137167404767e+00 2.558000647928908933e+01 -2.248957913829718080e+01 -4.368130389204182507e+00 -1.836070823207429612e+02 9.010964427840681878e+01 7.333475009174080128e+01 4.413708679211296726e-01 -1.420417907158245896e+02 -8.637236465484587455e+00 2.340004420778998906e+01 4.871690510918111983e+01 2.510256795089828685e+01 9.032459383051481439e+01 2.476122999526433688e+01 -8.452989189318577701e+01
1.884580937629232622e+01 3.457589871182594266e+01 7.674966631172063103e+01 5.468847885724528624e+00 5.075883445593694887e+01 1.087087185753881329e+02 2.519565769121118137e+01 1.024078466161016010e+01 -7.718771173872925218e+00 1.318068748045705831e+02 1.176953756313052111e+02 3.472054082088387617e+00 -2.145617138384681155e+00 9.509370605331823878e-02 4.871690510918111983e+01 -9.365922380078964125e+02 3.702955145851016994e+01 1.312483249750366383e+02 1.109254768270989473e+02 2.144873396023296408e+01
1.056639754066710601e+01 1.882834995279803536e+01 4.326894340905102609e+01 2.152701342027849574e+00 2.724691928374052452e+01 5.982712502238373276e+01 1.207227332300027101e+01 5.208075218023386910e+00 -1.572405855044879530e+01 7.626955610645575234e+01 6.765404005193357762e+01 1.887109236561999026e+00 -1.011576400657585850e+01 -4.943295789529457696e-01 2.510256795089828685e+01 3.702955145851016994e+01 -8.065864124069685204e+02 7.598402820651145362e+01 6.096248674302047732e+01 6.149358304149419752e+00
3.762901962380708909e+01 6.728573216829558135e+01 1.539895334747833147e+02 8.050065684500566476e+00 9.754106663653057296e+01 2.135281541201883613e+02 4.385496672845702903e+01 1.877123544024792778e+01 -5.120774789959524043e+01 2.706156180839231524e+02 2.402296947600591182e+02 6.745406300277116962e+00 -3.227909551085068074e+01 -1.530284791316951054e+00 9.032459383051478596e+01 1.312483249750366383e+02 7.598402820651145362e+01 -5.764128162409862171e+02 2.176165810290227682e+02 2.436834300449903878e+01
2.503289074456089480e+01 3.585719402743816175e+01 1.062313286737714719e+02 -9.235939958502765279e+00 4.552592057463354536e+01 1.241097331198325406e+02 -3.637163282768952399e+00 3.963547472526909754e+00 -2.160888101788585232e+02 2.178593212562839199e+02 1.864080658646333859e+02 3.535656960762257661e+00 -1.638289163420481032e+02 -9.765059728842459208e+00 2.476122999526433688e+01 1.109254768270989615e+02 6.096248674302049153e+01 2.176165810290227682e+02 -1.608877659196434422e+02 -7.764753684440762527e+01
-6.882614070149223551e+00 -2.944990116060593621e+01 -2.087154946287439827e+01 -2.956194262471860412e+01 -5.511790910930930210e+01 -7.359369172521871860e+01 -7.118721472372149606e+01 -1.984306390158370448e+01 -3.410435118749082335e+02 2.333044141095066948e+01 7.256263079249109182e+00 -3.066001390844995012e+00 -2.681421874703515300e+02 -1.655891462410652792e+01 -8.452989189318577701e+01 2.144873396023296408e+01 6.149358304149419752e+00 2.436834300449905300e+01 -7.764753684440765369e+01 4.158564814169167221e+02
