-9.900000000000000000e+02
-9.540000000000000000e+02
9.190000000000000000e+02
-8.580000000000000000e+02
-6.720000000000000000e+02
6.350000000000000000e+02
6.210000000000000000e+02
6.170000000000000000e+02
-5.920000000000000000e+02
4.550000000000000000e+02
4.370000000000000000e+02
3.990000000000000000e+02
3.750000000000000000e+02
3.410000000000000000e+02
3.110000000000000000e+02
2.970000000000000000e+02
-2.120000000000000000e+02
-1.320000000000000000e+02
7.500000000000000000e+01
-5.800000000000000000e+01
