-5.806203432513832468e+02 7.077252378983786230e+00 -1.580370683081734562e+01 8.936122551541685333e-01 1.321960831494125443e+02 1.186964785663837034e+02 -1.803229780369053614e+01 -1.080008961299689574e+01 1.584890144066563380e+02 4.981172806801840380e+00 1.290605545556926792e+01 -9.743512634988076293e-01 1.419040725205837239e+00 2.228642677986158205e+01 1.410644082613170838e+02 6.266871562014568298e+01 3.643047113834218464e+01 3.318982951593042241e+00 1.464610798286664419e+02 3.413658996526237388e+00
7.077252378983786230e+00 -6.694856665481935352e+02 -1.217507219728771517e+00 4.797961467061878649e-03 9.593992033260612118e+00 8.600133866390660131e+00 -1.364564190633787089e+00 -8.620488754840859302e-01 1.151626810652442501e+01 3.604018913713579741e-01 9.375176466688588395e-01 -7.491601525845532905e-02 7.477380530632780908e-02 1.602747148481014516e+00 1.024749005781366940e+01 4.555315136777116081e+00 2.599053968673828319e+00 2.314470473464659561e-01 1.063998242961435281e+01 2.166824232137560813e-01
-1.580370683081735272e+01 -1.217507219728770185e+00 5.401806826736561788e+02 -2.142231998926707774e+02 -6.989746340500616384e+01 -1.130822079590927842e+02 -1.893887783637247537e+02 -2.727783423903596827e+02 -3.363494001456211890e+01 -6.554257333138143515e+00 -3.712416306423385937e+00 -1.444610296214087874e+01 -1.011623538911475748e+02 -6.398685764424506317e+01 -3.939040119120268457e+01 -7.512999005285878162e+00 -1.788919098253313109e+02 -3.529958257224454599e+01 -3.927331045820581323e+01 -1.123562582861647456e+02
8.936122551541787473e-01 4.797961467063210916e-03 -2.142231998926707774e+02 4.382419576224249340e+02 -4.104992998765231249e+01 -8.076041657383292716e+01 -1.679452745524168904e+02 -2.396057226250940175e+02 -5.449792854542350184e+00 -4.967101476946232275e+00 -1.293053944048762949e+00 -1.274997454097145244e+01 -8.804220003078977186e+01 -5.246352925960427882e+01 -1.309793473800645103e+01 2.893527485717582337e+00 -1.505767049879168553e+02 -3.029571374806323547e+01 -1.218217255716001901e+01 -9.750728303733231428e+01
1.321960831494125443e+02 9.593992033260612118e+00 -6.989746340500614963e+01 -4.104992998765231960e+01 -2.621031103159596114e+02 1.426127423602764850e+02 -6.244606246516796944e+01 -6.885904990074419629e+01 2.135917077379511966e+02 5.627764507168607544e+00 1.720099101644394679e+01 -4.205862151586296172e+00 -1.799948265717139506e+01 1.833638839229084638e+01 1.882427296534619643e+02 8.559947704262968671e+01 1.530614687357361881e+01 -2.356832854326899707e+00 1.957649084951264626e+02 -1.743770343854075122e+01
1.186964785663837603e+02 8.600133866390658355e+00 -1.130822079590927842e+02 -8.076041657383292716e+01 1.426127423602764850e+02 -1.331906732266823497e+02 -9.550854761092628564e+01 -1.181272008639152205e+02 1.901572025636790215e+02 3.874725826548417906e+00 1.511266663631375806e+01 -6.771353636391530983e+00 -3.686021436507202509e+01 4.083437508066053212e+00 1.656365796549707454e+02 7.740321393623554513e+01 -2.173096005814737453e+01 -9.244814419676274042e+00 1.725942318817201624e+02 -3.858502632306655755e+01
-1.803229780369049706e+01 -1.364564190633787089e+00 -1.893887783637247821e+02 -1.679452745524168904e+02 -6.244606246516795522e+01 -9.550854761092625722e+01 7.156156375544030652e+02 -2.131587369767639473e+02 -3.555054456155894371e+01 -5.425604596523363021e+00 -3.657878654799858964e+00 -1.126536873514225157e+01 -7.936639981306022662e+01 -5.144076302011870894e+01 -3.905093685542826876e+01 -9.521939490002644391e+00 -1.423155908945647354e+02 -2.785784012741235571e+01 -3.927208831071293815e+01 -8.825507016886453471e+01
-1.080008961299689574e+01 -8.620488754840879286e-01 -2.727783423903596827e+02 -2.396057226250939607e+02 -6.885904990074419629e+01 -1.181272008639151920e+02 -2.131587369767639473e+02 4.150576200636227213e+02 -2.643137888814581515e+01 -6.980811931354102384e+00 -3.241445617157442172e+00 -1.623087398308364371e+01 -1.130782597140129297e+02 -7.001253829452494415e+01 -3.410169412306186132e+01 -3.977260538386349964e+00 -1.975667264573155251e+02 -3.925798771995083314e+01 -3.358936906266449540e+01 -1.254608495138149351e+02
1.584890144066563664e+02 1.151626810652442501e+01 -3.363494001456207627e+01 -5.449792854542348408e+00 2.135917077379511966e+02 1.901572025636790215e+02 -3.555054456155893661e+01 -2.643137888814581515e+01 -3.803084589484282674e+02 7.921735667994883379e+00 2.095290703184715397e+01 -2.056790189888848985e+00 -9.455922094128825783e-01 3.432501139052447314e+01 2.290555286667623420e+02 1.020813720724307672e+02 5.371322598023858319e+01 4.280701928468750417e+00 2.378708346565764202e+02 1.950151266811502637e+00
4.981172806801839492e+00 3.604018913713579741e-01 -6.554257333138144404e+00 -4.967101476946234939e+00 5.627764507168608432e+00 3.874725826548419239e+00 -5.425604596523365686e+00 -6.980811931354101496e+00 7.921735667994883379e+00 -1.258797466238628289e+02 6.222873245128595077e-01 -3.918098223306901717e-01 -2.290817928001195991e+00 -2.736145824597105425e-01 6.829445990189184634e+00 3.267862758676666424e+00 -2.186961457462187841e+00 -6.441824298123497439e-01 7.128746897164947249e+00 -2.443323426366591722e+00
1.290605545556926792e+01 9.375176466688588395e-01 -3.712416306423384160e+00 -1.293053944048766279e+00 1.720099101644395034e+01 1.511266663631375806e+01 -3.657878654799858964e+00 -3.241445617157440395e+00 2.095290703184715753e+01 6.222873245128593966e-01 -5.803001841220623191e+02 -2.254245334526876476e-01 -4.774077877414367732e-01 2.555656401790731724e+00 1.858697255017391115e+01 8.323218612692668827e+00 3.687742422443238688e+00 2.106857606927050042e-01 1.930875830583676134e+01 -2.847250510168306548e-01
-9.743512634988069632e-01 -7.491601525845530130e-02 -1.444610296214088230e+01 -1.274997454097145244e+01 -4.205862151586292619e+00 -6.771353636391529207e+00 -1.126536873514225334e+01 -1.623087398308364016e+01 -2.056790189888848985e+00 -3.918098223306901162e-01 -2.254245334526877587e-01 7.881405666669479615e+02 -6.021250416707740527e+00 -3.815960023225651199e+00 -2.393286446329125461e+00 -4.688819343499984749e-01 -1.065953239603131841e+01 -2.102034158732372759e+00 -2.388189806016909777e+00 -6.688156495980622118e+00
1.419040725205836351e+00 7.477380530632780908e-02 -1.011623538911475890e+02 -8.804220003078977186e+01 -1.799948265717138085e+01 -3.686021436507202509e+01 -7.936639981306022662e+01 -1.130782597140129297e+02 -9.455922094128830224e-01 -2.290817928001196435e+00 -4.774077877414377724e-01 -6.021250416707740527e+00 5.635050277943545325e+02 -2.450679129796892752e+01 -4.730011844860924519e+00 2.006307237091129902e+00 -7.061957852245399181e+01 -1.424960256372542666e+01 -4.242961893787514427e+00 -4.593706599239082067e+01
2.228642677986158205e+01 1.602747148481014516e+00 -6.398685764424506317e+01 -5.246352925960427882e+01 1.833638839229085349e+01 4.083437508066060317e+00 -5.144076302011870894e+01 -7.001253829452494415e+01 3.432501139052447314e+01 -2.736145824597108200e-01 2.555656401790731724e+00 -3.815960023225651199e+00 -2.450679129796892752e+01 1.392481215035642208e+02 2.822551165046877486e+01 1.499623898822333956e+01 -3.421935275731043191e+01 -7.792387480004238753e+00 2.970487974991246816e+01 -2.672461367590918968e+01
1.410644082613170838e+02 1.024749005781367117e+01 -3.939040119120271299e+01 -1.309793473800644037e+01 1.882427296534619643e+02 1.656365796549707454e+02 -3.905093685542826876e+01 -3.410169412306186132e+01 2.290555286667623704e+02 6.829445990189184634e+00 1.858697255017391115e+01 -2.393286446329124573e+00 -4.730011844860924519e+00 2.822551165046877486e+01 -3.847628510412635592e+02 9.096071619650963669e+01 4.114389142891698015e+01 2.470916856621206303e+00 2.111215339512253308e+02 -2.571403754813815112e+00
6.266871562014568298e+01 4.555315136777116081e+00 -7.512999005285878162e+00 2.893527485717582781e+00 8.559947704262967250e+01 7.740321393623554513e+01 -9.521939490002644391e+00 -3.977260538386349964e+00 1.020813720724307814e+02 3.267862758676666868e+00 8.323218612692668827e+00 -4.688819343499980308e-01 2.006307237091133455e+00 1.499623898822333956e+01 9.096071619650963669e+01 -6.736983041598010686e+02 2.531819392565580529e+01 2.512389960186197868e+00 9.442299310899780096e+01 3.407667642683438913e+00
3.643047113834218464e+01 2.599053968673829207e+00 -1.788919098253313393e+02 -1.505767049879168553e+02 1.530614687357364012e+01 -2.173096005814737808e+01 -1.423155908945647639e+02 -1.975667264573155251e+02 5.371322598023858319e+01 -2.186961457462187841e+00 3.687742422443240464e+00 -1.065953239603131841e+01 -7.061957852245399181e+01 -3.421935275731043191e+01 4.114389142891698015e+01 2.531819392565579818e+01 1.966896772393608330e+02 -2.326252042087014615e+01 4.386276665671955755e+01 -7.753615058024061568e+01
3.318982951593044017e+00 2.314470473464659284e-01 -3.529958257224454599e+01 -3.029571374806323192e+01 -2.356832854326898374e+00 -9.244814419676270489e+00 -2.785784012741235927e+01 -3.925798771995081893e+01 4.280701928468746864e+00 -6.441824298123497439e-01 2.106857606927050042e-01 -2.102034158732373204e+00 -1.424960256372542666e+01 -7.792387480004240530e+00 2.470916856621208080e+00 2.512389960186197868e+00 -2.326252042087014615e+01 4.561889083399544234e+02 2.795506774214508994e+00 -1.572148518133178818e+01
1.464610798286664135e+02 1.063998242961435459e+01 -3.927331045820579192e+01 -1.218217255716001901e+01 1.957649084951264626e+02 1.725942318817201908e+02 -3.927208831071293815e+01 -3.358936906266446698e+01 2.378708346565764202e+02 7.128746897164947249e+00 1.930875830583675778e+01 -2.388189806016911554e+00 -4.242961893787514427e+00 2.970487974991246460e+01 2.111215339512253024e+02 9.442299310899778675e+01 4.386276665671954333e+01 2.795506774214505441e+00 -3.766990212570807444e+02 -1.929829462781256666e+00
3.413658996526237388e+00 2.166824232137560813e-01 -1.123562582861647741e+02 -9.750728303733234270e+01 -1.743770343854075122e+01 -3.858502632306656466e+01 -8.825507016886453471e+01 -1.254608495138149351e+02 1.950151266811488426e+00 -2.443323426366592166e+00 -2.847250510168315429e-01 -6.688156495980622118e+00 -4.593706599239082777e+01 -2.672461367590918968e+01 -2.571403754813815112e+00 3.407667642683435361e+00 -7.753615058024061568e+01 -1.572148518133178996e+01 -1.929829462781256666e+00 5.221801600364287879e+02
