8.630000000000000000e+02
7.890000000000000000e+02
7.830000000000000000e+02
7.210000000000000000e+02
-7.140000000000000000e+02
-6.780000000000000000e+02
-6.700000000000000000e+02
-6.380000000000000000e+02
6.250000000000000000e+02
6.050000000000000000e+02
-5.960000000000000000e+02
-5.880000000000000000e+02
-5.820000000000000000e+02
5.730000000000000000e+02
4.610000000000000000e+02
-4.320000000000000000e+02
3.050000000000000000e+02
-2.420000000000000000e+02
1.490000000000000000e+02
-1.260000000000000000e+02
