8.850000000000000000e+02
-8.480000000000000000e+02
-8.400000000000000000e+02
8.390000000000000000e+02
-8.100000000000000000e+02
7.750000000000000000e+02
7.270000000000000000e+02
-6.360000000000000000e+02
-4.860000000000000000e+02
-4.820000000000000000e+02
-4.240000000000000000e+02
-3.140000000000000000e+02
2.830000000000000000e+02
2.290000000000000000e+02
-2.140000000000000000e+02
-2.060000000000000000e+02
1.950000000000000000e+02
1.470000000000000000e+02
-1.460000000000000000e+02
1.110000000000000000e+02
