-5.970119956173598439e+02 5.092041878679478373e+01 3.505531521748059021e+01 2.677422436339919045e+02 1.150792933126581090e+02 8.238828540262477418e+01 1.865439539063521011e+02 9.498534648996491114e+01 1.521770425271450300e+01 2.604568442499321179e+01 1.831245710823089041e+02 1.096157793703257965e+01 1.010805455702897007e+02 4.829567910501908479e+00 5.679789527344185984e+01 1.233315275450223965e+02 1.785891611248530353e+01 1.808010357608343099e+02 1.928779305315741155e+01 1.531203978503068583e+02
5.092041878679478373e+01 -6.416387621193945279e+02 5.706033154916291927e+00 5.545721322573668743e+01 2.209570376408727554e+01 1.311054233116487922e+01 3.566994540962198101e+01 1.613382567138947365e+01 1.222120482508994854e-01 2.007426648239851730e+00 3.748522509735810360e+01 -1.839093406301246958e+00 1.601591639296074376e+01 -2.071773399498037627e+00 1.130688980103261443e+01 2.112456578025006593e+01 3.368809041354478229e+00 3.472618299532496877e+01 -2.487822418213707643e+00 3.071126184491215838e+01
3.505531521748059731e+01 5.706033154916291039e+00 3.590604609300409038e+02 4.086972213994214798e+01 -1.788320429166214698e+00 -3.139650918593165585e+01 -4.536490355738214575e+00 -2.486931737713344504e+01 -3.136790598637936966e+01 -3.369121001141432004e+01 2.300262503257212288e+01 -4.402400382659218536e+01 -3.928864610074709418e+01 -3.342397656475039014e+01 3.581472492651998962e+00 -3.033421640900603578e+01 -9.466819931856418346e-01 -2.680297181727432587e+00 -6.914389321683800915e+01 1.220416515026464310e+01
2.677422436339918477e+02 5.545721322573668743e+01 4.086972213994214798e+01 -6.342460806264817847e+02 1.278227125158407347e+02 9.661925385273977440e+01 2.074788178508503336e+02 1.094710704270227666e+02 2.218265053601776415e+01 3.457516600028513665e+01 1.990192445091920490e+02 1.961287225726908190e+01 1.186706394615473670e+02 1.102025538329978360e+01 6.233036695266455496e+01 1.418083178084779661e+02 1.995002777745134637e+01 2.008002826276734538e+02 3.309941507759040036e+01 1.676029934557263346e+02
1.150792933126581090e+02 2.209570376408727554e+01 -1.788320429166211811e+00 1.278227125158407347e+02 -1.057954594009235620e+02 -7.776711035232716895e+00 5.369124397137288440e+01 3.170012971437857541e+00 -2.882918877063663743e+01 -2.791960802782722695e+01 8.212169344339017130e+01 -4.372403851147565490e+01 -1.036483798242522525e+01 -3.429250507632541201e+01 2.166436981282648233e+01 6.212396650427620237e+00 4.591238832916124224e+00 5.387729999378120738e+01 -6.802255006771878243e+01 6.113535110385799243e+01
8.238828540262477418e+01 1.311054233116487566e+01 -3.139650918593165585e+01 9.661925385273977440e+01 -7.776711035232716895e+00 3.227130926389648948e+02 -1.677781379815221285e+01 -6.601183996968313750e+01 -8.033394084760718101e+01 -8.655550345460261497e+01 5.347226122075494459e+01 -1.124555182703585672e+02 -1.029148832381291925e+02 -8.528090297667655761e+01 7.533831769212788743e+00 -8.072677497114432299e+01 -2.911490023214758249e+00 -1.188852078642443288e+01 -1.766800914556542068e+02 2.680359994303988458e+01
1.865439539063521011e+02 3.566994540962198101e+01 -4.536490355738211022e+00 2.074788178508503336e+02 5.369124397137288440e+01 -1.677781379815220575e+01 -3.196879818456008238e+01 1.425696484669435549e+00 -4.997819618692643928e+01 -4.887747947749588917e+01 1.328302366927110540e+02 -7.528961277390143891e+01 -2.199410115847349090e+01 -5.889056589312053802e+01 3.468430067528789351e+01 5.438824687708022410e+00 7.105362773642724505e+00 8.459141928984512049e+01 -1.172239697941988368e+02 9.817813891150214545e+01
9.498534648996491114e+01 1.613382567138947010e+01 -2.486931737713345925e+01 1.094710704270227524e+02 3.170012971437857541e+00 -6.601183996968312329e+01 1.425696484669415121e+00 2.425778518814490496e+02 -7.016391522928209667e+01 -7.475168134332874104e+01 6.364942994329246773e+01 -9.912580655659671436e+01 -8.273189688192174174e+01 -7.547772725975595165e+01 1.168587344373821679e+01 -6.103295291393423128e+01 -1.025205106837985936e+00 5.273636690611794187e+00 -1.555564721360129852e+02 3.728284530871096791e+01
1.521770425271449589e+01 1.222120482508990413e-01 -3.136790598637936256e+01 2.218265053601777836e+01 -2.882918877063663743e+01 -8.033394084760715259e+01 -4.997819618692643928e+01 -7.016391522928209667e+01 7.654810512892694305e+02 -7.250310548032254587e+01 5.359321517561014048e+00 -8.966990842988232657e+01 -1.000841638025527232e+02 -6.731194142355670351e+01 -5.380315163549648894e+00 -8.722412473581877634e+01 -5.800299591478515815e+00 -4.503717375998616035e+01 -1.412902929323504964e+02 -9.452351207733329375e+00
2.604568442499322600e+01 2.007426648239847733e+00 -3.369121001141432004e+01 3.457516600028513665e+01 -2.791960802782721984e+01 -8.655550345460262918e+01 -4.887747947749589628e+01 -7.475168134332872683e+01 -7.250310548032254587e+01 6.611065247909880327e+02 1.270552879609878261e+01 -9.959102041370154268e+01 -1.078927428078094266e+02 -7.488425674340132332e+01 -3.912643348485994821e+00 -9.273445235908319262e+01 -5.811850388634908882e+00 -4.357861711410952665e+01 -1.568486244423243363e+02 -4.913993725410310986e+00
1.831245710823088757e+02 3.748522509735809649e+01 2.300262503257211932e+01 1.990192445091920206e+02 8.212169344339017130e+01 5.347226122075494459e+01 1.328302366927110540e+02 6.364942994329246773e+01 5.359321517561014048e+00 1.270552879609876307e+01 -5.987537520811220020e+02 7.439327704562881394e-02 6.546820641145752973e+01 -2.445532230381272765e+00 4.132022666160573721e+01 8.298984623936176774e+01 1.262607082888111520e+01 1.290442125680091010e+02 1.600836180940339304e+00 1.118447733532752011e+02
1.096157793703258143e+01 -1.839093406301247402e+00 -4.402400382659218536e+01 1.961287225726908190e+01 -4.372403851147565490e+01 -1.124555182703585672e+02 -7.528961277390143891e+01 -9.912580655659670015e+01 -8.966990842988232657e+01 -9.959102041370154268e+01 7.439327704562881394e-02 7.966653418284323607e+02 -1.400413287712259773e+02 -9.169833429096455291e+01 -9.551033780332547352e+00 -1.234348107267696548e+02 -8.588577920290148882e+00 -6.834631670295169670e+01 -1.928385863489128269e+02 -1.887998087815117287e+01
1.010805455702897007e+02 1.601591639296074376e+01 -3.928864610074709418e+01 1.186706394615473670e+02 -1.036483798242522170e+01 -1.029148832381291641e+02 -2.199410115847348379e+01 -8.273189688192172753e+01 -1.000841638025527232e+02 -1.078927428078094550e+02 6.546820641145754394e+01 -1.400413287712260058e+02 2.822977193113866861e+02 -1.061799336699144192e+02 9.039466771984301374e+00 -1.012166528367642684e+02 -3.730301996891576710e+00 -1.587409758540476368e+01 -2.200327562009383939e+02 3.245167550260517686e+01
4.829567910501922690e+00 -2.071773399498041179e+00 -3.342397656475039014e+01 1.102025538329981202e+01 -3.429250507632540490e+01 -8.528090297667658604e+01 -5.889056589312053802e+01 -7.547772725975595165e+01 -6.731194142355670351e+01 -7.488425674340132332e+01 -2.445532230381256777e+00 -9.169833429096453870e+01 -1.061799336699144192e+02 8.943119809992518867e+02 -7.923248260408398025e+00 -9.405643194546146901e+01 -6.671151109253020905e+00 -5.361614055643619992e+01 -1.445733694545431547e+02 -1.622014514336425606e+01
5.679789527344185984e+01 1.130688980103261443e+01 3.581472492652000739e+00 6.233036695266456917e+01 2.166436981282648588e+01 7.533831769212790519e+00 3.468430067528789351e+01 1.168587344373822390e+01 -5.380315163549652446e+00 -3.912643348485994821e+00 4.132022666160573721e+01 -9.551033780332550904e+00 9.039466771984304927e+00 -7.923248260408395360e+00 -3.981251383944137388e+02 1.569150267317452752e+01 3.184822832594666586e+00 3.407113712194312427e+01 -1.460229323970531823e+01 3.268830544278489469e+01
1.233315275450223965e+02 2.112456578025006593e+01 -3.033421640900603578e+01 1.418083178084779377e+02 6.212396650427620237e+00 -8.072677497114433720e+01 5.438824687708023298e+00 -6.103295291393423128e+01 -8.722412473581877634e+01 -9.273445235908319262e+01 8.298984623936175353e+01 -1.234348107267696832e+02 -1.012166528367642684e+02 -9.405643194546148322e+01 1.569150267317452396e+01 2.012873044299532808e+02 -9.284131860807651737e-01 1.012607089157426188e+01 -1.936632548604043791e+02 4.951132179362664942e+01
1.785891611248530353e+01 3.368809041354477340e+00 -9.466819931856418346e-01 1.995002777745134637e+01 4.591238832916123336e+00 -2.911490023214758249e+00 7.105362773642726282e+00 -1.025205106837986602e+00 -5.800299591478515815e+00 -5.811850388634909770e+00 1.262607082888111698e+01 -8.588577920290148882e+00 -3.730301996891578931e+00 -6.671151109253019129e+00 3.184822832594666142e+00 -9.284131860807656178e-01 -4.342522008074116258e+01 7.239912683158014062e+00 -1.339990547814245758e+01 9.110524572038439572e+00
1.808010357608343099e+02 3.472618299532496877e+01 -2.680297181727439693e+00 2.008002826276734538e+02 5.387729999378120738e+01 -1.188852078642438670e+01 8.459141928984510628e+01 5.273636690611808397e+00 -4.503717375998616035e+01 -4.357861711410952665e+01 1.290442125680091010e+02 -6.834631670295172512e+01 -1.587409758540476368e+01 -5.361614055643621413e+01 3.407113712194311717e+01 1.012607089157426898e+01 7.239912683158016726e+00 -5.713669293271312455e+01 -1.063205963484930550e+02 9.612258224238881610e+01
1.928779305315741155e+01 -2.487822418213707643e+00 -6.914389321683802336e+01 3.309941507759040036e+01 -6.802255006771878243e+01 -1.766800914556542352e+02 -1.172239697941988368e+02 -1.555564721360130136e+02 -1.412902929323505532e+02 -1.568486244423243363e+02 1.600836180940339304e+00 -1.928385863489128269e+02 -2.200327562009383939e+02 -1.445733694545431547e+02 -1.460229323970532178e+01 -1.936632548604043791e+02 -1.339990547814245758e+01 -1.063205963484930265e+02 6.030409250579987201e+02 -2.853415187744107584e+01
1.531203978503068583e+02 3.071126184491215838e+01 1.220416515026464310e+01 1.676029934557263346e+02 6.113535110385799243e+01 2.680359994303988103e+01 9.817813891150214545e+01 3.728284530871097502e+01 -9.452351207733350691e+00 -4.913993725410314539e+00 1.118447733532752153e+02 -1.887998087815117287e+01 3.245167550260516975e+01 -1.622014514336425961e+01 3.268830544278490180e+01 4.951132179362664942e+01 9.110524572038437796e+00 9.612258224238880189e+01 -2.853415187744107584e+01 -3.944403537200258256e+02
