-9.980000000000000000e+02
9.750000000000000000e+02
9.610000000000000000e+02
-8.460000000000000000e+02
-8.240000000000000000e+02
-8.040000000000000000e+02
6.870000000000000000e+02
6.430000000000000000e+02
6.130000000000000000e+02
-5.980000000000000000e+02
-5.060000000000000000e+02
-3.900000000000000000e+02
-3.860000000000000000e+02
-3.200000000000000000e+02
3.190000000000000000e+02
2.270000000000000000e+02
2.150000000000000000e+02
1.670000000000000000e+02
1.090000000000000000e+02
-7.800000000000000000e+01
