-5.288751786593430779e+02 -1.782544765213487281e+01 -6.251717631059334757e+00 3.216123196956349073e+00 5.594310721319586577e+01 3.363987557838412812e+01 8.614297522847648736e+01 3.335241045724213205e+00 3.618189617186048146e+00 1.249587868633990126e+02 -1.497729367476132545e+01 -8.018061445845261481e-01 -1.842645893368991139e+01 2.630542815795960365e+01 4.289157521601112677e+01 -1.884903320757846057e+00 5.875980985179027272e+01 3.214562458207267781e+01 1.461431328322199974e+01 4.688447001859992724e+01
-1.782544765213487281e+01 7.335908085632264601e+02 -2.269064563210511096e+02 -1.004126169581316219e+01 -7.964265463864466099e+00 -7.165836344370883459e+00 -6.362823123470511888e+01 -5.529325244229102765e+01 -1.862827894213842583e+01 -6.992313870560637667e+01 -2.523530816876855738e+02 -3.193947971851114431e+01 -3.217025625076964275e+02 5.599096670169747547e-01 4.026641488710776429e+00 -1.175361408882455265e+02 -1.308250208401999259e+02 -1.036269260376666068e+02 -4.865136146113166404e+01 -6.237319093923040469e+01
-6.251717631059340974e+00 -2.269064563210511096e+02 5.570080313845930959e+02 -8.014524751243339296e+00 1.182980068783239602e+01 4.957216138931102911e+00 -2.838499763114226226e+01 -4.902914137438278885e+01 -1.566820472375936824e+01 -2.087458884563945460e+01 -2.340507213241608326e+02 -2.925043293426999114e+01 -2.981433920826902977e+02 9.468182133865859385e+00 1.826300114582397072e+01 -1.072775395545838677e+02 -9.867706417250323625e+01 -8.306676852232097019e+01 -3.916134154835447845e+01 -4.061865283543309602e+01
3.216123196956348629e+00 -1.004126169581316574e+01 -8.014524751243339296e+00 1.098883759306898078e+00 7.011594681067721879e+00 4.140787814837432634e+00 9.166203972724366267e+00 -1.322087510540036037e+00 -1.214852038002385698e-01 1.400675091791723226e+01 -9.955326020180660151e+00 -1.117975859630881974e+00 -1.260458054082955393e+01 3.433623781793365470e+00 5.697437005447775427e+00 -3.975724394871385403e+00 3.477370175101850869e+00 8.847787381952005870e-01 3.533731988451240258e-01 4.108190659266956146e+00
5.594310721319586577e+01 -7.964265463864469652e+00 1.182980068783239247e+01 7.011594681067720103e+00 -6.832587845929979267e+02 6.322885184209589227e+01 1.665905831377088191e+02 1.190807019391446531e+01 8.645629214669257934e+00 2.393441324912233199e+02 -1.749575189448519641e+00 1.810411347544811811e+00 -9.918148482305313429e-01 4.880639786435052230e+01 7.925820653852903774e+01 8.641891147500281534e+00 1.226667934508363089e+02 7.041904101425080853e+01 3.217356034051763913e+01 9.353539172504912358e+01
3.363987557838413522e+01 -7.165836344370887012e+00 4.957216138931106464e+00 4.140787814837433523e+00 6.322885184209589227e+01 -7.098535941418219863e+02 1.000728263971623164e+02 6.662929483975581491e+00 5.045420010375996078e+00 1.439843962283307235e+02 -3.496094669384740339e+00 7.855650846341790672e-01 -3.708270649969456212e+00 2.950410247067475566e+01 4.794274227144890688e+01 4.087351397156627542e+00 7.287582841906960596e+01 4.156000703153083009e+01 1.897562005980412891e+01 5.593024002877169920e+01
8.614297522847648736e+01 -6.362823123470512598e+01 -2.838499763114226226e+01 9.166203972724366267e+00 1.665905831377088191e+02 1.000728263971623164e+02 -2.536811191520185105e+02 7.581169699116506067e+00 9.997729904043698212e+00 3.698738503313985007e+02 -5.551297637897948078e+01 -3.762174766598451292e+00 -6.877897042398821270e+01 7.851840662812142568e+01 1.281594973942230524e+02 -1.066461662999519433e+01 1.697270518678940334e+02 9.147763318639863428e+01 4.152230699247710533e+01 1.372268130518375528e+02
3.335241045724213649e+00 -5.529325244229102765e+01 -4.902914137438277464e+01 -1.322087510540036037e+00 1.190807019391446531e+01 6.662929483975581491e+00 7.581169699116509619e+00 4.582314856278391062e+02 -3.022557188868850275e+00 1.568250748891541413e+01 -5.647485596135172159e+01 -6.882395214350196966e+00 -7.183298138793546173e+01 6.500776665987753944e+00 1.125163657033094466e+01 -2.506835087483233693e+01 -1.313426544040543753e+01 -1.389770806586241925e+01 -6.640674153111574718e+00 -1.682896404904903775e+00
3.618189617186049034e+00 -1.862827894213842583e+01 -1.566820472375936824e+01 -1.214852038002384171e-01 8.645629214669257934e+00 5.045420010375996078e+00 9.997729904043698212e+00 -3.022557188868850275e+00 1.783901373670099986e+02 1.594682330836797668e+01 -1.873918763264524756e+01 -2.192663243866462164e+00 -2.377975803002826893e+01 4.343162108269881472e+00 7.282579477347796981e+00 -7.894431198631990831e+00 1.177346675134423482e+00 -1.424859806758358216e+00 -7.471491710943385378e-01 3.650879301303788349e+00
1.249587868633990126e+02 -6.992313870560640510e+01 -2.087458884563945105e+01 1.400675091791723226e+01 2.393441324912233199e+02 1.439843962283307235e+02 3.698738503313985007e+02 1.568250748891541413e+01 1.594682330836798378e+01 -4.403874084209751771e+01 -5.751762754127153698e+01 -2.604085395876456488e+00 -7.047391826265469206e+01 1.124328241622257423e+02 1.832439067188975912e+02 -5.027353418434131527e+00 2.545518997798791077e+02 1.400836553450398583e+02 6.372569590210795809e+01 2.020239930291565997e+02
-1.497729367476133078e+01 -2.523530816876855738e+02 -2.340507213241608326e+02 -9.955326020180658375e+00 -1.749575189448512536e+00 -3.496094669384739895e+00 -5.551297637897948078e+01 -5.647485596135172159e+01 -1.873918763264524756e+01 -5.751762754127153698e+01 6.457776736688388155e+02 -3.293610929970321877e+01 -3.329324177531139526e+02 3.604052019462336887e+00 9.078342413485742668e+00 -1.210810166371299488e+02 -1.277647155762689266e+02 -1.028603750477521999e+02 -4.834645798430309327e+01 -5.874185279189293851e+01
-8.018061445845259261e-01 -3.193947971851114431e+01 -2.925043293426999824e+01 -1.117975859630881974e+00 1.810411347544811811e+00 7.855650846341795113e-01 -3.762174766598453068e+00 -6.882395214350195189e+00 -2.192663243866462164e+00 -2.604085395876452935e+00 -3.293610929970321877e+01 7.508866424655625451e+02 -4.195364264598367754e+01 1.400231904686920048e+00 2.680160602063899500e+00 -1.508317316676516207e+01 -1.371424096502508583e+01 -1.159042880176704493e+01 -5.465666896089187432e+00 -5.585300087701588367e+00
-1.842645893368991850e+01 -3.217025625076964275e+02 -2.981433920826902977e+02 -1.260458054082955748e+01 -9.918148482305446656e-01 -3.708270649969463761e+00 -6.877897042398824112e+01 -7.183298138793546173e+01 -2.377975803002826893e+01 -7.047391826265469206e+01 -3.329324177531139526e+02 -4.195364264598367754e+01 4.726864503508788289e+02 5.169972837895594253e+00 1.250652070915986513e+01 -1.542081497486636579e+02 -1.613784793028775368e+02 -1.302569370653817202e+02 -6.123432674198839010e+01 -7.375739565426080446e+01
2.630542815795960365e+01 5.599096670169680934e-01 9.468182133865852279e+00 3.433623781793365470e+00 4.880639786435052230e+01 2.950410247067475211e+01 7.851840662812142568e+01 6.500776665987756608e+00 4.343162108269882360e+00 1.124328241622257423e+02 3.604052019462336887e+00 1.400231904686920048e+00 5.169972837895587148e+00 -8.673323769560761320e+02 3.675608423834263760e+01 6.072624966542517377e+00 5.928579619122568545e+01 3.453332817626800022e+01 1.580068764775792545e+01 4.455204759342331045e+01
4.289157521601112677e+01 4.026641488710776429e+00 1.826300114582396716e+01 5.697437005447774538e+00 7.925820653852903774e+01 4.794274227144890688e+01 1.281594973942230524e+02 1.125163657033094466e+01 7.282579477347796093e+00 1.832439067188976196e+02 9.078342413485735563e+00 2.680160602063897723e+00 1.250652070915986513e+01 3.675608423834263050e+01 -8.804391015868077375e+02 1.135469865672984824e+01 9.782820544965360909e+01 5.733520079674988068e+01 2.624950833305945253e+01 7.305541802435318743e+01
-1.884903320757846057e+00 -1.175361408882455123e+02 -1.072775395545838677e+02 -3.975724394871384071e+00 8.641891147500281534e+00 4.087351397156623989e+00 -1.066461662999515170e+01 -2.506835087483233693e+01 -7.894431198631990831e+00 -5.027353418434104881e+00 -1.210810166371299346e+02 -1.508317316676516207e+01 -1.542081497486636579e+02 6.072624966542522706e+00 1.135469865672985890e+01 6.637298977147161168e+02 -4.807452476789396201e+01 -4.126079839555762874e+01 -1.947686502482940796e+01 -1.875176631187975929e+01
5.875980985179027272e+01 -1.308250208401999259e+02 -9.867706417250323625e+01 3.477370175101849981e+00 1.226667934508363089e+02 7.287582841906959175e+01 1.697270518678940334e+02 -1.313426544040543753e+01 1.177346675134421705e+00 2.545518997798791077e+02 -1.277647155762689266e+02 -1.371424096502508583e+01 -1.613784793028775084e+02 5.928579619122569255e+01 9.782820544965360909e+01 -4.807452476789396911e+01 -4.483492570718995296e+01 3.353970197653873697e+01 1.467381685063196350e+01 8.202811091183808401e+01
3.214562458207267781e+01 -1.036269260376666068e+02 -8.306676852232097019e+01 8.847787381952005870e-01 7.041904101425079432e+01 4.156000703153083009e+01 9.147763318639863428e+01 -1.389770806586242635e+01 -1.424859806758358216e+00 1.400836553450398583e+02 -1.028603750477521999e+02 -1.159042880176704493e+01 -1.302569370653816918e+02 3.453332817626800022e+01 5.733520079674988068e+01 -4.126079839555762874e+01 3.353970197653875118e+01 2.076634009057440267e+01 3.022558448679983467e+00 4.062986235462527418e+01
1.461431328322200329e+01 -4.865136146113166404e+01 -3.916134154835446424e+01 3.533731988451239703e-01 3.217356034051764624e+01 1.897562005980412891e+01 4.152230699247710533e+01 -6.640674153111572942e+00 -7.471491710943387599e-01 6.372569590210794388e+01 -4.834645798430309327e+01 -5.465666896089187432e+00 -6.123432674198838299e+01 1.580068764775792545e+01 2.624950833305945253e+01 -1.947686502482941151e+01 1.467381685063196350e+01 3.022558448679981247e+00 2.613375975479397084e+01 1.826760443209091278e+01
4.688447001859993435e+01 -6.237319093923038338e+01 -4.061865283543309602e+01 4.108190659266956146e+00 9.353539172504909516e+01 5.593024002877169210e+01 1.372268130518375813e+02 -1.682896404904896670e+00 3.650879301303787461e+00 2.020239930291565997e+02 -5.874185279189293851e+01 -5.585300087701591920e+00 -7.375739565426080446e+01 4.455204759342331045e+01 7.305541802435320164e+01 -1.875176631187976639e+01 8.202811091183808401e+01 4.062986235462527418e+01 1.826760443209090923e+01 -2.489862891089869663e+02
