-5.746027113118982470e+02 1.368378561183463376e+02 2.460924952984731462e+01 -2.023110639020868007e+01 5.055501916700590215e+01 -9.394362651901658978e+00 6.513481562873897701e+01 9.915995904670759842e+01 1.039159389419376964e+02 4.792613302802850228e+01 1.893716421223206936e+00 4.541383689184737449e+01 3.156513812389154623e+02 3.187870195592561231e+02 4.631854125215663309e+00 1.035659080654610023e+02 7.416099655852022465e+01 -2.246932982882666963e+01 7.499628275442441350e+01 -4.346065487757499568e+00
1.368378561183463660e+02 -3.313275993914218134e+02 -2.268906384767105600e+00 -3.509449187453589758e+01 -1.891762011057846848e+01 -5.696743411294075798e+01 2.833756417270395644e+01 3.729958575484739214e+01 4.165584011263464959e+01 2.192935267141937317e+01 -5.857297580266119041e+01 3.539915355843403333e+00 1.580487531081384986e+02 1.585773386970017214e+02 -5.428026096100031506e-01 5.444756658524090653e+01 1.874554341337931618e+01 -3.808105271611240994e+01 -4.023381057017019202e-01 -7.906165125647295611e+01
2.460924952984732172e+01 -2.268906384767105600e+00 2.021898798353537643e+02 -2.734718155020662778e+01 -4.092685381282599621e+01 -5.438074672026714751e+01 1.291000740661169210e+00 -4.020733558645616768e+00 -1.582509710023479066e+00 2.055324280594828856e+00 -6.083550164427204265e+01 -1.572077314904855250e+01 2.749274342321505316e+01 2.669852023220021664e+01 -2.529704454843494599e+00 1.167625869975858421e+01 -1.238503310740557239e+01 -2.945436682517677696e+01 -3.236466905743841949e+01 -7.917490566883391523e+01
-2.023110639020866586e+01 -3.509449187453588337e+01 -2.734718155020662422e+01 9.192348950175748996e+02 -8.096176910656676284e+01 -9.009242785011072385e+01 -1.268341966038087065e+01 -2.946232211347424368e+01 -2.641274286647955449e+01 -7.457517922762520790e+00 -1.036181861452336648e+02 -3.703467015544833885e+01 -2.544544112287897519e+01 -2.750856209449234058e+01 -5.348398864102486883e+00 -3.844035743557495000e+00 -3.794101562249930737e+01 -4.482810967761346177e+01 -7.202008661952196178e+01 -1.332996385249907121e+02
5.055501916700593057e+01 -1.891762011057846138e+01 -4.092685381282599621e+01 -8.096176910656677705e+01 1.907157139484940274e+02 -1.637110849407799265e+02 -1.830907713806860571e+00 -2.089942247195976321e+01 -1.394105179862334865e+01 1.997424340501472884e+00 -1.842353352657341361e+02 -5.156601044075868856e+01 5.538164909700105909e+01 5.270240055859574824e+01 -8.062039425179062135e+00 2.620652054295399580e+01 -4.400518331758490120e+01 -8.714028755626510758e+01 -1.045306666424206696e+02 -2.391748374718985701e+02
-9.394362651901651873e+00 -5.696743411294074377e+01 -5.438074672026714040e+01 -9.009242785011073806e+01 -1.637110849407799265e+02 4.968304828438670029e+02 -1.867875708294195647e+01 -4.973915999231140006e+01 -4.276153042415168670e+01 -9.809969554541460468e+00 -2.171735227416251917e+02 -7.217257196682001563e+01 -1.494506048905133611e+01 -1.889186636041603151e+01 -1.065751552107425937e+01 4.547862668583100287e+00 -7.057312599413202747e+01 -9.679159186869217990e+01 -1.419736304051093327e+02 -2.802089251523437383e+02
6.513481562873899122e+01 2.833756417270395644e+01 1.291000740661167878e+00 -1.268341966038087065e+01 -1.830907713806862347e+00 -1.867875708294195647e+01 -4.917838326989283360e+02 1.980570543124055760e+01 2.156292446973138510e+01 1.079941097122727278e+01 -1.826419117627462541e+01 4.812169758197099689e+00 7.540921231123405732e+01 7.583083055569264275e+01 2.065864948139657931e-01 2.555680836016505353e+01 1.193512691507516266e+01 -1.380485920946918199e+01 5.982056991817446878e+00 -2.521515373133644289e+01
9.915995904670759842e+01 3.729958575484739214e+01 -4.020733558645614103e+00 -2.946232211347424368e+01 -2.089942247195975966e+01 -4.973915999231140006e+01 1.980570543124055760e+01 -2.950266610523329973e+02 2.844721187694700859e+01 1.552928365322282289e+01 -5.208419038537753920e+01 -5.692980543082946099e-01 1.143520705491632157e+02 1.145647012057455072e+02 -8.593951024363108981e-01 3.981666800964206487e+01 1.056469653738148828e+01 -3.192740997924315138e+01 -6.479612062990494081e+00 -6.973959054005423752e+01
1.039159389419376964e+02 4.165584011263465669e+01 -1.582509710023479954e+00 -2.641274286647956160e+01 -1.394105179862334509e+01 -4.276153042415168670e+01 2.156292446973138510e+01 2.844721187694700859e+01 -3.582633572597330840e+02 1.667475136276227943e+01 -4.391093112340293203e+01 2.873578386285066344e+00 1.200342410293469584e+02 1.204457296791626817e+02 -3.846531539919120224e-01 4.132663842330779147e+01 1.441406267923462536e+01 -2.866297553402006670e+01 6.034136581117977016e-02 -5.930418016449080199e+01
4.792613302802850228e+01 2.192935267141937317e+01 2.055324280594829744e+00 -7.457517922762519014e+00 1.997424340501473772e+00 -9.809969554541453363e+00 1.079941097122727278e+01 1.552928365322282289e+01 1.667475136276227943e+01 -5.898854802016769554e+02 -8.955350736652311738e+00 4.998738412396061648e+00 5.556901589781743667e+01 5.595850492302831469e+01 3.687799423855019354e-01 1.863672716329745782e+01 1.018622463825735025e+01 -8.142729948201878898e+00 7.279832188753098343e+00 -1.276367909421804470e+01
1.893716421223210489e+00 -5.857297580266119041e+01 -6.083550164427204265e+01 -1.036181861452336648e+02 -1.842353352657341361e+02 -2.171735227416252201e+02 -1.826419117627462896e+01 -5.208419038537753920e+01 -4.391093112340293203e+01 -8.955350736652311738e+00 3.655739343840628521e+02 -8.014703063430889074e+01 -2.377803161984637370e+00 -6.730419353993205789e+00 -1.193138605415976805e+01 9.991621223536695240e+00 -7.698944906615497530e+01 -1.113571812402672236e+02 -1.583262582360808324e+02 -3.195576007940498471e+02
4.541383689184737449e+01 3.539915355843398004e+00 -1.572077314904855250e+01 -3.703467015544833885e+01 -5.156601044075868856e+01 -7.217257196682000142e+01 4.812169758197098801e+00 -5.692980543082981626e-01 2.873578386285059239e+00 4.998738412396059871e+00 -8.014703063430889074e+01 9.043347473658985791e+01 5.132957085973310285e+01 5.043174104678536196e+01 -3.115371504807274761e+00 2.034418298120151647e+01 -1.279459021122814377e+01 -3.992073783753065186e+01 -3.910634633514277425e+01 -1.046331976948171985e+02
3.156513812389154623e+02 1.580487531081384986e+02 2.749274342321504605e+01 -2.544544112287897519e+01 5.538164909700107330e+01 -1.494506048905133611e+01 7.540921231123405732e+01 1.143520705491632157e+02 1.200342410293469584e+02 5.556901589781743667e+01 -2.377803161984644476e+00 5.132957085973309574e+01 -4.569632309999247468e+02 3.706027294946763959e+02 5.165666863890313820e+00 1.206249608787459096e+02 8.481898419219035645e+01 -2.819159591251835195e+01 8.428475162257329600e+01 -1.096945456061696689e+01
3.187870195592561231e+02 1.585773386970017214e+02 2.669852023220021664e+01 -2.750856209449236900e+01 5.270240055859577666e+01 -1.889186636041602796e+01 7.583083055569265696e+01 1.145647012057455356e+02 1.204457296791626675e+02 5.595850492302831469e+01 -6.730419353993205789e+00 5.043174104678534775e+01 3.706027294946763959e+02 -4.298724188392035330e+02 5.007674688149700515e+00 1.219853953951100181e+02 8.430556684960096447e+01 -3.041711871780755416e+01 8.234292297554223694e+01 -1.666861172859998419e+01
4.631854125215665086e+00 -5.428026096100031506e-01 -2.529704454843493711e+00 -5.348398864102486883e+00 -8.062039425179062135e+00 -1.065751552107425937e+01 2.065864948139656265e-01 -8.593951024363117863e-01 -3.846531539919120224e-01 3.687799423855018244e-01 -1.193138605415976983e+01 -3.115371504807274317e+00 5.165666863890313820e+00 5.007674688149699627e+00 2.265006044768267373e+02 2.215683039781897179e+00 -2.481781717458311221e+00 -5.760023751199176090e+00 -6.400448051413075490e+00 -1.552333787855788216e+01
1.035659080654610023e+02 5.444756658524090653e+01 1.167625869975858599e+01 -3.844035743557502105e+00 2.620652054295399580e+01 4.547862668583099399e+00 2.555680836016504642e+01 3.981666800964207198e+01 4.132663842330779858e+01 1.863672716329745782e+01 9.991621223536695240e+00 2.034418298120150936e+01 1.206249608787459096e+02 1.219853953951100038e+02 2.215683039781898067e+00 -9.588261933068456528e+02 3.120340576351227924e+01 -4.408833041009007303e+00 3.456921504866111405e+01 1.031089112299457611e+01
7.416099655852023886e+01 1.874554341337930907e+01 -1.238503310740557239e+01 -3.794101562249930737e+01 -4.400518331758490120e+01 -7.057312599413204168e+01 1.193512691507515910e+01 1.056469653738148295e+01 1.441406267923462536e+01 1.018622463825734847e+01 -7.698944906615501793e+01 -1.279459021122814377e+01 8.481898419219035645e+01 8.430556684960096447e+01 -2.481781717458310332e+00 3.120340576351227924e+01 -8.201301283264716346e+01 -4.097186487994018478e+01 -2.926421754227947503e+01 -1.012750722051781054e+02
-2.246932982882666963e+01 -3.808105271611239573e+01 -2.945436682517678051e+01 -4.482810967761346177e+01 -8.714028755626510758e+01 -9.679159186869217990e+01 -1.380485920946917844e+01 -3.192740997924315138e+01 -2.866297553402006670e+01 -8.142729948201878898e+00 -1.113571812402672094e+02 -3.992073783753065186e+01 -2.819159591251835195e+01 -3.041711871780755416e+01 -5.760023751199175202e+00 -4.408833041009007303e+00 -4.097186487994017767e+01 9.268862728282779244e+02 -7.759679044354061261e+01 -1.432372726491062451e+02
7.499628275442441350e+01 -4.023381057016877094e-01 -3.236466905743841238e+01 -7.202008661952196178e+01 -1.045306666424206696e+02 -1.419736304051093327e+02 5.982056991817445990e+00 -6.479612062990508292e+00 6.034136581117977016e-02 7.279832188753092126e+00 -1.583262582360808324e+02 -3.910634633514276715e+01 8.428475162257329600e+01 8.234292297554220852e+01 -6.400448051413073713e+00 3.456921504866111405e+01 -2.926421754227947503e+01 -7.759679044354061261e+01 8.574675106638792954e+01 -2.063291329809138688e+02
-4.346065487757499568e+00 -7.906165125647295611e+01 -7.917490566883392944e+01 -1.332996385249907121e+02 -2.391748374718985701e+02 -2.802089251523437383e+02 -2.521515373133644999e+01 -6.973959054005422331e+01 -5.930418016449079488e+01 -1.276367909421804292e+01 -3.195576007940498471e+02 -1.046331976948171985e+02 -1.096945456061698110e+01 -1.666861172859998419e+01 -1.552333787855787861e+01 1.031089112299459032e+01 -1.012750722051781054e+02 -1.432372726491062735e+02 -2.063291329809138688e+02 2.304524887571767522e+02
