7.362043969486423975e+02 -3.884990360211358507e+01 -7.983827374571816904e+00 -1.232301377651925378e+00 -2.233401162164521381e+01 4.111738776578974353e+00 -4.857468873183475466e+01 -1.626211832739117824e+01 -8.381256255058229954e+01 -1.199387617713090890e+02 -6.578765465897014053e+01 -9.821939772722338091e+00 4.495473498495903275e-01 -2.352821358740404278e+01 -2.470095096039814564e+01 -7.003037657015372019e+01 -2.650831548594352327e+01 -6.044842996353704478e+01 -5.261301483676464663e+00 2.023250070915697307e+00
-3.884990360211358507e+01 -1.223801894237478649e+02 1.550506237669302436e+02 2.741612061136570411e+00 1.197819107356247059e+02 1.494243430517721833e+02 3.850954279160522908e+00 1.173099894137373838e+02 -1.599811608117196471e+00 -1.343701474178325554e+02 -7.056274698584833516e+01 3.290028897115216466e+01 2.517508182180788268e+01 3.928220273392366835e+01 -2.331738688904417600e+01 -1.135340283135452388e+01 6.116050666589207374e+00 2.147572067734348877e+01 3.719368173498466490e+01 6.743757553619914802e+01
-7.983827374571824009e+00 1.550506237669302436e+02 -4.206744438594442386e+02 5.036875400550786530e+00 1.845623626665735344e+02 1.942093297857173866e+02 5.985819646948048955e+01 1.744311502710264108e+02 9.231054374178971500e+01 -4.366322993273381314e+01 -1.977036947753095930e+01 5.484846908051035541e+01 3.299451341572259366e+01 7.878516862170114621e+01 -3.196112331848700805e+00 6.380153811642824024e+01 3.800816661538149788e+01 9.669113282980880797e+01 5.542288805197541279e+01 8.746094791780760147e+01
-1.232301377651925378e+00 2.741612061136570411e+00 5.036875400550786530e+00 -2.139101420040092592e+02 3.902948254445578691e+00 4.845493866867109034e+00 1.603795750599134595e-01 3.818311714446783967e+00 9.212442925681768591e-03 -4.272547880428777312e+00 -2.241628885474961308e+00 1.074705221694439494e+00 8.165483892319159720e-01 1.291780048686950400e+00 -7.385841966448981610e-01 -3.173212900092708955e-01 2.177844248046554021e-01 7.409239025699574377e-01 1.210690425926020275e+00 2.186726024117337186e+00
-2.233401162164521381e+01 1.197819107356247059e+02 1.845623626665735344e+02 3.902948254445578691e+00 -2.719442857455293279e+02 1.709458218574872888e+02 3.293717800958715003e+01 1.456291805844952592e+02 4.726623653344654485e+01 -8.559475142942736170e+01 -4.330593577634613212e+01 4.392610758647339964e+01 2.894356932996500475e+01 5.936333187108714782e+01 -1.257468308666161683e+01 2.787284514717217476e+01 2.263201616296181840e+01 6.034383518980071415e+01 4.623414207667617859e+01 7.705235549760203639e+01
4.111738776578974353e+00 1.494243430517721549e+02 1.942093297857173297e+02 4.845493866867109034e+00 1.709458218574872319e+02 -6.681098303707575496e+02 6.740273803145265674e+01 1.601597201035896774e+02 1.065217797456034532e+02 -4.204074404228098416e+00 1.418686696384029000e+00 5.172349785432896851e+01 2.927473596853556259e+01 7.702239220741483905e+01 4.299754477479711845e+00 7.712606171698186586e+01 4.154418468894213845e+01 1.036644934705413590e+02 5.091563134799083912e+01 7.736000910923371521e+01
-4.857468873183476887e+01 3.850954279160519356e+00 5.985819646948048955e+01 1.603795750599135705e-01 3.293717800958714292e+01 6.740273803145267095e+01 1.566713604516511964e+02 3.687548251153677370e+01 -6.966583763256124939e+01 -1.562823388842266752e+02 -8.437690907717932021e+01 6.011870383452891708e+00 1.115588258521665388e+01 -2.534595367771577124e+00 -3.031966224917046659e+01 -6.250143898020225919e+01 -1.919686098001491814e+01 -4.055003872076187577e+01 1.160486219815753195e+01 3.055782942721876339e+01
-1.626211832739117824e+01 1.173099894137373838e+02 1.744311502710263824e+02 3.818311714446783078e+00 1.456291805844952307e+02 1.601597201035896774e+02 3.687548251153676659e+01 -3.471507034315700935e+02 5.463699993180007652e+01 -6.582754754404800224e+01 -3.268264175451088960e+01 4.248032067321413052e+01 2.714738579577315036e+01 5.865919541455777164e+01 -8.807728897522837386e+00 3.473072996533879575e+01 2.450102254043031991e+01 6.408030936569102209e+01 4.409367002170258587e+01 7.216990443097955676e+01
-8.381256255058231375e+01 -1.599811608117195583e+00 9.231054374178968658e+01 9.212442925681324501e-03 4.726623653344654485e+01 1.065217797456034816e+02 -6.966583763256124939e+01 5.463699993180010495e+01 1.032561719865053220e+02 -2.686955594375604619e+02 -1.452719261469918308e+02 7.497488615746179974e+00 1.758508468947232117e+01 -8.601882225858194175e+00 -5.241008889303400053e+01 -1.117971385439983010e+02 -3.532069524664219529e+01 -7.548473312881810671e+01 1.716625524306511963e+01 4.832420495386666914e+01
-1.199387617713091174e+02 -1.343701474178325554e+02 -4.366322993273381314e+01 -4.272547880428777312e+00 -8.559475142942737591e+01 -4.204074404228100192e+00 -1.562823388842266752e+02 -6.582754754404803066e+01 -2.686955594375603482e+02 5.158631275976267716e+02 -2.028410207065610393e+02 -3.534013584840847955e+01 -1.488523101563591133e+00 -8.005462108704783475e+01 -7.652945284381434021e+01 -2.233450276516052497e+02 -8.575418010095803822e+01 -1.964266417200354624e+02 -2.120881503893219389e+01 -1.359819891264187675e+00
-6.578765465897014053e+01 -7.056274698584832095e+01 -1.977036947753094509e+01 -2.241628885474961308e+00 -4.330593577634613212e+01 1.418686696384028334e+00 -8.437690907717930600e+01 -3.268264175451088249e+01 -1.452719261469918308e+02 -2.028410207065610393e+02 7.276195564531578839e+02 -1.828897542787055031e+01 -1.826943705711830956e-01 -4.229992001019976300e+01 -4.194084728808405060e+01 -1.210004785730801160e+02 -4.619984238297174528e+01 -1.056399112812457304e+02 -1.054481337075289460e+01 9.308240930509619204e-01
-9.821939772722338091e+00 3.290028897115216466e+01 5.484846908051035541e+01 1.074705221694439494e+00 4.392610758647339964e+01 5.172349785432896851e+01 6.011870383452895261e+00 4.248032067321412342e+01 7.497488615746180862e+00 -3.534013584840847955e+01 -1.828897542787055031e+01 -3.015804752983080448e+02 8.737773399862442503e+00 1.596286844278921713e+01 -5.758934788402368277e+00 2.770819355474939627e+00 4.681057382830989155e+00 1.330055131222517062e+01 1.347870739995580713e+01 2.332753033190967429e+01
4.495473498495903275e-01 2.517508182180787912e+01 3.299451341572259366e+01 8.165483892319158610e-01 2.894356932996500475e+01 2.927473596853555904e+01 1.115588258521665033e+01 2.714738579577314326e+01 1.758508468947232117e+01 -1.488523101563594686e+00 -1.826943705711830956e-01 8.737773399862442503e+00 -8.050158153562642838e+02 1.295418874027802580e+01 5.723991234734387978e-01 1.267205752073387259e+01 6.898130122702186284e+00 1.724951325247637257e+01 8.629709331582473553e+00 1.317635125145013042e+01
-2.352821358740404634e+01 3.928220273392366124e+01 7.878516862170113200e+01 1.291780048686950177e+00 5.936333187108714071e+01 7.702239220741485326e+01 -2.534595367771577568e+00 5.865919541455777164e+01 -8.601882225858194175e+00 -8.005462108704782054e+01 -4.229992001019977010e+01 1.596286844278921713e+01 1.295418874027802758e+01 -1.280363277621484883e+02 -1.425291551531907253e+01 -1.232499195849017326e+01 6.758733566229347955e-01 5.402871656330924921e+00 1.858839453483383508e+01 3.477698334450098372e+01
-2.470095096039814919e+01 -2.331738688904417600e+01 -3.196112331848700805e+00 -7.385841966448983831e-01 -1.257468308666161683e+01 4.299754477479722503e+00 -3.031966224917046659e+01 -8.807728897522837386e+00 -5.241008889303400053e+01 -7.652945284381434021e+01 -4.194084728808405060e+01 -5.758934788402368277e+00 5.723991234734405742e-01 -1.425291551531907075e+01 7.112894519284924399e+02 -4.390768014535099439e+01 -1.649966598931580464e+01 -3.753799070822535811e+01 -2.858368094598404685e+00 2.045288037708147044e+00
-7.003037657015372019e+01 -1.135340283135452566e+01 6.380153811642822603e+01 -3.173212900092709510e-01 2.787284514717214634e+01 7.712606171698189428e+01 -6.250143898020225919e+01 3.473072996533878865e+01 -1.117971385439982726e+02 -2.233450276516052213e+02 -1.210004785730801302e+02 2.770819355474943180e+00 1.267205752073387259e+01 -1.232499195849017326e+01 -4.390768014535099439e+01 1.847818377239726146e+02 -3.218270037903953096e+01 -6.977641083630463470e+01 1.087201831407950436e+01 3.503018406506861027e+01
-2.650831548594352327e+01 6.116050666589203821e+00 3.800816661538149788e+01 2.177844248046551801e-01 2.263201616296181840e+01 4.154418468894213845e+01 -1.919686098001491459e+01 2.450102254043032701e+01 -3.532069524664219529e+01 -8.575418010095803822e+01 -4.619984238297174528e+01 4.681057382830987379e+00 6.898130122702186284e+00 6.758733566229310208e-01 -1.649966598931580819e+01 -3.218270037903953096e+01 1.375939868969548172e+02 -1.944206718546766766e+01 7.724315136843820540e+00 1.881930950690102833e+01
-6.044842996353704478e+01 2.147572067734348877e+01 9.669113282980880797e+01 7.409239025699579928e-01 6.034383518980072836e+01 1.036644934705413590e+02 -4.055003872076186155e+01 6.408030936569102209e+01 -7.548473312881809250e+01 -1.964266417200354340e+02 -1.056399112812457162e+02 1.330055131222517062e+01 1.724951325247637257e+01 5.402871656330924921e+00 -3.753799070822535811e+01 -6.977641083630464891e+01 -1.944206718546766766e+01 7.170446824649718565e+01 2.022345213544911147e+01 4.693419730235496701e+01
-5.261301483676464663e+00 3.719368173498466490e+01 5.542288805197541990e+01 1.210690425926020275e+00 4.623414207667617859e+01 5.091563134799084622e+01 1.160486219815753195e+01 4.409367002170259298e+01 1.716625524306512673e+01 -2.120881503893218323e+01 -1.054481337075289815e+01 1.347870739995580891e+01 8.629709331582473553e+00 1.858839453483383863e+01 -2.858368094598404685e+00 1.087201831407950614e+01 7.724315136843822316e+00 2.022345213544911502e+01 -4.679976271388213149e+02 2.294360481694112153e+01
2.023250070915697307e+00 6.743757553619914802e+01 8.746094791780760147e+01 2.186726024117337186e+00 7.705235549760203639e+01 7.736000910923371521e+01 3.055782942721876339e+01 7.216990443097957098e+01 4.832420495386666914e+01 -1.359819891264187675e+00 9.308240930509654731e-01 2.332753033190967784e+01 1.317635125145013220e+01 3.477698334450099082e+01 2.045288037708148821e+00 3.503018406506859606e+01 1.881930950690103188e+01 4.693419730235496701e+01 2.294360481694112508e+01 -8.131845178429003909e+02
