-9.500000000000000000e+02
-8.900000000000000000e+02
-7.940000000000000000e+02
-6.800000000000000000e+02
6.670000000000000000e+02
-6.480000000000000000e+02
6.170000000000000000e+02
-6.060000000000000000e+02
-5.740000000000000000e+02
5.530000000000000000e+02
4.130000000000000000e+02
3.790000000000000000e+02
3.190000000000000000e+02
-3.100000000000000000e+02
2.930000000000000000e+02
-1.680000000000000000e+02
-1.400000000000000000e+02
1.390000000000000000e+02
-1.380000000000000000e+02
7.900000000000000000e+01
