1.969809672910913321e+02 -1.605207291813536230e+01 -4.845220053326497123e+01 -3.397145927111161257e+01 -8.054892939619304570e+01 -1.974586128300156007e+00 -6.635144146067339932e+00 3.077940834955297333e+01 1.098331008588232116e+01 5.522614687755073248e+01 3.164218004764046555e+01 3.587937485354574108e+01 -9.635781726603086383e+01 -2.847169906284245400e+01 -6.670098539538982152e+01 1.541659801048003828e+02 -7.907825282341590878e+01 3.152785632656136983e+01 -1.100402647256116211e+02 6.888607765101789937e+01
-1.605207291813535875e+01 1.631227793991770341e+02 -3.034504218099359463e+01 -2.142030657960611961e+01 -5.001241672105257408e+01 -1.177248052496512098e+00 6.288692997690148445e-01 2.500869429647140763e+01 8.666427706455406721e+00 4.100049288201348219e+01 2.406651984808430456e+01 2.626801721578994631e+01 -6.062139217444213557e+01 -1.434795907912042701e+01 -4.111382157211932054e+01 1.121979221824513786e+02 -4.863545758449850354e+01 2.298223064344220745e+01 -7.004602712509772289e+01 5.327753886210327749e+01
-4.845220053326497123e+01 -3.034504218099358752e+01 5.486590617215883867e+02 -3.438886926128966337e+01 -8.641744164271742079e+01 -2.424718357988740802e+00 -3.694396232575107319e+01 -4.022277020099825684e+00 1.830476547335995186e-01 1.709955330034306797e+01 6.185658697284117657e+00 1.342829248784539331e+01 -9.839536658548306036e+01 -5.146123528496593025e+01 -7.344785279045379411e+01 6.190741194949711712e+01 -8.775284120685269329e+01 1.242746926234967475e+01 -1.072380051927868152e+02 7.914548337774046871e+00
-3.397145927111161257e+01 -2.142030657960611961e+01 -3.438886926128966337e+01 6.215541483906449685e+02 -5.917138591478043708e+01 -1.675239157887244978e+00 -2.675648441910254149e+01 -4.567946214178261854e+00 -4.426694312657286634e-01 9.644493651721820271e+00 2.876087046812532577e+00 7.967275406040213781e+00 -6.712888521126585317e+01 -3.626041063780517959e+01 -5.038331190972250084e+01 3.732167234379633669e+01 -6.022839812615185906e+01 7.461582682521254561e+00 -7.289779311477190049e+01 2.188067230050837253e+00
-8.054892939619304570e+01 -5.001241672105257408e+01 -8.641744164271742079e+01 -5.917138591478041576e+01 4.010671677232018624e+02 -4.105607926042642575e+00 -5.884806863118475917e+01 -1.427893945590017921e+00 2.022408856599480220e+00 3.548155252548578886e+01 1.467892564167015834e+01 2.667985473520452899e+01 -1.691712150748934107e+02 -8.501203129439613804e+01 -1.254529262103440743e+02 1.212225231496736342e+02 -1.497896264225218204e+02 2.442625010846371225e+01 -1.851682948449672210e+02 2.327058835172465479e+01
-1.974586128300156007e+00 -1.177248052496512098e+00 -2.424718357988740358e+00 -1.675239157887245200e+00 -4.105607926042642575e+00 3.948909748328749743e+02 -1.154241342539649384e+00 5.552811232941485819e-01 2.424256859911002870e-01 1.661635838621833727e+00 8.532278131640054220e-01 1.142983782537662307e+00 -4.775061010554163765e+00 -2.023468132586913271e+00 -3.451410309665383647e+00 5.026315421154019525e+00 -4.110355038726870802e+00 1.021537231932603040e+00 -5.312764738483872762e+00 1.705602865303550431e+00
-6.635144146067338156e+00 6.288692997690201736e-01 -3.694396232575107319e+01 -2.675648441910253794e+01 -5.884806863118475917e+01 -1.154241342539649384e+00 4.823435879233434775e+01 5.736575231803242758e+01 1.894661729285500229e+01 8.003377420606874182e+01 4.925638893335323587e+01 4.981294175826496939e+01 -7.508931894239678684e+01 -1.108518899072603148e+00 -4.695398451767375292e+01 2.100726496215014834e+02 -5.503068280240374577e+01 4.318044651314113480e+01 -9.058102140452709250e+01 1.124600908538879338e+02
3.077940834955298044e+01 2.500869429647141473e+01 -4.022277020099825684e+00 -4.567946214178268960e+00 -1.427893945590028579e+00 5.552811232941488040e-01 5.736575231803242758e+01 -2.620580712423136447e+02 2.255262200309693554e+01 8.221626260011554166e+01 5.406716468649140239e+01 4.894478756536314279e+01 -1.131152480240275793e+01 3.980573403840014635e+01 2.454975310657738774e+00 2.021932852355736259e+02 4.212919386929886656e+00 4.179872168388244802e+01 -2.280324693550641513e+01 1.284062306542385841e+02
1.098331008588232471e+01 8.666427706455406721e+00 1.830476547336004067e-01 -4.426694312657271091e-01 2.022408856599482885e+00 2.424256859911001760e-01 1.894661729285500229e+01 2.255262200309693910e+01 -3.989713547399522895e+02 2.515389598899228218e+01 1.668621377654945803e+01 1.488178847732737431e+01 -7.181247559272478931e-01 1.388443132700512272e+01 2.863064079357590330e+00 6.129364390052531775e+01 3.819839788070476860e+00 1.268160221848353864e+01 -4.049733079748452980e+00 3.982224075278471531e+01
5.522614687755071827e+01 4.100049288201347508e+01 1.709955330034306442e+01 9.644493651721818495e+00 3.548155252548578176e+01 1.661635838621833949e+00 8.003377420606874182e+01 8.221626260011554166e+01 2.515389598899227508e+01 -6.493512962168946387e+02 5.783761344632972623e+01 4.899897455610700092e+01 2.956286578126758258e+01 6.661611126742378985e+01 3.426094441209811947e+01 1.996562905567787709e+02 4.236561487419416494e+01 4.143320078329823275e+01 2.049974965805133920e+01 1.402682009401107166e+02
3.164218004764046555e+01 2.406651984808431166e+01 6.185658697284113217e+00 2.876087046812529024e+00 1.467892564167014235e+01 8.532278131640051999e-01 4.925638893335323587e+01 5.406716468649140239e+01 1.668621377654945803e+01 5.783761344632972623e+01 -5.170433904084055712e+02 3.384014032825535168e+01 9.532928120007696293e+00 3.888188774331446496e+01 1.519562316302166316e+01 1.386234706782115893e+02 1.910397320155121292e+01 2.872461316021443523e+01 2.623792662708209100e+00 9.375356259055538999e+01
3.587937485354574108e+01 2.626801721578994275e+01 1.342829248784538976e+01 7.967275406040217334e+00 2.667985473520453610e+01 1.142983782537662307e+00 4.981294175826497650e+01 4.894478756536314279e+01 1.488178847732737609e+01 4.899897455610699382e+01 3.384014032825535878e+01 -8.718685642378206921e+02 2.396138609365462813e+01 4.282091574319499472e+01 2.510602014124709314e+01 1.141553562947444220e+02 3.084358996663402053e+01 2.371736439314166844e+01 1.917533144280672985e+01 8.253442214450757319e+01
-9.635781726603086383e+01 -6.062139217444213557e+01 -9.839536658548306036e+01 -6.712888521126585317e+01 -1.691712150748934391e+02 -4.775061010554165541e+00 -7.508931894239678684e+01 -1.131152480240276503e+01 -7.181247559272474490e-01 2.956286578126757547e+01 9.532928120007696293e+00 2.396138609365464234e+01 4.368431104822921043e+02 -1.026815857297370513e+02 -1.439570112952955299e+02 1.115869025287365162e+02 -1.720557311710552995e+02 2.234251492407038242e+01 -2.089256726043719254e+02 9.370019095553402622e+00
-2.847169906284245400e+01 -1.434795907912042878e+01 -5.146123528496593025e+01 -3.626041063780516538e+01 -8.501203129439616646e+01 -2.023468132586913715e+00 -1.108518899072601371e+00 3.980573403840014635e+01 1.388443132700512272e+01 6.661611126742378985e+01 3.888188774331447917e+01 4.282091574319498761e+01 -1.026815857297370371e+02 1.590841050519492512e+02 -7.002381958752413027e+01 1.831605019749025587e+02 -8.288413833483070903e+01 3.750344738386368704e+01 -1.182756335084001336e+02 8.574434794696290396e+01
-6.670098539538982152e+01 -4.111382157211932054e+01 -7.344785279045379411e+01 -5.038331190972249374e+01 -1.254529262103440743e+02 -3.451410309665384535e+00 -4.695398451767373871e+01 2.454975310657738774e+00 2.863064079357592551e+00 3.426094441209811237e+01 1.519562316302166494e+01 2.510602014124709314e+01 -1.439570112952955014e+02 -7.002381958752415869e+01 4.067976921262226710e+02 1.130429351621931318e+02 -1.267392691572081276e+02 2.283191548384904124e+01 -1.581007668401245780e+02 2.626477951698838353e+01
1.541659801048003544e+02 1.121979221824513786e+02 6.190741194949711712e+01 3.732167234379635090e+01 1.212225231496736484e+02 5.026315421154020413e+00 2.100726496215014834e+02 2.021932852355736259e+02 6.129364390052531775e+01 1.996562905567787709e+02 1.386234706782115893e+02 1.141553562947444220e+02 1.115869025287365162e+02 1.831605019749025587e+02 1.130429351621931602e+02 -5.337349121266720431e+02 1.385529122387788163e+02 9.609880934145748199e+01 9.302246065201971703e+01 3.390330157760699876e+02
-7.907825282341589457e+01 -4.863545758449850354e+01 -8.775284120685272171e+01 -6.022839812615185906e+01 -1.497896264225218204e+02 -4.110355038726870802e+00 -5.503068280240374577e+01 4.212919386929890209e+00 3.819839788070475528e+00 4.236561487419416494e+01 1.910397320155121648e+01 3.084358996663402053e+01 -1.720557311710552710e+02 -8.288413833483070903e+01 -1.267392691572081276e+02 1.385529122387788448e+02 3.517752875604076053e+02 2.800142926660781839e+01 -1.891451880822472162e+02 3.364312061571591528e+01
3.152785632656136983e+01 2.298223064344220745e+01 1.242746926234967475e+01 7.461582682521254561e+00 2.442625010846371225e+01 1.021537231932603040e+00 4.318044651314112770e+01 4.179872168388244802e+01 1.268160221848353864e+01 4.143320078329823275e+01 2.872461316021443523e+01 2.371736439314166844e+01 2.234251492407038242e+01 3.750344738386368704e+01 2.283191548384904124e+01 9.609880934145748199e+01 2.800142926660782194e+01 -9.480256621945220559e+02 1.843526519848776246e+01 7.019770232010240818e+01
-1.100402647256116211e+02 -7.004602712509772289e+01 -1.072380051927868152e+02 -7.289779311477190049e+01 -1.851682948449672210e+02 -5.312764738483872762e+00 -9.058102140452707829e+01 -2.280324693550641513e+01 -4.049733079748452980e+00 2.049974965805131433e+01 2.623792662708217094e+00 1.917533144280672985e+01 -2.089256726043719254e+02 -1.182756335084001336e+02 -1.581007668401245780e+02 9.302246065201971703e+01 -1.891451880822472162e+02 1.843526519848777667e+01 4.973619634282702009e+02 -8.309803253350409591e+00
6.888607765101789937e+01 5.327753886210327749e+01 7.914548337774046871e+00 2.188067230050833700e+00 2.327058835172465479e+01 1.705602865303550431e+00 1.124600908538879338e+02 1.284062306542385841e+02 3.982224075278470821e+01 1.402682009401107166e+02 9.375356259055538999e+01 8.253442214450757319e+01 9.370019095553388411e+00 8.574434794696288975e+01 2.626477951698838353e+01 3.390330157760699876e+02 3.364312061571590107e+01 7.019770232010239397e+01 -8.309803253350409591e+00 -2.513183656334731495e+02
