9.770000000000000000e+02
-9.400000000000000000e+02
9.070000000000000000e+02
8.970000000000000000e+02
-8.900000000000000000e+02
-7.880000000000000000e+02
7.650000000000000000e+02
7.550000000000000000e+02
-7.480000000000000000e+02
7.190000000000000000e+02
-5.800000000000000000e+02
-5.580000000000000000e+02
-5.080000000000000000e+02
4.690000000000000000e+02
-3.200000000000000000e+02
1.790000000000000000e+02
-1.280000000000000000e+02
2.500000000000000000e+01
1.300000000000000000e+01
1.000000000000000000e+00
