3.028150145141131588e+02 -1.371056912204269196e+01 -8.304028886186415548e+01 -9.843586255486331993e+01 -3.568642037825080049e+00 1.177736190766688651e+01 -1.061757902669743601e+02 -4.712734706226025594e+01 -1.078012853317879376e+02 -2.821716710146494389e+00 -1.253184448847442667e+02 -6.142171330621660097e+00 -2.938945561443797772e+01 -8.125367336744955082e+01 -1.199174122699816252e+02 -2.676493512527251255e+02 -6.706678946331567026e+00 1.497533289506508680e+01 -1.747607433495562645e+02 -1.963880985714332041e+02
-1.371056912204268841e+01 -5.875755478306939494e+02 2.028464871523735980e+01 2.160675692155719219e+01 3.165642169959780872e-01 8.684944802921469886e+01 6.670333298245024523e+00 1.041919477992029996e+01 4.311242491740695471e+01 3.213152837634394299e+00 -2.976959556279028973e+00 1.315378007015378081e+01 5.052865717013786195e+01 1.069111611961632846e-01 -8.034586739674907108e+00 -4.050866785834225325e+00 6.001491173935290391e+01 5.520492549769907242e+01 -1.324835334997433378e+01 1.765081617068208431e+00
-8.304028886186416969e+01 2.028464871523735624e+01 -1.633969988041720569e+02 2.298004752137987161e+00 -5.212042915398888976e-01 1.155555313869766962e+02 -1.906643532207815994e+01 1.196946129620135135e+00 2.770708546054117249e+01 3.425191114644812185e+00 -3.655612338985785925e+01 1.543327519108311030e+01 5.777290551218457182e+01 -2.106383182801457465e+01 -4.169712482817246979e+01 -7.508674817205117336e+01 7.597778401647204305e+01 7.540586410604295509e+01 -6.276048610445069897e+01 -4.895939100462142335e+01
-9.843586255486331993e+01 2.160675692155718508e+01 2.298004752137989826e+00 -1.387097677940729739e+02 -6.829642252916645617e-01 1.260165851455191728e+02 -2.418958525294465289e+01 -2.346238228107973001e-01 2.660992060938329828e+01 3.631926562835164241e+00 -4.382837867413449118e+01 1.657897687390365249e+01 6.185324064507987174e+01 -2.554891849363705347e+01 -4.924168183237294016e+01 -9.035791029640989791e+01 8.238497181032096250e+01 8.246982628335487675e+01 -7.392933568038091607e+01 -5.962956146686380521e+01
-3.568642037825080049e+00 3.165642169959779761e-01 -5.212042915398888976e-01 -6.829642252916646727e-01 7.896277444236628185e+01 2.470259030903861674e+00 -1.180948272497941431e+00 -3.249822322949206810e-01 -2.284897476583693521e-01 4.969511216988791585e-02 -1.683634172233911874e+00 2.726780485311531832e-01 9.732807908414903286e-01 -1.037225361334997098e+00 -1.749573683107938704e+00 -3.534209731567002688e+00 1.516980839762425592e+00 1.666058394540310017e+00 -2.590836033573753028e+00 -2.466708609702287003e+00
1.177736190766688651e+01 8.684944802921468465e+01 1.155555313869766962e+02 1.260165851455192012e+02 2.470259030903860786e+00 -5.030280187158695639e+02 6.114170635256562036e+01 6.066776469458321230e+01 2.254424917762353573e+02 1.527257224962683679e+01 2.338982135996900169e+01 6.093455440693774250e+01 2.357731897902438902e+02 2.432315214618218491e+01 -9.313610378829881853e-01 6.032675387961064928e+01 2.717623444141038931e+02 2.437770386055327094e+02 -8.276755736574260780e+00 6.556166442031454267e+01
-1.061757902669743743e+02 6.670333298245018305e+00 -1.906643532207816349e+01 -2.418958525294465289e+01 -1.180948272497941431e+00 6.114170635256563457e+01 1.020740326867754533e+02 -1.153240139759430072e+01 -1.382355003751813527e+01 9.958888769315947798e-01 -5.064982135912019601e+01 6.179432980220795457e+00 2.148502519725693105e+01 -3.151347087018869786e+01 -5.184441784608640091e+01 -1.066729118335770039e+02 3.648003381085135288e+01 4.177509864822506103e+01 -7.655754011012584215e+01 -7.518599140650479740e+01
-4.712734706226025594e+01 1.041919477992029996e+01 1.196946129620136468e+00 -2.346238228107950796e-01 -3.249822322949207365e-01 6.066776469458321230e+01 -1.153240139759429894e+01 -1.400616788989151758e+02 1.293078083043523918e+01 1.751947864893818485e+00 -2.096820408009342529e+01 7.989936729712671770e+00 2.981609289876602276e+01 -1.221408745594704293e+01 -2.358074329256864488e+01 -4.321857200093474205e+01 3.967801710405717586e+01 3.969527560087092866e+01 -3.540885547388091936e+01 -2.849956394686329020e+01
-1.078012853317879092e+02 4.311242491740695471e+01 2.770708546054117249e+01 2.660992060938330539e+01 -2.284897476583691300e-01 2.254424917762353573e+02 -1.382355003751812816e+01 1.293078083043523918e+01 -2.311374423073526714e+02 7.393409893234372809e+00 -4.405198662773351970e+01 3.183957841631813324e+01 1.206227304767609070e+02 -2.335476526647993012e+01 -5.541047190586758830e+01 -8.818622180579323810e+01 1.514689423100851116e+02 1.454779227806428139e+02 -8.468679433424048852e+01 -5.259628063144173638e+01
-2.821716710146493945e+00 3.213152837634394743e+00 3.425191114644812185e+00 3.631926562835162908e+00 4.969511216988788116e-02 1.527257224962684035e+01 9.958888769315936695e-01 1.751947864893818485e+00 7.393409893234372809e+00 -5.734403508681079984e+02 -7.300940874819359383e-01 2.299998482052548532e+00 8.825582091944195184e+00 -1.156063316580946410e-01 -1.609416572470066642e+00 -1.154097465075841544e+00 1.052913730372624634e+01 9.720233795302439361e+00 -2.615797520258536846e+00 -1.480416714460508487e-02
-1.253184448847442667e+02 -2.976959556279030306e+00 -3.655612338985785925e+01 -4.382837867413449828e+01 -1.683634172233911430e+00 2.338982135996900169e+01 -5.064982135912018890e+01 -2.096820408009342529e+01 -4.405198662773351259e+01 -7.300940874819366044e-01 3.510170087381461599e+02 -3.394804053030191504e-01 -4.142394311203337232e+00 -3.977506184660266086e+01 -6.036382693132365063e+01 -1.319122920851655181e+02 8.891996810545451879e+00 1.853557069625872344e+01 -8.828307159751531685e+01 -9.582963054042927808e+01
-6.142171330621660097e+00 1.315378007015378081e+01 1.543327519108310675e+01 1.657897687390365249e+01 2.726780485311531277e-01 6.093455440693775671e+01 6.179432980220797234e+00 7.989936729712671770e+00 3.183957841631813324e+01 2.299998482052548532e+00 -3.394804053030200386e-01 -6.706601722551342846e+02 3.595896838784970839e+01 1.213012726002096198e+00 -3.973203723980514468e+00 8.980823607145760334e-01 4.231501717269973284e+01 3.862752834240058064e+01 -6.873167603717227792e+00 3.991786225820099787e+00
-2.938945561443796350e+01 5.052865717013786906e+01 5.777290551218457182e+01 6.185324064507987885e+01 9.732807908414905507e-01 2.357731897902438902e+02 2.148502519725693816e+01 2.981609289876602276e+01 1.206227304767609070e+02 8.825582091944195184e+00 -4.142394311203330126e+00 3.595896838784970839e+01 -5.096852165502567686e+02 2.853075189894722197e+00 -1.806446250448168556e+01 -2.573870582437391974e+00 1.633926982655064819e+02 1.496305381968212203e+02 -3.051123391260371420e+01 1.099249082960175627e+01
-8.125367336744955082e+01 1.069111611961641728e-01 -2.106383182801457110e+01 -2.554891849363705347e+01 -1.037225361334997320e+00 2.432315214618217780e+01 -3.151347087018869786e+01 -1.221408745594704115e+01 -2.335476526647993012e+01 -1.156063316580946410e-01 -3.977506184660267508e+01 1.213012726002100194e+00 2.853075189894723973e+00 2.936951369770265501e+02 -3.929396253288736318e+01 -8.440112347670383031e+01 1.217998260339685146e+01 1.779545317552584294e+01 -5.763076545922717742e+01 -6.080295334967423315e+01
-1.199174122699815968e+02 -8.034586739674910660e+00 -4.169712482817246979e+01 -4.924168183237294016e+01 -1.749573683107938704e+00 -9.313610378829819680e-01 -5.184441784608640091e+01 -2.358074329256864488e+01 -5.541047190586758830e+01 -1.609416572470067086e+00 -6.036382693132365063e+01 -3.973203723980513580e+00 -1.806446250448169266e+01 -3.929396253288736318e+01 5.596333912126449377e+02 -1.290982889538693712e+02 -7.821133961258929901e+00 3.028976268673801986e+00 -8.348537318477771407e+01 -9.508746901276946062e+01
-2.676493512527251255e+02 -4.050866785834221773e+00 -7.508674817205115914e+01 -9.035791029640989791e+01 -3.534209731567002688e+00 6.032675387961064928e+01 -1.066729118335770039e+02 -4.321857200093474916e+01 -8.818622180579325232e+01 -1.154097465075841988e+00 -1.319122920851655181e+02 8.980823607145862475e-01 -2.573870582437420396e+00 -8.440112347670381610e+01 -1.290982889538693712e+02 9.854519855091155023e+01 2.625618154386753389e+01 4.613079345146748267e+01 -1.889926152637252699e+02 -2.031612264134347186e+02
-6.706678946331568802e+00 6.001491173935288259e+01 7.597778401647204305e+01 8.238497181032097672e+01 1.516980839762425592e+00 2.717623444141038931e+02 3.648003381085136709e+01 3.967801710405717586e+01 1.514689423100851116e+02 1.052913730372624990e+01 8.891996810545451879e+00 4.231501717269973284e+01 1.633926982655064535e+02 1.217998260339685146e+01 -7.821133961258910361e+00 2.625618154386753389e+01 -6.040423551931047541e+02 1.716512323641238140e+02 -1.624486262873404030e+01 3.418307677128576927e+01
1.497533289506511522e+01 5.520492549769906532e+01 7.540586410604296930e+01 8.246982628335487675e+01 1.666058394540310017e+00 2.437770386055327094e+02 4.177509864822506103e+01 3.969527560087092866e+01 1.454779227806428139e+02 9.720233795302437585e+00 1.853557069625871634e+01 3.862752834240057354e+01 1.496305381968212203e+02 1.779545317552584294e+01 3.028976268673801542e+00 4.613079345146744714e+01 1.716512323641238140e+02 -7.966579909992912008e+02 4.892897221510406069e-02 4.728423911116197331e+01
-1.747607433495562645e+02 -1.324835334997433378e+01 -6.276048610445069897e+01 -7.392933568038090186e+01 -2.590836033573753472e+00 -8.276755736574260780e+00 -7.655754011012584215e+01 -3.540885547388093357e+01 -8.468679433424048852e+01 -2.615797520258536846e+00 -8.828307159751531685e+01 -6.873167603717229568e+00 -3.051123391260371420e+01 -5.763076545922717031e+01 -8.348537318477771407e+01 -1.889926152637252130e+02 -1.624486262873404741e+01 4.892897221510406069e-02 5.456278938691613121e+02 -1.395805705324304142e+02
-1.963880985714332041e+02 1.765081617068206654e+00 -4.895939100462142335e+01 -5.962956146686380521e+01 -2.466708609702287447e+00 6.556166442031457109e+01 -7.518599140650479740e+01 -2.849956394686329020e+01 -5.259628063144172927e+01 -1.480416714460508487e-02 -9.582963054042927808e+01 3.991786225820105116e+00 1.099249082960175627e+01 -6.080295334967422605e+01 -9.508746901276943220e+01 -2.031612264134347470e+02 3.418307677128578348e+01 4.728423911116197331e+01 -1.395805705324304142e+02 1.470250892258263491e+02
