9.630000000000000000e+02
-9.240000000000000000e+02
9.190000000000000000e+02
9.070000000000000000e+02
-8.440000000000000000e+02
8.310000000000000000e+02
7.410000000000000000e+02
-7.340000000000000000e+02
-6.520000000000000000e+02
-4.840000000000000000e+02
4.110000000000000000e+02
-4.100000000000000000e+02
4.050000000000000000e+02
3.710000000000000000e+02
2.930000000000000000e+02
2.750000000000000000e+02
-1.420000000000000000e+02
-1.400000000000000000e+02
-1.160000000000000000e+02
-4.400000000000000000e+01
