-9.960000000000000000e+02
-9.680000000000000000e+02
-9.000000000000000000e+02
-7.340000000000000000e+02
7.230000000000000000e+02
6.450000000000000000e+02
6.290000000000000000e+02
5.990000000000000000e+02
-5.560000000000000000e+02
5.490000000000000000e+02
5.130000000000000000e+02
5.030000000000000000e+02
-4.760000000000000000e+02
-4.060000000000000000e+02
3.950000000000000000e+02
-3.340000000000000000e+02
2.270000000000000000e+02
1.850000000000000000e+02
1.710000000000000000e+02
2.500000000000000000e+01
