1.598417836748787977e+02 -5.196463822597416282e+01 -5.129305314072150956e+00 1.690408899546559240e+01 -8.974362053385365812e+01 3.616885221233123815e+01 -6.568627512952485858e+01 -7.889749479372624386e+00 -1.400750450434594896e+01 2.269548014915274337e+01 4.859081522063745950e+01 -7.909618290713576982e+01 -4.994673332502072682e+00 -8.057337574081321918e+01 9.500085580730644352e+00 1.074431605154720870e+01 3.410510166361648832e+00 -9.046695115643508700e+00 1.434289479134478462e+01 -3.064734413360721987e+01
-5.196463822597416993e+01 3.806305166861435509e+02 -1.039997837950620507e+01 -1.417144669763502485e+01 -1.536296775343962508e+02 5.574277869001562635e+00 -1.081373591281708855e+02 -1.385281574965634732e+01 -4.211283041901691604e+01 -5.909221720134013367e+00 2.892991926826529081e+01 -1.400633743272961169e+02 -9.488398825641652934e+00 -1.433144014856457886e+02 -1.772516602623258919e+01 1.946848159631129782e+00 2.649886900439397230e+00 -6.247543131560213681e+01 -1.576483979363188181e+00 -6.577873008623157602e+01
-5.129305314072151845e+00 -1.039997837950620507e+01 3.059247669100754479e+02 8.867020428938997556e-01 -1.725883609712390054e+01 3.865836786603652264e+00 -1.239598050763364334e+01 -1.536305117799193098e+00 -3.688303822174510138e+00 1.909867230264027160e+00 6.369401455208961060e+00 -1.546680186644753796e+01 -1.011988725070281481e+00 -1.579049465257403995e+01 -3.697250791361800237e-02 1.164341476925145447e+00 4.810236243563552616e-01 -4.316722591670901998e+00 1.325328149036862913e+00 -6.624053178506335016e+00
1.690408899546558530e+01 -1.417144669763502129e+01 8.867020428938987564e-01 -2.861738462981388693e+02 -5.743896153637219015e+01 1.682318119006288555e+02 -5.313773561820755020e+01 -4.157289156588463541e+00 3.772959360837333520e+01 1.297865249952376416e+02 1.707983812005420532e+02 -3.862267843862062477e+01 -7.809949889518973398e-01 -3.770829340883439329e+01 9.360056266495344346e+01 4.922571456463302297e+01 1.039323711496177971e+01 1.152066771814100008e+02 7.646453641445368987e+01 1.466948229347952548e+01
-8.974362053385368654e+01 -1.536296775343962508e+02 -1.725883609712390054e+01 -5.743896153637219015e+01 4.918877136135330943e+02 -3.819490532379104764e+01 -1.619179009803967517e+02 -2.148753201252706191e+01 -7.948745313414407576e+01 -4.616454442567413707e+01 -7.178659703837615425e-01 -2.182159000561005087e+02 -1.529891494043028466e+01 -2.237902024581798628e+02 -5.531329600651716305e+01 -1.065961104102266432e+01 1.411079524594246903e+00 -1.345799481620729523e+02 -2.408249248773526574e+01 -1.117085341068430466e+02
3.616885221233123815e+01 5.574277869001565300e+00 3.865836786603655817e+00 1.682318119006288555e+02 -3.819490532379102632e+01 -3.361358058574999745e+02 -4.405344597805249407e+01 -2.063251160763724279e+00 6.177849595346285128e+01 1.768674350595819362e+02 2.233405666167048764e+02 -1.625272813580198061e+01 1.378808592174195935e+00 -1.418336021517270673e+01 1.310084770833200594e+02 6.600831733486474207e+01 1.336230614941159267e+01 1.716794747492746751e+02 1.037138778077413264e+02 3.669335944586588028e+01
-6.568627512952485858e+01 -1.081373591281708855e+02 -1.239598050763364334e+01 -5.313773561820755020e+01 -1.619179009803967517e+02 -4.405344597805249407e+01 8.028473579649125895e+02 -1.490728162668413148e+01 -6.045428491746246635e+01 -4.589362463343639575e+01 -1.758497344519789252e+01 -1.517499015013554526e+02 -1.083164931780714646e+01 -1.558163611991600987e+02 -4.880047594446553916e+01 -1.252202957359376079e+01 -3.266478813014925264e-02 -1.074855987137617888e+02 -2.481674162990021415e+01 -8.112617141620943073e+01
-7.889749479372624386e+00 -1.385281574965634377e+01 -1.536305117799193098e+00 -4.157289156588463541e+00 -2.148753201252706191e+01 -2.063251160763726055e+00 -1.490728162668413148e+01 6.310449783663104881e+02 -6.805132313204043548e+00 -3.085037994428847519e+00 1.308901485228959327e+00 -1.982524208414940148e+01 -1.374439224039579743e+00 -2.031639313932603130e+01 -4.194107822897200855e+00 -5.575338788125493439e-01 2.097452084174801501e-01 -1.110911568077001021e+01 -1.538942368396034377e+00 -9.872005659620628037e+00
-1.400750450434595251e+01 -4.211283041901691604e+01 -3.688303822174510582e+00 3.772959360837333520e+01 -7.948745313414408997e+01 6.177849595346286549e+01 -6.045428491746246635e+01 -6.805132313204045325e+00 -4.833846830986511023e+00 4.373116821450827985e+01 7.167709398170143231e+01 -6.759641593669235249e+01 -3.928615167081288995e+00 -6.852350835921909322e+01 2.635675620861002955e+01 1.819831971642629398e+01 4.703946431054067290e+00 1.679255619881386963e+01 2.649765026308458005e+01 -2.011619991775465621e+01
2.269548014915274337e+01 -5.909221720134016920e+00 1.909867230264028048e+00 1.297865249952376416e+02 -4.616454442567411576e+01 1.768674350595819362e+02 -4.589362463343638154e+01 -3.085037994428845742e+00 4.373116821450827985e+01 -3.365942611351841265e+02 1.773843620822318883e+02 -2.759565253602913515e+01 6.593300077904781786e-02 -2.632673881517951742e+01 1.003575231334493481e+02 5.172295255951772930e+01 1.071062056959198294e+01 1.273347202273684502e+02 8.077487137163092257e+01 2.163416108038366303e+01
4.859081522063745950e+01 2.892991926826529081e+01 6.369401455208960172e+00 1.707983812005419963e+02 -7.178659703837908523e-01 2.233405666167048764e+02 -1.758497344519790673e+01 1.308901485228955330e+00 7.167709398170141810e+01 1.773843620822318883e+02 -5.528373413193102124e+02 1.781861929362862540e+01 3.674067967180325134e+00 2.066613664913505843e+01 1.346303600022406499e+02 6.519368235793676547e+01 1.265002037383738909e+01 1.859493751455546828e+02 1.035587113477230190e+02 5.246466222843251614e+01
-7.909618290713576982e+01 -1.400633743272961169e+02 -1.546680186644753974e+01 -3.862267843862064609e+01 -2.182159000561005087e+02 -1.625272813580198061e+01 -1.517499015013554811e+02 -1.982524208414940148e+01 -6.759641593669235249e+01 -2.759565253602913515e+01 1.781861929362862540e+01 4.040542690150998055e+02 -1.387980204284448682e+01 -2.058733416411158146e+02 -3.975754054084214317e+01 -4.289945562257968525e+00 2.396070056896224099e+00 -1.088980517616905672e+02 -1.344871378735303935e+01 -9.914401875535097020e+01
-4.994673332502072682e+00 -9.488398825641652934e+00 -1.011988725070281481e+00 -7.809949889518964516e-01 -1.529891494043028466e+01 1.378808592174195491e+00 -1.083164931780714646e+01 -1.374439224039580187e+00 -3.928615167081288106e+00 6.593300077904890033e-02 3.674067967180326910e+00 -1.387980204284448682e+01 4.220688316043965074e+02 -1.419299008901715808e+01 -1.268231269452482657e+00 4.343091692190858000e-01 3.104983268102173843e-01 -5.534536460634804200e+00 2.250166684567958264e-01 -6.355796071994086915e+00
-8.057337574081321918e+01 -1.433144014856457886e+02 -1.579049465257403995e+01 -3.770829340883440750e+01 -2.237902024581798344e+02 -1.418336021517272094e+01 -1.558163611991601556e+02 -2.031639313932603130e+01 -6.852350835921909322e+01 -2.632673881517951386e+01 2.066613664913507264e+01 -2.058733416411158146e+02 -1.419299008901715808e+01 3.801050221892774061e+02 -3.927435716344403716e+01 -3.674304184869516376e+00 2.597880656833856161e+00 -1.096077664012489521e+02 -1.264000918748407010e+01 -1.010895138417467507e+02
9.500085580730647905e+00 -1.772516602623257143e+01 -3.697250791361780808e-02 9.360056266495344346e+01 -5.531329600651716305e+01 1.310084770833200594e+02 -4.880047594446555337e+01 -4.194107822897199966e+00 2.635675620861002955e+01 1.003575231334493481e+02 1.346303600022406499e+02 -3.975754054084213607e+01 -1.268231269452482657e+00 -3.927435716344405137e+01 -2.785624201976231689e+02 3.835595296877237814e+01 8.254423777569483534e+00 8.509166851519184149e+01 5.925913514634220292e+01 6.801500670521161140e+00
1.074431605154721048e+01 1.946848159631136888e+00 1.164341476925145447e+00 4.922571456463302297e+01 -1.065961104102264656e+01 6.600831733486472785e+01 -1.252202957359376079e+01 -5.575338788125490108e-01 1.819831971642629753e+01 5.172295255951772930e+01 6.519368235793677968e+01 -4.289945562257964973e+00 4.343091692190858000e-01 -3.674304184869516376e+00 3.835595296877238525e+01 -5.507102598304542198e+02 3.897465149135962204e+00 5.039262163538150929e+01 3.032377360431988578e+01 1.094313169590176749e+01
3.410510166361648832e+00 2.649886900439397230e+00 4.810236243563552616e-01 1.039323711496177971e+01 1.411079524594248680e+00 1.336230614941159267e+01 -3.266478813014923877e-02 2.097452084174801501e-01 4.703946431054067290e+00 1.071062056959198294e+01 1.265002037383738909e+01 2.396070056896224099e+00 3.104983268102173288e-01 2.597880656833855273e+00 8.254423777569483534e+00 3.897465149135962204e+00 -9.512652525832210131e+02 1.176051628874943056e+01 6.235231534868785452e+00 3.773953648487589518e+00
-9.046695115643508700e+00 -6.247543131560209417e+01 -4.316722591670903775e+00 1.152066771814100150e+02 -1.345799481620729523e+02 1.716794747492746751e+02 -1.074855987137618030e+02 -1.110911568077001021e+01 1.679255619881387673e+01 1.273347202273684502e+02 1.859493751455547113e+02 -1.088980517616905672e+02 -5.534536460634804200e+00 -1.096077664012489805e+02 8.509166851519182728e+01 5.039262163538150219e+01 1.176051628874943056e+01 -7.562267184577082446e+01 7.597378915334830651e+01 -1.820623399131421394e+01
1.434289479134478462e+01 -1.576483979363188181e+00 1.325328149036862024e+00 7.646453641445368987e+01 -2.408249248773525153e+01 1.037138778077413264e+02 -2.481674162990021770e+01 -1.538942368396037041e+00 2.649765026308458360e+01 8.077487137163092257e+01 1.035587113477230332e+02 -1.344871378735303225e+01 2.250166684567958264e-01 -1.264000918748406299e+01 5.925913514634219581e+01 3.032377360431988578e+01 6.235231534868785452e+00 7.597378915334830651e+01 -4.525532132260988760e+02 1.399113964709463964e+01
-3.064734413360721987e+01 -6.577873008623156181e+01 -6.624053178506335016e+00 1.466948229347952548e+01 -1.117085341068430466e+02 3.669335944586587317e+01 -8.112617141620943073e+01 -9.872005659620628037e+00 -2.011619991775465621e+01 2.163416108038367014e+01 5.246466222843251614e+01 -9.914401875535097020e+01 -6.355796071994087804e+00 -1.010895138417467365e+02 6.801500670521164693e+00 1.094313169590177104e+01 3.773953648487590407e+00 -1.820623399131421039e+01 1.399113964709464142e+01 1.908836790996599575e+02
