9.284709037038848010e+02 -5.998441789005388713e+00 -4.848061874880817079e+00 -3.155123541625319827e+00 1.075521855015742378e+00 -7.135556822852703873e-02 -4.565700816258477346e+00 -2.095081959006874328e+01 -2.644478164697387967e+01 9.801763740904206879e-01 -1.389286188073041606e+00 -1.005626654950091492e+01 2.649250436069942038e-01 -1.296534491361967589e+01 -2.793775630337664140e+01 -1.987809111391368688e+01 -1.087473745718969553e+01 -2.145534226142806844e+01 1.354772089113431832e-02 -3.871174539330776376e+00
-5.998441789005388713e+00 -2.287630348316779418e+02 1.441595927385650668e+02 1.316257141984660350e+01 7.873120948643740746e+01 1.037206667709850905e+01 7.065617601106305301e+01 -4.933590887704766459e+01 -4.501803637897300803e+01 7.271765618151682986e+01 7.679245191400968906e+01 -1.719178473481520086e+01 4.301725226957350401e+01 4.848887630380266955e+01 -5.916309354932225517e+01 -1.187065255848491852e+01 9.413788129877200106e+01 -2.174449143235684190e+01 3.391818727946679957e+01 5.022086489493831607e+01
-4.848061874880816191e+00 1.441595927385650668e+02 -2.375102939527682793e+02 4.458992529505952973e+01 1.889093502824704842e+02 2.571790681757703823e+01 1.911063737168095145e+02 -3.929102167445825700e+01 -7.272250613484127157e+00 1.745317715475177636e+02 1.937677408696517602e+02 -2.943489908625618323e+00 1.044752332736460687e+02 1.694980359358390274e+02 -3.614276347763362196e+01 4.841610905606577830e+01 2.733073962160183328e+02 3.035033170265327129e+01 8.313838875438027287e+01 1.382757431994980379e+02
-3.155123541625319827e+00 1.316257141984660350e+01 4.458992529505951552e+01 -7.521970514885845205e+01 2.612440165613406506e+01 3.340234504998633724e+00 2.081249806229426724e+01 -2.602139491516509651e+01 -2.723160170937331515e+01 2.412271795621249737e+01 2.432055560379675185e+01 -1.037908845862931528e+01 1.412028164290637555e+01 9.603273999609724498e+00 -3.254380019120367251e+01 -1.332278686406361423e+01 2.544864888991114071e+01 -1.728560262288360505e+01 1.104056829213772595e+01 1.449513295924313283e+01
1.075521855015743267e+00 7.873120948643740746e+01 1.889093502824704842e+02 2.612440165613406506e+01 -8.950126334481964250e+02 1.268383635508650187e+01 9.975392224071980252e+01 9.335274089394665964e+00 3.249605455586686986e+01 8.408085978367056157e+01 9.672565244181723187e+01 1.227027441418232989e+01 5.076981248061572671e+01 1.006308106880587729e+02 2.040213534537076612e+01 5.079727359963547428e+01 1.485855809426473115e+02 4.410618199584536114e+01 4.067012118460924341e+01 7.295126320218901128e+01
-7.135556822852678893e-02 1.037206667709851260e+01 2.571790681757704178e+01 3.340234504998633724e+00 1.268383635508650009e+01 -7.902511104409767313e+02 1.340577645186430544e+01 -5.321922348380488943e-01 2.194341511113374388e+00 1.171986104241125304e+01 1.326327869018288474e+01 8.223942255739553620e-01 7.048239857824049714e+00 1.279585538659634025e+01 3.908926636396644061e-01 5.298422765678087565e+00 1.961350997553730480e+01 4.235242910439196429e+00 5.628829860183038214e+00 9.757473932954763285e+00
-4.565700816258478234e+00 7.065617601106305301e+01 1.911063737168095145e+02 2.081249806229426724e+01 9.975392224071981673e+01 1.340577645186430544e+01 -3.636190396247274066e+02 -3.736649119749155545e+01 -2.501008526761836848e+01 9.215100035205477980e+01 1.003209682942920153e+02 -9.603890799342753581e+00 5.490383550551327829e+01 7.833452830968158764e+01 -4.132047390998697978e+01 9.407150013586043968e+00 1.343536015827726828e+02 -1.314672615567369807e+00 4.353272404782018157e+01 6.928167880239402621e+01
-2.095081959006874328e+01 -4.933590887704767169e+01 -3.929102167445826410e+01 -2.602139491516509651e+01 9.335274089394658859e+00 -5.321922348380508927e-01 -3.736649119749154124e+01 7.514471664659786256e+02 -2.189673971636339047e+02 8.513096587826087358e+00 -1.106115119766090338e+01 -8.326804391627480584e+01 2.431511733521393825e+00 -1.069609795813531150e+02 -2.313943347761473319e+02 -1.644712818652638475e+02 -8.941516073494952366e+01 -1.775713715424585359e+02 3.016041311824025906e-01 -3.173650519886457033e+01
-2.644478164697387967e+01 -4.501803637897302224e+01 -7.272250613484127157e+00 -2.723160170937332225e+01 3.249605455586686986e+01 2.194341511113372611e+00 -2.501008526761838269e+01 -2.189673971636339616e+02 4.494257716644600009e+02 2.988472736854103573e+01 7.813383100962541405e+00 -1.032929042164726212e+02 1.459431387750990616e+01 -1.134648964464885950e+02 -2.901430524744436639e+02 -1.980096586883757084e+02 -8.025459724992457211e+01 -2.162125016750215707e+02 9.594023846872365979e+00 -2.390780286377082575e+01
9.801763740904197997e-01 7.271765618151682986e+01 1.745317715475177351e+02 2.412271795621249737e+01 8.408085978367054736e+01 1.171986104241125304e+01 9.215100035205477980e+01 8.513096587826073147e+00 2.988472736854102862e+01 -9.063014740978320560e+02 8.936991687383743965e+01 1.128387384010776806e+01 4.691426051184723178e+01 9.291597661265564057e+01 1.870153185235674442e+01 4.683101437237594666e+01 1.372388985175286962e+02 4.063973941066135609e+01 3.758048679992686658e+01 6.738828344978367113e+01
-1.389286188073042494e+00 7.679245191400966064e+01 1.937677408696517602e+02 2.432055560379675185e+01 9.672565244181726030e+01 1.326327869018288297e+01 1.003209682942920296e+02 -1.106115119766090693e+01 7.813383100962527195e+00 8.936991687383746807e+01 -6.076976652433354502e+02 2.879623752249311330e+00 5.363771106603640959e+01 9.287349624074307997e+01 -6.388407784956520175e+00 3.359624769514110199e+01 1.453708792668323895e+02 2.499041728510283278e+01 4.276954712139101389e+01 7.283564966243163497e+01
-1.005626654950091314e+01 -1.719178473481520086e+01 -2.943489908625612550e+00 -1.037908845862931706e+01 1.227027441418233344e+01 8.223942255739558060e-01 -9.603890799342739371e+00 -8.326804391627480584e+01 -1.032929042164726212e+02 1.128387384010776806e+01 2.879623752249312219e+00 6.837127628838881037e+02 5.501355874217811248e+00 -4.323839977583858030e+01 -1.103420189325870666e+02 -7.533830045943849996e+01 -3.065592356159622511e+01 -8.225335603711265264e+01 3.609600422236782347e+00 -9.159463357805655903e+00
2.649250436069943704e-01 4.301725226957350401e+01 1.044752332736460687e+02 1.412028164290637555e+01 5.076981248061571961e+01 7.048239857824049714e+00 5.490383550551328540e+01 2.431511733521394270e+00 1.459431387750991327e+01 4.691426051184723178e+01 5.363771106603640959e+01 5.501355874217811248e+00 -8.797152847183683662e+02 5.428405313156568468e+01 7.668023809277515035e+00 2.564362280031575381e+01 8.124316126286522888e+01 2.171250677976173549e+01 2.263180716749346644e+01 4.008165924773786060e+01
-1.296534491361967234e+01 4.848887630380268376e+01 1.694980359358389990e+02 9.603273999609728051e+00 1.006308106880587445e+02 1.279585538659634025e+01 7.833452830968158764e+01 -1.069609795813531150e+02 -1.134648964464885665e+02 9.291597661265564057e+01 9.287349624074307997e+01 -4.323839977583858030e+01 5.428405313156568468e+01 -1.552939974508615606e+01 -1.343586032694048527e+02 -5.786003771379995442e+01 9.399343939633178024e+01 -7.360325845467180272e+01 4.237888389638544595e+01 5.432315630467951451e+01
-2.793775630337663785e+01 -5.916309354932225517e+01 -3.614276347763362907e+01 -3.254380019120367962e+01 2.040213534537076612e+01 3.908926636396626297e-01 -4.132047390998699399e+01 -2.313943347761473319e+02 -2.901430524744436639e+02 1.870153185235675153e+01 -6.388407784956520175e+00 -1.103420189325870666e+02 7.668023809277515035e+00 -1.343586032694048527e+02 5.371786032727608244e+02 -2.156382237463051581e+02 -1.067130841730399879e+02 -2.337474047868142861e+02 3.940066362707374203e+00 -3.611846559992007855e+01
-1.987809111391368688e+01 -1.187065255848491319e+01 4.841610905606577830e+01 -1.332278686406361601e+01 5.079727359963547428e+01 5.298422765678088453e+00 9.407150013586043968e+00 -1.644712818652638759e+02 -1.980096586883757084e+02 4.683101437237596087e+01 3.359624769514110199e+01 -7.533830045943849996e+01 2.564362280031575736e+01 -5.786003771379993310e+01 -2.156382237463051581e+02 3.283705260489225566e+02 -1.881099688009212656e+01 -1.524352222251673084e+02 1.894164561637889221e+01 2.591624519561015916e+00
-1.087473745718969731e+01 9.413788129877201527e+01 2.733073962160183896e+02 2.544864888991114071e+01 1.485855809426473400e+02 1.961350997553730480e+01 1.343536015827726828e+02 -8.941516073494952366e+01 -8.025459724992458632e+01 1.372388985175286962e+02 1.453708792668323895e+02 -3.065592356159623577e+01 8.124316126286522888e+01 9.399343939633175182e+01 -1.067130841730399879e+02 -1.881099688009211235e+01 -1.141226790907777087e+02 -3.718263761371335363e+01 6.409409006833627132e+01 9.560964403351115948e+01
-2.145534226142806489e+01 -2.174449143235683479e+01 3.035033170265328550e+01 -1.728560262288360150e+01 4.410618199584533983e+01 4.235242910439196429e+00 -1.314672615567376690e+00 -1.775713715424585075e+02 -2.162125016750215707e+02 4.063973941066137030e+01 2.499041728510283278e+01 -8.225335603711265264e+01 2.171250677976173904e+01 -7.360325845467181693e+01 -2.337474047868142861e+02 -1.524352222251673084e+02 -3.718263761371333942e+01 3.823680593736201558e+02 1.567544996528071799e+01 -5.563070328958481525e+00
1.354772089113476241e-02 3.391818727946679957e+01 8.313838875438027287e+01 1.104056829213772772e+01 4.067012118460924341e+01 5.628829860183038214e+00 4.353272404782018157e+01 3.016041311824027016e-01 9.594023846872373085e+00 3.758048679992687369e+01 4.276954712139101389e+01 3.609600422236778794e+00 2.263180716749346288e+01 4.237888389638543885e+01 3.940066362707374203e+00 1.894164561637889221e+01 6.409409006833627132e+01 1.567544996528071799e+01 -8.359068790840967722e+02 3.173818871435852174e+01
-3.871174539330777709e+00 5.022086489493831607e+01 1.382757431994980664e+02 1.449513295924313638e+01 7.295126320218901128e+01 9.757473932954763285e+00 6.928167880239405463e+01 -3.173650519886457033e+01 -2.390780286377081154e+01 6.738828344978368534e+01 7.283564966243163497e+01 -9.159463357805654127e+00 4.008165924773786060e+01 5.432315630467952161e+01 -3.611846559992006434e+01 2.591624519561001705e+00 9.560964403351115948e+01 -5.563070328958481525e+00 3.173818871435852174e+01 -3.623245939868134542e+02
