-5.298713514149600314e+02 3.876418204019765223e+00 5.547069990679822382e+01 6.300964550799240271e+01 2.212236069958600382e+01 3.741972478643216249e+01 2.487340376293265987e+00 1.009400906329492642e+00 6.001976747169179305e+01 1.175357307937466622e+01 -2.678044408544590382e+01 3.853754113385927837e+01 -1.068964561029928717e+01 6.455129160029234647e+00 -2.145534407850242076e+00 -1.235066369561837440e+01 -2.450176043650686530e+00 2.344435263895764265e+01 1.478486269184001856e+01 1.445665603028718671e+01
3.876418204019765223e+00 1.913077339290726400e+02 1.995951206829196067e+01 2.811529144153339743e+01 -2.013426707917355429e+01 1.754191650174954731e+01 -2.490488321812091499e+01 -4.118271812465101434e+00 3.308503889080446214e+01 3.079192786470797305e+00 -7.754526460371926078e+01 1.973313051581817845e+01 -3.295753497882412120e+01 3.564095729551341574e+00 -2.287605894429814768e+01 -5.506396318103604415e+01 -2.197496283145292395e+01 -6.891929752706122514e+00 7.276788314803127378e+00 -2.341256221616334443e+01
5.547069990679820961e+01 1.995951206829195712e+01 -3.388603699096964306e+02 2.861840427311903454e+02 1.079717262005083285e+02 1.697459210492133934e+02 1.779457742283253197e+01 5.725653844780535628e+00 2.710298745541370522e+02 5.392445286660566239e+01 -1.052515024147494671e+02 1.744002464322844048e+02 -4.151137008776810688e+01 2.914782922588755554e+01 -4.270521277006535499e+00 -4.371948594150788381e+01 -5.913178554174578494e+00 1.108160825940695986e+02 6.698173695823682294e+01 7.311928474482166962e+01
6.300964550799240271e+01 2.811529144153340454e+01 2.861840427311904023e+02 -3.977825808980580291e+02 1.392259200612696759e+02 1.894137530691181155e+02 3.587576008980676789e+01 9.210311203090546073e+00 2.993924794048470517e+02 6.166605915512009517e+01 -7.751265050747156238e+01 1.935829424968563046e+02 -2.914937621379857902e+01 3.219449845243847363e+01 8.672945834588141167e+00 -1.850840031128923613e+01 6.198525787742761750e+00 1.346438271775178350e+02 7.453017080297125574e+01 1.001415207664975213e+02
2.212236069958600382e+01 -2.013426707917355429e+01 1.079717262005083143e+02 1.392259200612696759e+02 1.448398013335898327e+01 8.525642518010573667e+01 -7.374583628236275956e+01 -1.168597089818690193e+01 1.518212449275299321e+02 1.937500551615730160e+01 -2.589807252907405086e+02 9.288157371702658338e+01 -1.094806983905132540e+02 1.634604397462520708e+01 -7.150593369422038847e+01 -1.782302587378751184e+02 -6.902024133213191703e+01 -1.055116967525347782e+00 3.473895235177172935e+01 -5.902102334827551999e+01
3.741972478643216249e+01 1.754191650174955086e+01 1.697459210492133934e+02 1.894137530691181439e+02 8.525642518010576509e+01 -6.440404459292855108e+02 2.373717679103626921e+01 5.889918884160981527e+00 1.764857722799803810e+02 3.668589091325367946e+01 -3.950571491651172096e+01 1.142620079403909017e+02 -1.451606945221743672e+01 1.897743017767556495e+01 7.250114820711168306e+00 -6.155360330791338264e+00 5.686156462707364412e+00 8.132232659054507451e+01 4.402005637187244957e+01 6.212362220869687945e+01
2.487340376293266431e+00 -2.490488321812091499e+01 1.779457742283252841e+01 3.587576008980676079e+01 -7.374583628236275956e+01 2.373717679103626921e+01 3.235578276417556367e+02 -1.257179977597598786e+01 5.231297095619573412e+01 4.613261328560210872e-01 -2.040018749782474003e+02 2.924367749146946238e+01 -8.719762929560160103e+01 5.642946888288827623e+00 -6.429348096253559675e+01 -1.496227076591552816e+02 -6.148284570008181760e+01 -3.658523165751180528e+01 1.037388482820670887e+01 -7.770129817817624485e+01
1.009400906329492642e+00 -4.118271812465102322e+00 5.725653844780537405e+00 9.210311203090544296e+00 -1.168597089818690904e+01 5.889918884160979751e+00 -1.257179977597598786e+01 3.068758541532844220e+02 1.190775113681326403e+01 6.413858531640054261e-01 -3.653088271970860035e+01 6.894848596442686883e+00 -1.557840606100055325e+01 1.283562243035563544e+00 -1.121231575393857938e+01 -2.644471188002584228e+01 -1.074120147107246659e+01 -5.201517441448062051e+00 2.499113112950733129e+00 -1.273578899770962991e+01
6.001976747169179305e+01 3.308503889080446214e+01 2.710298745541370522e+02 2.993924794048470517e+02 1.518212449275299321e+02 1.764857722799804094e+02 5.231297095619573412e+01 1.190775113681326403e+01 -6.426265343403789529e+02 5.921802380491415363e+01 -2.514266392432055142e+01 1.791626842314837802e+02 -6.915458873765198966e+00 2.960740558405396428e+01 2.392385292505047545e+01 1.844911627244585617e+01 2.086210914093339142e+01 1.384080529914469935e+02 6.919277837272278475e+01 1.151760571677633180e+02
1.175357307937466622e+01 3.079192786470797305e+00 5.392445286660565529e+01 6.166605915512009517e+01 1.937500551615729805e+01 3.668589091325367235e+01 4.613261328560203101e-01 6.413858531640060923e-01 5.921802380491415363e+01 -4.666612738272606862e+02 -3.118420888280185821e+01 3.790822705296882589e+01 -1.259948204622648582e+01 6.369341314223076367e+00 -3.762113098609205508e+00 -1.584543741976029807e+01 -3.981609751764674243e+00 2.162837842476320205e+01 1.452114588311342480e+01 1.188354426116440798e+01
-2.678044408544590382e+01 -7.754526460371926078e+01 -1.052515024147494103e+02 -7.751265050747157659e+01 -2.589807252907405086e+02 -3.950571491651170675e+01 -2.040018749782474003e+02 -3.653088271970860035e+01 -2.514266392432057273e+01 -3.118420888280185821e+01 5.092732881569563119e+02 -2.780816697596408460e+01 -2.045765169043728804e+02 -2.659309779706687138e+00 -1.666641768726598798e+02 -3.675619005897798957e+02 -1.582792396950499949e+02 -1.628774378209640759e+02 -1.293786702138971734e+01 -2.484523026330120956e+02
3.853754113385927837e+01 1.973313051581817845e+01 1.744002464322844048e+02 1.935829424968563046e+02 9.288157371702655496e+01 1.142620079403909017e+02 2.924367749146945528e+01 6.894848596442685107e+00 1.791626842314837518e+02 3.790822705296882589e+01 -2.780816697596409881e+01 -7.197091035261233856e+02 -9.435248719324636824e+00 1.926414161637705647e+01 1.160898069208094796e+01 3.202741746738488438e+00 9.811919382219718599e+00 8.643686783461778589e+01 4.485876426098634795e+01 6.921235293030463254e+01
-1.068964561029929250e+01 -3.295753497882412830e+01 -4.151137008776810688e+01 -2.914937621379858612e+01 -1.094806983905132540e+02 -1.451606945221744027e+01 -8.719762929560161524e+01 -1.557840606100055325e+01 -6.915458873765193637e+00 -1.259948204622648404e+01 -2.045765169043728804e+02 -9.435248719324626165e+00 8.447108177321175617e+02 -7.245802120770475918e-01 -7.150622520195616971e+01 -1.581889946497667552e+02 -6.793519306013467940e+01 -6.824274044051892929e+01 -4.591576381176912136e+00 -1.054640990195177039e+02
6.455129160029233759e+00 3.564095729551341130e+00 2.914782922588755554e+01 3.219449845243847363e+01 1.634604397462520708e+01 1.897743017767556140e+01 5.642946888288827623e+00 1.283562243035563544e+00 2.960740558405396428e+01 6.369341314223077255e+00 -2.659309779706686250e+00 1.926414161637705647e+01 -7.245802120770473698e-01 -9.168166963895790786e+02 2.587417392266424976e+00 2.017387824963369436e+00 2.257478494648732070e+00 1.489513197173978476e+01 7.440030608277086621e+00 1.240538980236340194e+01
-2.145534407850242520e+00 -2.287605894429815123e+01 -4.270521277006528393e+00 8.672945834588126957e+00 -7.150593369422038847e+01 7.250114820711171859e+00 -6.429348096253558253e+01 -1.121231575393857938e+01 2.392385292505044703e+01 -3.762113098609202844e+00 -1.666641768726598798e+02 1.160898069208095329e+01 -7.150622520195616971e+01 2.587417392266424088e+00 5.122457904217174018e+02 -1.248186835851318364e+02 -5.221955525954561494e+01 -3.988786843966364160e+01 3.723809927080169668e+00 -7.220779584595175038e+01
-1.235066369561838151e+01 -5.506396318103605125e+01 -4.371948594150789802e+01 -1.850840031128924679e+01 -1.782302587378751184e+02 -6.155360330791337375e+00 -1.496227076591552816e+02 -2.644471188002584228e+01 1.844911627244589880e+01 -1.584543741976030518e+01 -3.675619005897799525e+02 3.202741746738460904e+00 -1.581889946497667552e+02 2.017387824963366327e+00 -1.248186835851318364e+02 4.610175235051490290e+02 -1.187938956654131886e+02 -1.062038708245683267e+02 -4.527654158403418005e-01 -1.751647380783689698e+02
-2.450176043650688307e+00 -2.197496283145292750e+01 -5.913178554174571389e+00 6.198525787742740434e+00 -6.902024133213190282e+01 5.686156462707357306e+00 -6.148284570008181049e+01 -1.074120147107246659e+01 2.086210914093339142e+01 -3.981609751764674243e+00 -1.582792396950499949e+02 9.811919382219718599e+00 -6.793519306013467940e+01 2.257478494648731182e+00 -5.221955525954561494e+01 -1.187938956654131886e+02 5.372111280042400949e+02 -3.886857048198956477e+01 3.067215026801419775e+00 -6.943696350118338501e+01
2.344435263895764265e+01 -6.891929752706122514e+00 1.108160825940696128e+02 1.346438271775178350e+02 -1.055116967525333571e+00 8.132232659054506030e+01 -3.658523165751177686e+01 -5.201517441448060275e+00 1.384080529914469651e+02 2.162837842476319850e+01 -1.628774378209640759e+02 8.643686783461778589e+01 -6.824274044051892929e+01 1.489513197173978476e+01 -3.988786843966364160e+01 -1.062038708245683267e+02 -3.886857048198955056e+01 -9.585164376827368926e+01 3.268816265147071221e+01 -1.720676483179551042e+01
1.478486269184001678e+01 7.276788314803127378e+00 6.698173695823682294e+01 7.453017080297126995e+01 3.473895235177172935e+01 4.402005637187244957e+01 1.037388482820670887e+01 2.499113112950733129e+00 6.919277837272277054e+01 1.452114588311342480e+01 -1.293786702138973155e+01 4.485876426098635505e+01 -4.591576381176912136e+00 7.440030608277086621e+00 3.723809927080173221e+00 -4.527654158403344731e-01 3.067215026801416222e+00 3.268816265147071931e+01 -7.807060811071409034e+02 2.563104951936874443e+01
1.445665603028719026e+01 -2.341256221616334798e+01 7.311928474482166962e+01 1.001415207664975213e+02 -5.902102334827553420e+01 6.212362220869688656e+01 -7.770129817817625906e+01 -1.273578899770962991e+01 1.151760571677632896e+02 1.188354426116439733e+01 -2.484523026330120956e+02 6.921235293030463254e+01 -1.054640990195176897e+02 1.240538980236340194e+01 -7.220779584595173617e+01 -1.751647380783689698e+02 -6.943696350118338501e+01 -1.720676483179550686e+01 2.563104951936874443e+01 9.224213743310431823e+01
