-9.980000000000000000e+02
9.130000000000000000e+02
8.850000000000000000e+02
8.110000000000000000e+02
7.770000000000000000e+02
-5.580000000000000000e+02
5.170000000000000000e+02
-4.400000000000000000e+02
4.230000000000000000e+02
3.890000000000000000e+02
-3.860000000000000000e+02
3.770000000000000000e+02
3.710000000000000000e+02
3.230000000000000000e+02
3.090000000000000000e+02
2.690000000000000000e+02
-2.040000000000000000e+02
-1.280000000000000000e+02
-4.200000000000000000e+01
1.300000000000000000e+01
