-7.028535525873049892e+02 1.087083281316136407e+01 -8.846890933110843847e+00 3.792002121881788668e+01 1.307201943254174239e+02 2.354594994198062921e+02 4.810687122962766438e+01 1.212461262950394314e+02 1.174837589491891379e+02 1.886962224273295874e+02 4.211267345975813470e+01 2.140533882155677148e+01 2.267043526140869858e+01 1.935895888575382457e+02 1.264034624170404868e+02 2.253368063598234272e+01 2.483852949626623730e+00 6.491070783345823259e+01 1.562419887579007423e+02 9.415792404870951771e+01
1.087083281316136407e+01 6.280377634943159819e+02 -1.599895712035213080e+02 -1.334315355627939823e+02 -8.730246505887819808e+01 6.768080689149135409e+00 -7.496607362931398200e+01 -1.143308378862776067e+02 -2.004719018309842227e+01 -6.104144602967880928e+01 -6.879663369330496892e+01 -5.959113666862596403e+01 -1.405607442758033017e+02 1.327670679880418270e+01 -1.169483621216701437e+02 -1.207885816125345357e+01 -1.470622697398301852e+02 -1.112453132113766117e+02 4.199483854812639194e+00 -2.596927867373294063e+01
-8.846890933110843847e+00 -1.599895712035213080e+02 7.682214651828504657e+02 -1.585416170947870853e+02 -1.141033458606352156e+02 -1.520507635817198988e+01 -9.169844420115943251e+01 -1.445380966967786946e+02 -3.476702445496291460e+01 -8.930877780381102582e+01 -8.395268611298418193e+01 -7.124316800493494384e+01 -1.653206530722411003e+02 -3.552446206488115266e+00 -1.480804134586591658e+02 -1.622249420357774952e+01 -1.708878746126386829e+02 -1.354408820513235980e+02 -1.042782244819651893e+01 -3.935446680858952107e+01
3.792002121881790089e+01 -1.334315355627939823e+02 -1.585416170947870853e+02 4.184029937383490392e+02 -6.967469146940788960e+01 3.590897950903732294e+01 -6.779686452463276680e+01 -9.744965678469802128e+01 -5.134290607733847267e+00 -3.662997914162532709e+01 -6.247023302517769139e+01 -5.598353337118534512e+01 -1.355070181636245650e+02 3.711293752539401680e+01 -9.938487078798247865e+01 -9.087451480170971152e+00 -1.444126098483140481e+02 -1.014112040237299368e+02 2.354091986419532745e+01 -1.385962562757010019e+01
1.307201943254174523e+02 -8.730246505887818387e+01 -1.141033458606352156e+02 -6.967469146940790381e+01 -5.599586734430710777e+01 1.371005311471245705e+02 -2.406486914249027009e+01 -9.762054342502922921e+00 5.242990443402212009e+01 6.453714432485575969e+01 -2.322953205466944127e+01 -2.860189031685041527e+01 -8.311774128505274462e+01 1.179813117460620049e+02 -8.645574581876788400e+00 4.440114728209429984e+00 -9.891052284546060491e+01 -3.935529432964329288e+01 9.077584450003735128e+01 3.526600585666655263e+01
2.354594994198062921e+02 6.768080689149135409e+00 -1.520507635817197567e+01 3.590897950903732294e+01 1.371005311471246273e+02 -6.231885907909344269e+02 4.892463933874041970e+01 1.259724763547722830e+02 1.253048044377846395e+02 2.002276253789351870e+02 4.271525218860923445e+01 2.083202585531332218e+01 1.929657524007506808e+01 2.081314458759495665e+02 1.314110747454175510e+02 2.373964230320996904e+01 -2.589159325965197933e+00 6.565355669879696165e+01 1.677456423194275317e+02 1.000723964704678650e+02
4.810687122962767148e+01 -7.496607362931396779e+01 -9.169844420115941830e+01 -6.779686452463275259e+01 -2.406486914249027365e+01 4.892463933874043391e+01 2.460452306577964521e+02 -4.108522966486516736e+01 1.123378065504827461e+01 1.817439163861905849e+00 -3.063267636011017103e+01 -2.942186303219058274e+01 -7.472947696226427183e+01 4.456327466801948134e+01 -4.156952138636611238e+01 -2.477290422618828813e+00 -8.225497668574827514e+01 -5.014407009889747968e+01 3.230051628971911981e+01 3.432724254812971054e+00
1.212461262950394314e+02 -1.143308378862775783e+02 -1.445380966967786946e+02 -9.744965678469802128e+01 -9.762054342502928250e+00 1.259724763547722546e+02 -4.108522966486516736e+01 3.675158263099009304e+01 4.235312701461307938e+01 4.278138768291086080e+01 -3.874169419443804685e+01 -4.124239565704740329e+01 -1.114643375322228138e+02 1.103216711515733977e+02 -3.790988644553915776e+01 9.170135965192460770e-01 -1.274467757099333198e+02 -6.427044904394649905e+01 8.333537526584241562e+01 2.527728322669793215e+01
1.174837589491891379e+02 -2.004719018309841516e+01 -3.476702445496292881e+01 -5.134290607733858813e+00 5.242990443402213430e+01 1.253048044377846395e+02 1.123378065504826750e+01 4.235312701461307228e+01 -4.738864622249893159e+02 8.791128545622980539e+01 9.237227610296779190e+00 6.167353122679108957e-02 -1.450877113971660570e+01 1.044741063464742581e+02 4.457725190638380752e+01 9.596895591838240591e+00 -2.636575788735487791e+01 1.325838591935929145e+01 8.309264796240991302e+01 4.471194947844558953e+01
1.886962224273295874e+02 -6.104144602967883770e+01 -8.930877780381104003e+01 -3.662997914162532709e+01 6.453714432485575969e+01 2.002276253789351586e+02 1.817439163861901186e+00 4.278138768291086080e+01 8.791128545622976276e+01 -2.215692060411150237e+02 -3.282797645933022146e-02 -1.262368079214789773e+01 -5.302354159137077971e+01 1.685713952515768028e+02 4.575093657834479188e+01 1.264586111197056972e+01 -7.322133885687294708e+01 -2.715633597330313620e+00 1.327141744074713188e+02 6.538683998228673033e+01
4.211267345975812049e+01 -6.879663369330496892e+01 -8.395268611298418193e+01 -6.247023302517769139e+01 -2.322953205466944482e+01 4.271525218860923445e+01 -3.063267636011017103e+01 -3.874169419443804685e+01 9.237227610296779190e+00 -3.282797645933377417e-02 2.685492357179000464e+02 -2.715480420237730996e+01 -6.868601707535785295e+01 3.909534701389713973e+01 -3.923191604666779142e+01 -2.472995408517614901e+00 -7.540068756068389177e+01 -4.653616461741918897e+01 2.819391475227762811e+01 2.298291694908844107e+00
2.140533882155677148e+01 -5.959113666862595693e+01 -7.124316800493495805e+01 -5.598353337118534512e+01 -2.860189031685041527e+01 2.083202585531331863e+01 -2.942186303219058274e+01 -4.124239565704740329e+01 6.167353122679453126e-02 -1.262368079214790129e+01 -2.715480420237730641e+01 4.543363053042443198e+02 -6.028411899803656127e+01 2.052951467274211694e+01 -4.200610701166576177e+01 -3.620143750462940346e+00 -6.468202673671768821e+01 -4.415127132809019628e+01 1.369473352908567421e+01 -4.318578733707994388e+00
2.267043526140869858e+01 -1.405607442758033017e+02 -1.653206530722411003e+02 -1.355070181636245934e+02 -8.311774128505277304e+01 1.929657524007506808e+01 -7.472947696226427183e+01 -1.114643375322228280e+02 -1.450877113971661281e+01 -5.302354159137078682e+01 -6.868601707535785295e+01 -6.028411899803656127e+01 5.253487756943281966e+02 2.381201912884029781e+01 -1.138916020804376217e+02 -1.126710834819509444e+01 -1.514070215561408190e+02 -1.112331907960112574e+02 1.250404603582030028e+01 -2.183179050588739400e+01
1.935895888575382742e+02 1.327670679880416849e+01 -3.552446206488114822e+00 3.711293752539401680e+01 1.179813117460620049e+02 2.081314458759495665e+02 4.456327466801948134e+01 1.103216711515733977e+02 1.044741063464742439e+02 1.685713952515768028e+02 3.909534701389713973e+01 2.052951467274212050e+01 2.381201912884029781e+01 -7.950849773424654359e+02 1.149543262483794592e+02 2.025837799623416302e+01 6.126544026053302616e+00 6.039899140033393365e+01 1.381159190054995634e+02 8.399583698543236210e+01
1.264034624170404868e+02 -1.169483621216701437e+02 -1.480804134586591942e+02 -9.938487078798247865e+01 -8.645574581876790177e+00 1.314110747454175510e+02 -4.156952138636611238e+01 -3.790988644553914355e+01 4.457725190638379331e+01 4.575093657834479188e+01 -3.923191604666779142e+01 -4.200610701166574756e+01 -1.138916020804375933e+02 1.149543262483794592e+02 2.948997165831405098e+01 1.171546312635145526e+00 -1.304640424871770392e+02 -6.513482626750437987e+01 8.693813012472398327e+01 2.685289010923578701e+01
2.253368063598234272e+01 -1.207885816125345357e+01 -1.622249420357774952e+01 -9.087451480170972928e+00 4.440114728209425543e+00 2.373964230320996194e+01 -2.477290422618827037e+00 9.170135965192467431e-01 9.596895591838238815e+00 1.264586111197056972e+01 -2.472995408517615346e+00 -3.620143750462942123e+00 -1.126710834819509444e+01 2.025837799623416302e+01 1.171546312635144194e+00 -1.589495226905467291e+02 -1.387066472674335849e+01 -4.311325693678021764e+00 1.572474364969901117e+01 6.741103064303080927e+00
2.483852949626609075e+00 -1.470622697398302137e+02 -1.708878746126386545e+02 -1.444126098483140481e+02 -9.891052284546060491e+01 -2.589159325965213032e+00 -8.225497668574827514e+01 -1.274467757099333198e+02 -2.636575788735487080e+01 -7.322133885687296129e+01 -7.540068756068389177e+01 -6.468202673671770242e+01 -1.514070215561407906e+02 6.126544026053302616e+00 -1.304640424871770108e+02 -1.387066472674336026e+01 6.894766490014002329e+02 -1.217911088139809124e+02 -2.030159443685912279e+00 -3.173073154029557941e+01
6.491070783345826101e+01 -1.112453132113765975e+02 -1.354408820513236265e+02 -1.014112040237299084e+02 -3.935529432964329288e+01 6.565355669879696165e+01 -5.014407009889748679e+01 -6.427044904394649905e+01 1.325838591935929500e+01 -2.715633597330313620e+00 -4.653616461741918897e+01 -4.415127132809021049e+01 -1.112331907960112574e+02 6.039899140033391944e+01 -6.513482626750439408e+01 -4.311325693678019988e+00 -1.217911088139808982e+02 2.389380689029510449e+02 4.332249718570876951e+01 2.382623816108079495e+00
1.562419887579007423e+02 4.199483854812632089e+00 -1.042782244819653314e+01 2.354091986419532745e+01 9.077584450003736549e+01 1.677456423194275317e+02 3.230051628971911981e+01 8.333537526584240140e+01 8.309264796240988460e+01 1.327141744074713472e+02 2.819391475227762101e+01 1.369473352908567065e+01 1.250404603582029317e+01 1.381159190054995634e+02 8.693813012472398327e+01 1.572474364969901117e+01 -2.030159443685919385e+00 4.332249718570875530e+01 -7.606978866808476596e+02 6.633927584309724068e+01
9.415792404870950350e+01 -2.596927867373293708e+01 -3.935446680858952107e+01 -1.385962562757011085e+01 3.526600585666655263e+01 1.000723964704678650e+02 3.432724254812974607e+00 2.527728322669793570e+01 4.471194947844559664e+01 6.538683998228673033e+01 2.298291694908847660e+00 -4.318578733707994388e+00 -2.183179050588739400e+01 8.399583698543236210e+01 2.685289010923578701e+01 6.741103064303080927e+00 -3.173073154029557585e+01 2.382623816108086601e+00 6.633927584309725489e+01 -3.663719762809293456e+02
