-2.379087610729700657e+02 -9.514756374814814066e+00 1.905210982315956016e+02 -2.379507128096036794e+01 7.122619017036666378e+01 9.998218726195226225e+01 8.951135426862073530e+00 4.405568906365351012e+01 -6.465445189562406370e+01 7.885035405213918125e+01 1.350885391005538594e+01 8.312872950973444119e+01 8.062417892844743861e+00 1.218057724384071889e+02 -4.930198393983064165e+01 -2.156494014703762474e+01 -2.181331542242822863e+01 -1.179963597032009801e+02 1.344518956896641626e+01 2.424723784609259525e+00
-9.514756374814817619e+00 1.089040646185313221e+02 2.913132970156745927e+01 -8.196728008089390016e+01 -3.578703354006126602e+01 2.295283423373875564e+01 -1.719631068663298734e+01 -2.705467441450052846e+01 -1.103713247855844912e+02 2.027317654726941498e+01 -2.540205294072686470e+01 -7.319869787607700573e+00 7.736696260145529136e-01 1.318207604640413244e+01 -5.260193220606983289e+01 -2.297530263571199782e+01 -2.124292213327882095e+01 -1.246519773144636503e+02 -1.394242872887913265e+01 -3.986286950488611147e-01
1.905210982315956016e+02 2.913132970156744150e+01 -3.387538143458439777e+02 3.242003976952771893e+01 1.382233945066223555e+02 1.327821551322130631e+02 2.799759280049726229e+01 8.961217706416168483e+01 -5.923778345646226740e+00 1.029006285054907437e+02 4.179288975923908112e+01 1.324951242222470285e+02 1.160880236840367985e+01 1.741341229885854318e+02 -3.092851493114578076e+01 -1.355594941562358358e+01 -1.538322685206267693e+01 -7.506199308424641004e+01 3.210636997555354810e+01 4.019571756096588899e+00
-2.379507128096036794e+01 -8.196728008089391437e+01 3.242003976952772604e+01 7.667262198059505351e+01 -6.193968270738223225e+01 2.917526448769095637e+01 -2.793239082909687454e+01 -4.611665781213225301e+01 -1.704341830558123547e+02 2.645434116257314727e+01 -4.128192616070543153e+01 -1.763525373044094380e+01 6.435218474769406338e-01 1.209199623208534646e+01 -7.988813205793039174e+01 -3.489103727805640887e+01 -3.212441592693018322e+01 -1.892283576581103262e+02 -2.309524021256240545e+01 -8.081064111052254084e-01
7.122619017036664957e+01 -3.578703354006126602e+01 1.382233945066223271e+02 -6.193968270738223225e+01 -1.549487747759430931e+02 7.690924728176987912e+01 -4.094800196383958202e+00 1.268920938692718359e+01 -1.042205973343473744e+02 6.189260688105249386e+01 -5.865944365790312531e+00 4.888526284272400346e+01 5.587441534415103384e+00 8.526610762212845884e+01 -6.147144923298479569e+01 -2.686907488564923696e+01 -2.603951607375952548e+01 -1.464134601368836286e+02 6.296222306852176098e-01 1.320313222265930397e+00
9.998218726195227646e+01 2.295283423373875564e+01 1.327821551322130631e+02 2.917526448769095282e+01 7.690924728176987912e+01 -6.907961631577300068e+02 1.708390869936796008e+01 5.044461982575271719e+01 1.364227470749061588e+01 5.015400975780642767e+01 2.546121131678335203e+01 6.963756078694541429e+01 5.887240701417243649e+00 8.807098514068903228e+01 -8.034942815815787398e+00 -3.533833663797448121e+00 -4.741163814058630521e+00 -1.995606882753364530e+01 1.871654601487838931e+01 2.139355046935567106e+00
8.951135426862068201e+00 -1.719631068663299089e+01 2.799759280049726229e+01 -2.793239082909687454e+01 -4.094800196383954649e+00 1.708390869936796364e+01 -2.647616918832503075e+01 -4.067381978569323486e+00 -4.084877267515808796e+01 1.415056669790510036e+01 -6.583682175878984744e+00 5.967228440712775139e+00 1.041571966818516159e+00 1.620185385640855102e+01 -2.130315115662572012e+01 -9.307796470820022705e+00 -8.792011711911527527e+00 -5.059811883040562464e+01 -3.015035179059276871e+00 1.163033658308391116e-01
4.405568906365349591e+01 -2.705467441450053556e+01 8.961217706416167061e+01 -4.611665781213225301e+01 1.268920938692718714e+01 5.044461982575271008e+01 -4.067381978569322598e+00 -1.483446622975627633e+02 -7.521392747684760138e+01 4.075108315846132001e+01 -5.893068256505069158e+00 3.016882094096931866e+01 3.587482736153791318e+00 5.486508850507129154e+01 -4.328182640362724243e+01 -1.891695560688266298e+01 -1.824442898496373644e+01 -1.030341870679492331e+02 -8.091622656040370343e-01 7.974334266391522874e-01
-6.465445189562406370e+01 -1.103713247855844912e+02 -5.923778345646226740e+00 -1.704341830558123547e+02 -1.042205973343473460e+02 1.364227470749063009e+01 -4.084877267515808796e+01 -7.521392747684758717e+01 1.514171128992648505e+02 1.550446117827422476e+01 -6.044561400160442588e+01 -4.635787920032979059e+01 -1.253966444924039303e+00 -1.568074693779550621e+01 -9.694536670590841254e+01 -4.233217083999983288e+01 -3.845564398544370022e+01 -2.293083474254152350e+02 -3.537937898229198197e+01 -1.756728753463227211e+00
7.885035405213918125e+01 2.027317654726941498e+01 1.029006285054907437e+02 2.645434116257313661e+01 6.189260688105250097e+01 5.015400975780642767e+01 1.415056669790510036e+01 4.075108315846132001e+01 1.550446117827421055e+01 -7.895360468012722777e+02 2.107960701993073371e+01 5.494939023467420469e+01 4.584900571420424065e+00 6.851847694098536579e+01 -4.014830874808739125e+00 -1.772693220167468553e+00 -2.795220659583451894e+00 -1.023223580000098920e+01 1.528980628328336877e+01 1.695675298644240936e+00
1.350885391005538416e+01 -2.540205294072686470e+01 4.179288975923908112e+01 -4.128192616070543153e+01 -5.865944365790308979e+00 2.546121131678335558e+01 -6.583682175878981191e+00 -5.893068256505070046e+00 -6.044561400160442588e+01 2.107960701993074082e+01 -3.368262080728710828e+01 9.013246107371347904e+00 1.557211719822896967e+00 2.421375834740862842e+01 -3.156191711109636699e+01 -1.379012724811063073e+01 -1.302954786793604391e+01 -7.496642864585641064e+01 -4.416155564558346569e+00 1.776725819109186144e-01
8.312872950973442698e+01 -7.319869787607698797e+00 1.324951242222470285e+02 -1.763525373044094380e+01 4.888526284272398925e+01 6.963756078694540008e+01 5.967228440712773363e+00 3.016882094096931155e+01 -4.635787920032977638e+01 5.494939023467421890e+01 9.013246107371347904e+00 -2.944673877878514645e+02 5.600518163658107618e+00 8.463250230592880996e+01 -3.491189281425464230e+01 -1.527018182132711388e+01 -1.541833568607620641e+01 -8.353874917259894062e+01 9.128182800711647005e+00 1.675558798615185196e+00
8.062417892844740308e+00 7.736696260145535797e-01 1.160880236840367985e+01 6.435218474769419661e-01 5.587441534415102495e+00 5.887240701417244537e+00 1.041571966818515715e+00 3.587482736153791318e+00 -1.253966444924041079e+00 4.584900571420424065e+00 1.557211719822896079e+00 5.600518163658107618e+00 -5.214964721497599385e+02 7.567304079093531755e+00 -1.799705355444475074e+00 -7.880836684672830605e-01 -8.505317769381336435e-01 -4.340505760599286944e+00 1.246805316051630141e+00 1.683050833575344130e-01
1.218057724384071889e+02 1.318207604640413244e+01 1.741341229885854318e+02 1.209199623208536067e+01 8.526610762212845884e+01 8.807098514068906070e+01 1.620185385640855102e+01 5.486508850507129154e+01 -1.568074693779550621e+01 6.851847694098538000e+01 2.421375834740862842e+01 8.463250230592880996e+01 7.567304079093533531e+00 -4.243196080117357951e+02 -2.559269024564171602e+01 -1.120865306677212736e+01 -1.220051237982322867e+01 -6.178868362356656263e+01 1.920046677152828352e+01 2.548563841249096740e+00
-4.930198393983064165e+01 -5.260193220606983289e+01 -3.092851493114578076e+01 -7.988813205793039174e+01 -6.147144923298479569e+01 -8.034942815815780293e+00 -2.130315115662572012e+01 -4.328182640362723532e+01 -9.694536670590841254e+01 -4.014830874808735572e+00 -3.156191711109636699e+01 -3.491189281425464230e+01 -1.799705355444474186e+00 -2.559269024564171957e+01 6.868206785960340994e+02 -1.753930120391099479e+01 -1.560607696860760996e+01 -9.483446704320954268e+01 -1.928830288939962401e+01 -1.216255349617352710e+00
-2.156494014703762474e+01 -2.297530263571199782e+01 -1.355594941562357647e+01 -3.489103727805640887e+01 -2.686907488564924051e+01 -3.533833663797446345e+00 -9.307796470820024481e+00 -1.891695560688266298e+01 -4.233217083999983288e+01 -1.772693220167466777e+00 -1.379012724811062895e+01 -1.527018182132711388e+01 -7.880836684672831716e-01 -1.120865306677212736e+01 -1.753930120391099479e+01 7.213436569459338443e+02 -6.811811985778893686e+00 -4.139727847497702129e+01 -8.428749150617782959e+00 -5.318671605165650185e-01
-2.181331542242822863e+01 -2.124292213327882095e+01 -1.538322685206267693e+01 -3.212441592693018322e+01 -2.603951607375952548e+01 -4.741163814058628745e+00 -8.792011711911527527e+00 -1.824442898496373644e+01 -3.845564398544370732e+01 -2.795220659583451894e+00 -1.302954786793604391e+01 -1.541833568607620641e+01 -8.505317769381336435e-01 -1.220051237982323045e+01 -1.560607696860760996e+01 -6.811811985778892797e+00 8.709777292822537902e+02 -3.681067601727237104e+01 -8.039246446000765545e+00 -5.301893596647617724e-01
-1.179963597032009943e+02 -1.246519773144636503e+02 -7.506199308424641004e+01 -1.892283576581103262e+02 -1.464134601368836286e+02 -1.995606882753365241e+01 -5.059811883040563885e+01 -1.030341870679492331e+02 -2.293083474254152350e+02 -1.023223580000098920e+01 -7.496642864585641064e+01 -8.353874917259894062e+01 -4.340505760599286944e+00 -6.178868362356657684e+01 -9.483446704320954268e+01 -4.139727847497702129e+01 -3.681067601727237104e+01 5.171787707518698198e+02 -4.586075859641641728e+01 -2.906056927573675619e+00
1.344518956896641804e+01 -1.394242872887913087e+01 3.210636997555354810e+01 -2.309524021256240189e+01 6.296222306852220507e-01 1.871654601487839287e+01 -3.015035179059276427e+00 -8.091622656040379225e-01 -3.537937898229198197e+01 1.528980628328337055e+01 -4.416155564558344793e+00 9.128182800711645228e+00 1.246805316051630586e+00 1.920046677152827996e+01 -1.928830288939962045e+01 -8.428749150617782959e+00 -8.039246446000765545e+00 -4.586075859641641728e+01 -8.963230449201816441e+01 2.211478266791160330e-01
2.424723784609259525e+00 -3.986286950488611147e-01 4.019571756096588899e+00 -8.081064111052254084e-01 1.320313222265930397e+00 2.139355046935566662e+00 1.163033658308392226e-01 7.974334266391522874e-01 -1.756728753463228099e+00 1.695675298644241158e+00 1.776725819109182813e-01 1.675558798615185196e+00 1.683050833575344130e-01 2.548563841249096740e+00 -1.216255349617352710e+00 -5.318671605165650185e-01 -5.301893596647617724e-01 -2.906056927573675619e+00 2.211478266791159220e-01 -3.059518501861829805e+02
