-9.860000000000000000e+02
-9.840000000000000000e+02
9.310000000000000000e+02
9.250000000000000000e+02
-9.080000000000000000e+02
-8.540000000000000000e+02
8.450000000000000000e+02
-7.920000000000000000e+02
7.230000000000000000e+02
7.210000000000000000e+02
-7.080000000000000000e+02
-6.100000000000000000e+02
5.510000000000000000e+02
4.650000000000000000e+02
-4.600000000000000000e+02
-4.120000000000000000e+02
-2.940000000000000000e+02
-2.780000000000000000e+02
-7.800000000000000000e+01
-4.800000000000000000e+01
