9.390000000000000000e+02
-9.320000000000000000e+02
-9.180000000000000000e+02
-8.020000000000000000e+02
-7.820000000000000000e+02
-6.840000000000000000e+02
6.330000000000000000e+02
-5.920000000000000000e+02
5.830000000000000000e+02
-4.380000000000000000e+02
-3.860000000000000000e+02
-2.900000000000000000e+02
2.870000000000000000e+02
2.130000000000000000e+02
-9.200000000000000000e+01
-8.800000000000000000e+01
-8.400000000000000000e+01
-2.800000000000000000e+01
-1.800000000000000000e+01
-4.000000000000000000e+00
