5.478615017247395826e+02 1.912680662532732168e+00 9.316697458808579357e-01 -3.469107408047727148e+01 -2.700855006207798326e+01 -1.398684446373122370e+01 -2.452105148914813348e+00 1.583729218303721265e+00 -6.316216430492250566e+00 1.305926210101697116e+01 -2.482433002326189708e+01 -1.340513016944739988e+01 6.310382399906366402e+00 -7.524968433394461087e+00 -3.398602896074380375e+00 2.976151701900644930e+00 -1.482490827254147092e+01 3.025271729291447720e+00 8.139072103592443597e+00 -1.521426272366500498e+01
1.912680662532735054e+00 -1.715600471894034342e+02 2.208776166072757263e+01 -3.818564217311789832e+01 2.215104012208205830e+01 -2.108164889487199645e+01 2.591142402086211760e+01 4.295243777590899725e+01 3.731688640028836268e+00 2.267682527896425313e+02 -2.184486096290090273e+00 -2.177990848382401978e+01 1.689533957296404765e+02 -4.661061970304159807e+00 1.173036499434942925e+01 1.571298998235873796e+02 1.035214553361190895e+02 2.186608273181772688e+02 1.415796513852882299e+02 -1.460883914879509149e+01
9.316697458808579357e-01 2.208776166072757263e+01 -6.996525443366189165e+02 3.426680386491370189e+00 8.676730346708646735e+00 7.230282165322177157e-01 3.555958217529281207e+00 4.616516934265628258e+00 1.861364238085640110e+00 2.331000701794259911e+01 5.363910206649126877e+00 5.105313234593815697e-01 1.814078861301404189e+01 1.162794681784955042e+00 2.127632374540814553e+00 1.752578664474700787e+01 1.534450786545798096e+01 2.464134346947804488e+01 1.455651892693238914e+01 1.750449838317406304e+00
-3.469107408047727148e+01 -3.818564217311789832e+01 3.426680386491367969e+00 4.195396988948467651e+02 -3.002624704508222635e+02 -1.456227860090002366e+02 -3.450979900272985645e+01 4.185362116003471300e+00 -6.978000081554320388e+01 7.315645998427881125e+01 -2.691421673963357080e+02 -1.390886067813260638e+02 1.734112796193926442e+01 -8.037186950448251821e+01 -4.049574495008374697e+01 -1.531108706315186829e+01 -1.925235115891878763e+02 -3.343958164102701858e+01 4.551882115034295140e+01 -1.609262613130105137e+02
-2.700855006207798326e+01 2.215104012208205120e+01 8.676730346708646735e+00 -3.002624704508222067e+02 2.967417695725690123e+02 -1.212260999767569984e+02 -2.039131080045035560e+01 1.490671146483682286e+01 -5.435803028271150339e+01 1.192119423784002095e+02 -2.141311200369843561e+02 -1.162301216625750584e+02 5.933216926484229248e+01 -6.502565288151545531e+01 -2.896585387274164347e+01 3.023609249119721554e+01 -1.248275191418615435e+02 3.244997375677311879e+01 7.430503609631826123e+01 -1.316221587001361968e+02
-1.398684446373122370e+01 -2.108164889487201776e+01 7.230282165322177157e-01 -1.456227860090002366e+02 -1.212260999767569984e+02 8.031479709739224973e+02 -1.462351117197110817e+01 4.108710814163571978e-01 -2.813067863172556926e+01 2.267239534419149649e+01 -1.080102378896340696e+02 -5.520756827929668020e+01 1.968727820849509147e+00 -3.213576508386648101e+01 -1.660796025992558000e+01 -1.079333380668068365e+01 -8.036870646798259088e+01 -1.989187950074336086e+01 1.409279313868118777e+01 -6.418853502445561787e+01
-2.452105148914813348e+00 2.591142402086211760e+01 3.555958217529280763e+00 -3.450979900272986356e+01 -2.039131080045034849e+01 -1.462351117197111172e+01 8.013210367964170189e+01 6.719511070678705345e+00 -4.949529304111250028e+00 3.950366924716054484e+01 -2.155637560325243385e+01 -1.421192783091678180e+01 2.650045606155615374e+01 -7.033529706658251612e+00 -1.449590007440038963e+00 2.216587632373388317e+01 2.119088838237783712e-01 2.988877129914400044e+01 2.465131482649193018e+01 -1.486787776837102193e+01
1.583729218303720820e+00 4.295243777590899725e+01 4.616516934265628258e+00 4.185362116003460642e+00 1.490671146483682108e+01 4.108710814163569758e-01 6.719511070678706233e+00 -6.229387383737716846e+02 3.160851406785430751e+00 4.611128382175017748e+01 8.639546930612731046e+00 4.015134184046253996e-02 3.561275755878023119e+01 1.721061494342511988e+00 3.883670055583955616e+00 3.418441125934908342e+01 2.869513734137853334e+01 4.798134367234341369e+01 2.879420726936142572e+01 2.315579864157417234e+00
-6.316216430492250566e+00 3.731688640028832715e+00 1.861364238085640110e+00 -6.978000081554320388e+01 -5.435803028271149628e+01 -2.813067863172557281e+01 -4.949529304111249139e+00 3.160851406785429862e+00 5.402887079437360853e+02 2.614062850907014024e+01 -4.994846790238133138e+01 -2.695977409836463679e+01 1.259575596887087201e+01 -1.513841361016102915e+01 -6.845481956945451252e+00 5.893956962390726417e+00 -2.989186824699069689e+01 5.955807940595208905e+00 1.629177127750707044e+01 -3.060429448864709912e+01
1.305926210101696761e+01 2.267682527896425313e+02 2.331000701794260266e+01 7.315645998427881125e+01 1.192119423784002095e+02 2.267239534419150360e+01 3.950366924716054484e+01 4.611128382175017748e+01 2.614062850907014024e+01 -7.306669581133594420e+02 8.251811213404506873e+01 1.983938951825704677e+01 1.811016514111674667e+02 2.021495157646822349e+01 2.573256845894210443e+01 1.783487876136113641e+02 1.750705332840150561e+02 2.520174951629826410e+02 1.419813115558364984e+02 3.464942473874502582e+01
-2.482433002326189353e+01 -2.184486096290090273e+00 5.363910206649123324e+00 -2.691421673963357080e+02 -2.141311200369843561e+02 -1.080102378896340696e+02 -2.155637560325243385e+01 8.639546930612731046e+00 -4.994846790238132428e+01 8.251811213404509715e+01 4.381813530081766999e+02 -1.033786734648650594e+02 3.461826895821431549e+01 -5.870119405652166478e+01 -2.773659263751432746e+01 9.472117562138556934e+00 -1.256224284017662569e+02 4.411882170722096319e+00 5.140672231028125339e+01 -1.182253519552847081e+02
-1.340513016944739810e+01 -2.177990848382401978e+01 5.105313234593815697e-01 -1.390886067813260070e+02 -1.162301216625750300e+02 -5.520756827929668020e+01 -1.421192783091678358e+01 4.015134184045865418e-02 -2.695977409836463323e+01 1.983938951825704677e+01 -1.033786734648650594e+02 8.323296769888696645e+02 4.954421784842559795e-01 -3.072477724558273948e+01 -1.599501067443464741e+01 -1.162427760861028503e+01 -7.778698640877813375e+01 -2.084011177790114999e+01 1.232671042059310018e+01 -6.132663526856076430e+01
6.310382399906364626e+00 1.689533957296404765e+02 1.814078861301404189e+01 1.734112796193926442e+01 5.933216926484232090e+01 1.968727820849509147e+00 2.650045606155615374e+01 3.561275755878023119e+01 1.259575596887087734e+01 1.811016514111674667e+02 3.461826895821431549e+01 4.954421784842457654e-01 -4.980361692331175050e+02 6.961158171120596982e+00 1.536632485111610613e+01 1.344277662251479057e+02 1.132776814797646381e+02 1.887122239122822407e+02 1.130893868700893705e+02 9.493933331150152810e+00
-7.524968433394461975e+00 -4.661061970304158919e+00 1.162794681784954598e+00 -8.037186950448254663e+01 -6.502565288151544109e+01 -3.213576508386648101e+01 -7.033529706658253389e+00 1.721061494342511100e+00 -1.513841361016102915e+01 2.021495157646823060e+01 -5.870119405652166478e+01 -3.072477724558273948e+01 6.961158171120591653e+00 6.893950209930111441e+02 -8.605227151799905272e+00 -3.781081485349755411e-01 -4.001142065992068098e+01 -3.170536367856937598e+00 1.258705562886380314e+01 -3.534929525064930544e+01
-3.398602896074380375e+00 1.173036499434942925e+01 2.127632374540814109e+00 -4.049574495008374697e+01 -2.896585387274165058e+01 -1.660796025992558000e+01 -1.449590007440038519e+00 3.883670055583957392e+00 -6.845481956945452140e+00 2.573256845894210443e+01 -2.773659263751432746e+01 -1.599501067443464741e+01 1.536632485111610613e+01 -8.605227151799905272e+00 3.237967141906635788e+02 1.107157369441891070e+01 -1.138769265938544528e+01 1.416469219371022170e+01 1.604986189679510034e+01 -1.765440644450529817e+01
2.976151701900645818e+00 1.571298998235873796e+02 1.752578664474700787e+01 -1.531108706315186474e+01 3.023609249119721909e+01 -1.079333380668068365e+01 2.216587632373388672e+01 3.418441125934908342e+01 5.893956962390733523e+00 1.783487876136113641e+02 9.472117562138549829e+00 -1.162427760861028503e+01 1.344277662251479057e+02 -3.781081485349750970e-01 1.107157369441891248e+01 -3.156690352054270647e+02 9.083537298376629110e+01 1.763070243315329151e+02 1.113561003263318554e+02 -4.977602336915396108e+00
-1.482490827254147447e+01 1.035214553361190895e+02 1.534450786545798096e+01 -1.925235115891878763e+02 -1.248275191418615435e+02 -8.036870646798260509e+01 2.119088838237783712e-01 2.869513734137853334e+01 -2.989186824699070399e+01 1.750705332840151129e+02 -1.256224284017662569e+02 -7.778698640877816217e+01 1.132776814797646381e+02 -4.001142065992068098e+01 -1.138769265938544883e+01 9.083537298376629110e+01 1.486151428534541026e+02 1.208042118353524330e+02 1.092311356970952545e+02 -8.340115431482354325e+01
3.025271729291447720e+00 2.186608273181772688e+02 2.464134346947804488e+01 -3.343958164102700437e+01 3.244997375677313300e+01 -1.989187950074337508e+01 2.988877129914400399e+01 4.798134367234340658e+01 5.955807940595205352e+00 2.520174951629826410e+02 4.411882170722096319e+00 -2.084011177790114999e+01 1.887122239122822975e+02 -3.170536367856938043e+00 1.416469219371022170e+01 1.763070243315329151e+02 1.208042118353524472e+02 -1.523432906974581442e+02 1.573476296830336594e+02 -1.225523584681589284e+01
8.139072103592443597e+00 1.415796513852882015e+02 1.455651892693238914e+01 4.551882115034295140e+01 7.430503609631826123e+01 1.409279313868119488e+01 2.465131482649193373e+01 2.879420726936142572e+01 1.629177127750706688e+01 1.419813115558364984e+02 5.140672231028125339e+01 1.232671042059309485e+01 1.130893868700893563e+02 1.258705562886380314e+01 1.604986189679510034e+01 1.113561003263318696e+02 1.092311356970952403e+02 1.573476296830336594e+02 -8.673253597604409606e+02 2.156464007119042492e+01
-1.521426272366500676e+01 -1.460883914879507728e+01 1.750449838317406304e+00 -1.609262613130105137e+02 -1.316221587001361968e+02 -6.418853502445560366e+01 -1.486787776837102548e+01 2.315579864157417234e+00 -3.060429448864709556e+01 3.464942473874502582e+01 -1.182253519552847081e+02 -6.132663526856076430e+01 9.493933331150152810e+00 -3.534929525064930544e+01 -1.765440644450529817e+01 -4.977602336915396108e+00 -8.340115431482355746e+01 -1.225523584681589284e+01 2.156464007119042492e+01 6.901624820859664169e+02
