-9.660000000000000000e+02
9.530000000000000000e+02
-9.220000000000000000e+02
-8.760000000000000000e+02
-8.720000000000000000e+02
8.470000000000000000e+02
7.650000000000000000e+02
6.690000000000000000e+02
5.450000000000000000e+02
-5.320000000000000000e+02
4.790000000000000000e+02
-4.000000000000000000e+02
-3.480000000000000000e+02
3.150000000000000000e+02
2.970000000000000000e+02
2.790000000000000000e+02
-1.600000000000000000e+02
7.500000000000000000e+01
-7.000000000000000000e+01
6.700000000000000000e+01
