-7.122647454040803723e+02 1.285960063021036035e+02 3.966964805267016914e+01 1.578408706955528373e+01 4.537121365485150193e+01 9.862337901340984558e+01 3.897406840777014025e+01 2.779906478575406226e+01 3.339901781840295314e+01 4.474332319564144456e+01 1.131847826975468507e+02 1.984559799768631194e+02 3.233342365354962666e+00 2.712483810982579513e+00 5.109087309305742508e+01 3.593727325729103228e+01 1.163572575439873447e+01 4.462531807896345626e+00 1.742893121780127430e+01 6.961086925515050439e+01
1.285960063021036035e+02 -4.304808183871818414e+02 4.945875383031619776e+01 2.238199140650533892e+01 4.053864333930334141e+01 1.416180298891015070e+02 4.012179118998879090e+01 3.553579110314529999e+01 4.378724165652189981e+01 6.238253764011032843e+01 1.602548410370845318e+02 2.900685711755525631e+02 -1.452560153561910994e+01 -2.555341639516918661e+01 5.152452672145468426e+01 4.773344966026656522e+01 1.254871731807137714e+01 3.810282321943266215e+00 1.828437388652621109e+01 7.981703278281960934e+01
3.966964805267016914e+01 4.945875383031620487e+01 8.951207246506527326e+01 4.932208934290268409e+00 -5.548039807548651225e+01 3.599603675583713169e+01 -3.214780281762565295e+01 -2.680639146752135549e+00 -2.145047077104367261e-02 1.086721237754002622e+01 3.465874585709971711e+01 8.734994808251730092e+01 -5.492667715679785090e+01 -8.520631937087087238e+01 -4.527688673590177615e+01 1.787197101234842656e+00 -7.928343840951721511e+00 -5.974731056448728594e+00 -1.337467552333993126e+01 -3.354505696826841188e+01
1.578408706955528373e+01 2.238199140650533892e+01 4.932208934290267521e+00 -4.573515125114906823e+02 1.572943129563254550e+00 1.699749693173835396e+01 2.696060243193536543e+00 3.678869949421351482e+00 4.697360534668940879e+00 7.237663313152467914e+00 1.893031939462467506e+01 3.549682643167311369e+01 -4.307814846809900011e+00 -7.006675690580164151e+00 3.262451673957492471e+00 5.211320996877539358e+00 9.496650162016773145e-01 1.098008085079870133e-01 1.292508768961489363e+00 6.885481373520714321e+00
4.537121365485148772e+01 4.053864333930335562e+01 -5.548039807548649804e+01 1.572943129563254772e+00 2.453113343124292953e+02 2.530606031456834515e+01 -1.286092346823496939e+02 -3.120692220191344290e+01 -2.793088896388531950e+01 -4.849531949820697463e+00 9.159413722469551544e+00 9.550840095132336671e+01 -1.668754609030695235e+02 -2.569477507237151030e+02 -1.779622754218913485e+02 -2.464259670518819689e+01 -3.340646050290028057e+01 -2.158202664511091839e+01 -5.451934318654941336e+01 -1.583477665665884615e+02
9.862337901340984558e+01 1.416180298891015070e+02 3.599603675583713169e+01 1.699749693173835752e+01 2.530606031456833449e+01 -4.620440135697749611e+02 2.698236312973106266e+01 2.609257154324039618e+01 3.243048619119691978e+01 4.713001008206731512e+01 1.216461178180279887e+02 2.222792687526859368e+02 -1.543178695806996892e+01 -2.617595048430930404e+01 3.431115815667341451e+01 3.550723495101653526e+01 8.620061223580956167e+00 2.313888416661148639e+00 1.240498921900849538e+01 5.626494023871314454e+01
3.897406840777014025e+01 4.012179118998878380e+01 -3.214780281762565295e+01 2.696060243193533879e+00 -1.286092346823496939e+02 2.698236312973106976e+01 2.808859150904749526e+02 -1.750371458695323668e+01 -1.476716097329589239e+01 1.546398285413087770e+00 1.794462461161459998e+01 8.349541340375641596e+01 -1.089472862868688310e+02 -1.679915786479769508e+02 -1.111570646313068238e+02 -1.234572397395940335e+01 -2.065016673636882416e+01 -1.366330766174062106e+01 -3.386578171879865806e+01 -9.635662748214632245e+01
2.779906478575406226e+01 3.553579110314529999e+01 -2.680639146752135549e+00 3.678869949421350594e+00 -3.120692220191343580e+01 2.609257154324040329e+01 -1.750371458695323668e+01 3.266100457581439542e+01 1.511631610551887661e+00 8.560609136937893382e+00 2.595510158065200912e+01 6.145219826851946721e+01 -3.279817571499845030e+01 -5.098408799592866814e+01 -2.482564470655625755e+01 2.712341460913464175e+00 -4.224414937266627312e+00 -3.380032024607908969e+00 -7.226767304271250580e+00 -1.694338994599298331e+01
3.339901781840295314e+01 4.378724165652188560e+01 -2.145047077104722533e-02 4.697360534668939991e+00 -2.793088896388531950e+01 3.243048619119691267e+01 -1.476716097329590305e+01 1.511631610551886773e+00 -4.228094435541360951e+01 1.146331087516567848e+01 3.326205718954068402e+01 7.413113242284882176e+01 -3.230977309649259865e+01 -5.037866623124622834e+01 -2.122263576052527867e+01 5.078471075465452955e+00 -3.415765035310645459e+00 -3.055224192662631566e+00 -6.008009084511042985e+00 -1.217508418310937834e+01
4.474332319564143745e+01 6.238253764011033553e+01 1.086721237754002622e+01 7.237663313152467026e+00 -4.849531949820697463e+00 4.713001008206731512e+01 1.546398285413083773e+00 8.560609136937893382e+00 1.146331087516568026e+01 -3.186302267868240392e+02 5.163875607140573720e+01 1.003314439832773672e+02 -1.911825702136778560e+01 -3.044874840067492272e+01 8.727597941737843534e-01 1.300120020914282470e+01 1.076495148987205441e+00 -6.677165142841564593e-01 1.060413778740750823e+00 1.155430886866891527e+01
1.131847826975468507e+02 1.602548410370845033e+02 3.465874585709971711e+01 1.893031939462467506e+01 9.159413722469572861e+00 1.216461178180279887e+02 1.794462461161461420e+01 2.595510158065201267e+01 3.326205718954068402e+01 5.163875607140573720e+01 -3.127149304115129667e+02 2.544747547120883553e+02 -3.246350043980245204e+01 -5.265461167176376023e+01 2.148705359402099901e+01 3.696601074206601822e+01 6.441954933932676042e+00 5.644124785316531057e-01 8.675431691321815464e+00 4.756080302786391911e+01
1.984559799768631478e+02 2.900685711755525631e+02 8.734994808251730092e+01 3.549682643167311369e+01 9.550840095132336671e+01 2.222792687526859368e+02 8.349541340375644438e+01 6.145219826851946721e+01 7.413113242284882176e+01 1.003314439832773672e+02 2.544747547120883553e+02 -3.153184273773850350e+02 2.030204166157411727e+00 -1.963083972682076350e+00 1.091599352854596106e+02 7.993456497945513206e+01 2.508401471708165431e+01 9.345298937997805311e+00 3.743241471399198161e+01 1.513665608268415781e+02
3.233342365354959114e+00 -1.452560153561913125e+01 -5.492667715679786511e+01 -4.307814846809898235e+00 -1.668754609030695235e+02 -1.543178695806996892e+01 -1.089472862868688310e+02 -3.279817571499845030e+01 -3.230977309649259865e+01 -1.911825702136778560e+01 -3.246350043980246625e+01 2.030204166157411727e+00 6.760562260598993589e+02 -1.915970958708617502e+02 -1.497703279759880104e+02 -3.075027900414113446e+01 -2.882374775355766516e+01 -1.756184309177922387e+01 -4.649904809974633224e+01 -1.416402215265684390e+02
2.712483810982594612e+00 -2.555341639516917240e+01 -8.520631937087085817e+01 -7.006675690580165927e+00 -2.569477507237151030e+02 -2.617595048430927562e+01 -1.679915786479769508e+02 -5.098408799592865392e+01 -5.037866623124622834e+01 -3.044874840067492272e+01 -5.265461167176373181e+01 -1.963083972682090561e+00 -1.915970958708617502e+02 5.292496944858693269e+02 -2.308751867965232236e+02 -4.805317547871685946e+01 -4.447873093761350560e+01 -2.703299424721728883e+01 -7.171966148930937379e+01 -2.188869211907502859e+02
5.109087309305742508e+01 5.152452672145469847e+01 -4.527688673590177615e+01 3.262451673957490694e+00 -1.779622754218913485e+02 3.431115815667341451e+01 -1.111570646313067954e+02 -2.482564470655626110e+01 -2.122263576052527867e+01 8.727597941737808007e-01 2.148705359402100612e+01 1.091599352854596106e+02 -1.497703279759880104e+02 -2.308751867965231952e+02 2.228547904976873326e+02 -1.796689940438758981e+01 -2.869626776651601574e+01 -1.889651568536800141e+01 -4.701493866506447716e+01 -1.343294097877095794e+02
3.593727325729104649e+01 4.773344966026656522e+01 1.787197101234840879e+00 5.211320996877539358e+00 -2.464259670518818979e+01 3.550723495101654237e+01 -1.234572397395939980e+01 2.712341460913464175e+00 5.078471075465452955e+00 1.300120020914282115e+01 3.696601074206601822e+01 7.993456497945513206e+01 -3.075027900414113446e+01 -4.805317547871685946e+01 -1.796689940438758981e+01 -8.750586304929750270e+01 -2.736243697028258204e+00 -2.718336876500870858e+00 -4.951198167911929460e+00 -8.470846958056966969e+00
1.163572575439874157e+01 1.254871731807137714e+01 -7.928343840951721511e+00 9.496650162016768704e-01 -3.340646050290028768e+01 8.620061223580954390e+00 -2.065016673636882416e+01 -4.224414937266627312e+00 -3.415765035310644571e+00 1.076495148987204553e+00 6.441954933932676042e+00 2.508401471708165786e+01 -2.882374775355766516e+01 -4.447873093761350560e+01 -2.869626776651600863e+01 -2.736243697028257316e+00 3.137009115426559447e+02 -3.554395852943840417e+00 -8.715014698250614700e+00 -2.449807774521516279e+01
4.462531807896345626e+00 3.810282321943266215e+00 -5.974731056448728594e+00 1.098008085079872354e-01 -2.158202664511091839e+01 2.313888416661148639e+00 -1.366330766174062106e+01 -3.380032024607909413e+00 -3.055224192662632010e+00 -6.677165142841565704e-01 5.644124785316528836e-01 9.345298937997807087e+00 -1.756184309177922387e+01 -2.703299424721728883e+01 -1.889651568536799431e+01 -2.718336876500871302e+00 -3.554395852943839973e+00 4.667144710302644626e+02 -5.795274142657303784e+00 -1.689890860093776936e+01
1.742893121780127430e+01 1.828437388652621109e+01 -1.337467552333993126e+01 1.292508768961489363e+00 -5.451934318654941336e+01 1.240498921900849894e+01 -3.386578171879864385e+01 -7.226767304271250580e+00 -6.008009084511042097e+00 1.060413778740748159e+00 8.675431691321808358e+00 3.743241471399197451e+01 -4.649904809974633224e+01 -7.171966148930937379e+01 -4.701493866506447716e+01 -4.951198167911928572e+00 -8.715014698250616476e+00 -5.795274142657303784e+00 3.306928025368954422e+02 -4.052857343333120355e+01
6.961086925515050439e+01 7.981703278281960934e+01 -3.354505696826841188e+01 6.885481373520716986e+00 -1.583477665665884899e+02 5.626494023871315875e+01 -9.635662748214632245e+01 -1.694338994599298331e+01 -1.217508418310937657e+01 1.155430886866891704e+01 4.756080302786391911e+01 1.513665608268415212e+02 -1.416402215265684390e+02 -2.188869211907503427e+02 -1.343294097877096078e+02 -8.470846958056963416e+00 -2.449807774521516279e+01 -1.689890860093776581e+01 -4.052857343333120355e+01 1.359522592559052043e+02
