5.976918650481801478e+02 -2.426336515668480942e+01 6.164965554417083382e+00 -4.883902015519414164e+00 -3.347415314688079846e+00 -2.306010828030169435e+00 5.783706966244785086e+00 -3.615448820145566344e+01 -2.276384692364063156e+01 -5.745819560586149066e+00 -4.838033004539300741e+00 -9.806834552989963427e+00 5.976483128672040124e+00 5.255723038884384524e-01 1.728166369773139532e+00 1.190669404983911051e+01 -3.615538426728097665e+00 -1.576805967848416401e+01 -1.643845855272987677e+01 -6.691051142168548793e+00
-2.426336515668480942e+01 3.697739161667479380e+02 5.205865888503886652e+01 -3.591428493793345922e+01 -2.083672068969055147e+01 -1.667374861849291179e+01 5.586651781695896091e+01 -2.693126066677070298e+02 -1.619873511915857591e+02 -3.470103669818063707e+01 -3.431473160448514648e+01 -6.777991576550731168e+01 5.535353091851394680e+01 7.837922515912373989e+00 1.530339090129643331e+01 1.009062539452108780e+02 -2.579164040795534873e+01 -1.145680814715094726e+02 -1.221255717577785163e+02 -4.123801426463357700e+01
6.164965554417084270e+00 5.205865888503886652e+01 -9.015771825219374023e+02 8.227876265784425769e+00 4.093791525005842402e+01 6.535393091409827271e+00 1.148235605386270777e+02 2.871244383295884717e+01 8.887585443586679901e+01 8.021867870084955143e+01 1.994139388947801805e+01 5.702136513392210304e+01 9.646501649537862022e+01 3.622737471693905320e+01 2.132998194509822909e+01 1.046362666354111610e+02 1.352284127941180536e+01 3.949237411719808932e+01 1.607676111008763087e+01 8.567720988543261740e+01
-4.883902015519415052e+00 -3.591428493793345922e+01 8.227876265784423992e+00 6.318016868662103889e+02 -5.416227598463817294e+00 -3.435027420385837083e+00 6.821726027670266923e+00 -5.284746171285785721e+01 -3.424197889554628205e+01 -9.432923639511395564e+00 -7.291883930210595999e+00 -1.500777326899291886e+01 7.352372153518201614e+00 2.673130001942141676e-01 2.215747057889418503e+00 1.584455832476942128e+01 -5.430480196981617880e+00 -2.341703918817174568e+01 -2.406960754970137728e+01 -1.087893537848193581e+01
-3.347415314688078070e+00 -2.083672068969055147e+01 4.093791525005842402e+01 -5.416227598463817294e+00 -1.254753898741293483e+01 -1.118328878743869881e+00 7.404576902897274238e+01 -5.757585887673698011e+01 2.187064973630602704e+00 3.192568627178162899e+01 1.036246371320161508e+00 1.111295206908287092e+01 6.446843305948561920e+01 2.073260684931276288e+01 1.507798156422088631e+01 8.090566516993152391e+01 2.533162591191484569e-02 -1.046766485659907708e+01 -2.453743032228565468e+01 3.297646313147804165e+01
-2.306010828030169435e+00 -1.667374861849290468e+01 6.535393091409828159e+00 -3.435027420385836194e+00 -1.118328878743868993e+00 4.374709082349772871e+02 8.429803453542687564e+00 -2.655619553887398254e+01 -1.424141401186870048e+01 -1.571227004229874158e+00 -2.989893933306556395e+00 -5.479343732418336721e+00 7.933910561134900341e+00 1.669214208179578662e+00 2.064331851544835228e+00 1.274080907799512374e+01 -2.282706372565827202e+00 -1.063756046783094789e+01 -1.196855725741495746e+01 -2.100665598773874709e+00
5.783706966244786862e+00 5.586651781695896091e+01 1.148235605386270777e+02 6.821726027670272252e+00 7.404576902897274238e+01 8.429803453542687564e+00 -2.852736528794612809e+02 -1.277465320931313997e+01 1.310913561483903038e+02 1.466512902147636908e+02 2.992941357511840650e+01 9.328997434415538237e+01 2.010163564185592691e+02 7.220151552158607444e+01 4.522636639810717440e+01 2.284255643438827974e+02 1.965532430794487695e+01 4.743118215431823614e+01 1.306680184573287828e-01 1.555694010289436449e+02
-3.615448820145566344e+01 -2.693126066677070298e+02 2.871244383295883651e+01 -5.284746171285785721e+01 -5.757585887673699432e+01 -2.655619553887397899e+01 -1.277465320931315240e+01 5.172593474076671782e+02 -2.768880321427080275e+02 -1.048474050433958524e+02 -5.948412281187023609e+01 -1.306181942572120249e+02 2.211024980175511079e-01 -1.676480273364761331e+01 4.034882033177419558e+00 5.340316101378815716e+01 -4.361876971103949785e+01 -1.784431499630394740e+02 -1.708485215048351336e+02 -1.174143682120139403e+02
-2.276384692364062801e+01 -1.619873511915857591e+02 8.887585443586677059e+01 -3.424197889554626784e+01 2.187064973630601816e+00 -1.424141401186870048e+01 1.310913561483903038e+02 -2.768880321427080275e+02 1.941224822455082233e+02 1.098541158472289325e+01 -2.535034820243374298e+01 -3.932064212303944828e+01 1.193352557686845472e+02 3.066000351501686794e+01 2.973616508773112699e+01 1.741138790555983178e+02 -1.994752153628887470e+01 -1.011562807747694706e+02 -1.236969156070989442e+02 7.168255878332471909e+00
-5.745819560586147290e+00 -3.470103669818062997e+01 8.021867870084953722e+01 -9.432923639511384906e+00 3.192568627178162899e+01 -1.571227004229876156e+00 1.466512902147636908e+02 -1.048474050433958666e+02 1.098541158472290036e+01 9.620850583584307003e+00 3.479432470489649987e+00 2.510674669631787026e+01 1.274099418419517349e+02 4.137929654874944418e+01 2.970299449823508198e+01 1.586167017917973681e+02 1.099686617421621548e+00 -1.639429789922162684e+01 -4.438450341508497843e+01 6.800000894670105822e+01
-4.838033004539300741e+00 -3.431473160448513937e+01 1.994139388947801805e+01 -7.291883930210595999e+00 1.036246371320159732e+00 -2.989893933306557727e+00 2.992941357511841360e+01 -5.948412281187023609e+01 -2.535034820243373588e+01 3.479432470489651763e+00 2.917921698786826141e+02 -7.718820558734452497e+00 2.713446513041417774e+01 7.128926595009848377e+00 6.724161836472108078e+00 3.909319809224412978e+01 -4.127741647573566652e+00 -2.133244371536365236e+01 -2.652921309647522818e+01 2.729048434643412513e+00
-9.806834552989959874e+00 -6.777991576550729746e+01 5.702136513392211725e+01 -1.500777326899291175e+01 1.111295206908287092e+01 -5.479343732418335833e+00 9.328997434415538237e+01 -1.306181942572120249e+02 -3.932064212303946960e+01 2.510674669631787026e+01 -7.718820558734452497e+00 1.714169830200896740e+02 8.294963595154555946e+01 2.411414668133575034e+01 2.000650678385092007e+01 1.121829747853479091e+02 -6.604806196168052423e+00 -4.061633319976855461e+01 -5.755648334715527881e+01 2.454591075404737666e+01
5.976483128672043676e+00 5.535353091851394680e+01 9.646501649537862022e+01 7.352372153518198061e+00 6.446843305948563341e+01 7.933910561134898565e+00 2.010163564185592691e+02 2.211024980175493315e-01 1.193352557686845330e+02 1.274099418419517349e+02 2.713446513041417774e+01 8.294963595154554525e+01 -4.136357738166468039e+02 6.169242733986682481e+01 3.821155070994403502e+01 1.920142329953315823e+02 1.795517015774321834e+01 4.550352611477806875e+01 5.188406019463261742e+00 1.353419524944023351e+02
5.255723038884390075e-01 7.837922515912375765e+00 3.622737471693905320e+01 2.673130001942140566e-01 2.073260684931276643e+01 1.669214208179578662e+00 7.220151552158607444e+01 -1.676480273364761331e+01 3.066000351501686794e+01 4.137929654874943708e+01 7.128926595009846601e+00 2.411414668133575034e+01 6.169242733986682481e+01 -3.324231890692561819e+02 1.401778403642057924e+01 7.194093472408869161e+01 4.524366974321522683e+00 8.389219887263868358e+00 -5.863213268677553103e+00 4.368172340682576760e+01
1.728166369773139532e+00 1.530339090129643331e+01 2.132998194509822909e+01 2.215747057889418503e+00 1.507798156422088809e+01 2.064331851544834784e+00 4.522636639810717440e+01 4.034882033177422223e+00 2.973616508773112344e+01 2.970299449823508198e+01 6.724161836472106302e+00 2.000650678385091652e+01 3.821155070994403502e+01 1.401778403642057569e+01 -6.874721307902414082e+02 4.249765873488385637e+01 4.495093675023681179e+00 1.211978783825778017e+01 2.995397422984401370e+00 3.161692705975696072e+01
1.190669404983910695e+01 1.009062539452108638e+02 1.046362666354111610e+02 1.584455832476941772e+01 8.090566516993152391e+01 1.274080907799512374e+01 2.284255643438827974e+02 5.340316101378815716e+01 1.741138790555983178e+02 1.586167017917973681e+02 3.909319809224412268e+01 1.121829747853479091e+02 1.920142329953315539e+02 7.194093472408869161e+01 4.249765873488384926e+01 -7.151847642979937518e+02 2.647715601563737309e+01 7.680956402768482860e+01 3.027775867695996936e+01 1.693550968591741253e+02
-3.615538426728097665e+00 -2.579164040795534873e+01 1.352284127941180181e+01 -5.430480196981616992e+00 2.533162591191509549e-02 -2.282706372565827646e+00 1.965532430794487340e+01 -4.361876971103949074e+01 -1.994752153628887470e+01 1.099686617421619550e+00 -4.127741647573568429e+00 -6.604806196168054200e+00 1.795517015774322189e+01 4.524366974321522683e+00 4.495093675023681179e+00 2.647715601563736953e+01 3.297688039991424489e+02 -1.616026217069863691e+01 -1.951144178775562210e+01 4.591043625858364230e-01
-1.576805967848416401e+01 -1.145680814715094442e+02 3.949237411719808932e+01 -2.341703918817174213e+01 -1.046766485659907708e+01 -1.063756046783094789e+01 4.743118215431823614e+01 -1.784431499630394455e+02 -1.011562807747694706e+02 -1.639429789922162684e+01 -2.133244371536364525e+01 -4.061633319976855461e+01 4.550352611477805453e+01 8.389219887263868358e+00 1.211978783825778372e+01 7.680956402768482860e+01 -1.616026217069863691e+01 4.134407724982164041e+02 -8.065531131747570726e+01 -2.031502854645919953e+01
-1.643845855272987677e+01 -1.221255717577785020e+02 1.607676111008763442e+01 -2.406960754970137728e+01 -2.453743032228565824e+01 -1.196855725741495746e+01 1.306680184573431047e-01 -1.708485215048351336e+02 -1.236969156070989442e+02 -4.438450341508496422e+01 -2.652921309647522818e+01 -5.755648334715528591e+01 5.188406019463247532e+00 -5.863213268677553103e+00 2.995397422984401370e+00 3.027775867695995515e+01 -1.951144178775562210e+01 -8.065531131747570726e+01 7.486315028689890596e+02 -4.992354881796023136e+01
-6.691051142168548793e+00 -4.123801426463357700e+01 8.567720988543260319e+01 -1.087893537848193581e+01 3.297646313147804165e+01 -2.100665598773874709e+00 1.555694010289436733e+02 -1.174143682120139403e+02 7.168255878332466580e+00 6.800000894670105822e+01 2.729048434643412069e+00 2.454591075404737666e+01 1.353419524944023351e+02 4.368172340682577470e+01 3.161692705975696072e+01 1.693550968591741537e+02 4.591043625858395316e-01 -2.031502854645919243e+01 -4.992354881796022426e+01 3.232294354495438427e+01
