-9.580000000000000000e+02
-9.560000000000000000e+02
8.850000000000000000e+02
8.610000000000000000e+02
7.850000000000000000e+02
7.610000000000000000e+02
7.070000000000000000e+02
-7.020000000000000000e+02
-6.380000000000000000e+02
6.330000000000000000e+02
-6.320000000000000000e+02
5.530000000000000000e+02
5.510000000000000000e+02
5.290000000000000000e+02
-4.420000000000000000e+02
-3.980000000000000000e+02
-3.660000000000000000e+02
3.270000000000000000e+02
1.730000000000000000e+02
7.900000000000000000e+01
