8.770000000000000000e+02
-8.280000000000000000e+02
-7.560000000000000000e+02
7.410000000000000000e+02
7.290000000000000000e+02
7.270000000000000000e+02
-6.040000000000000000e+02
-5.380000000000000000e+02
-5.220000000000000000e+02
3.690000000000000000e+02
-3.580000000000000000e+02
-3.520000000000000000e+02
-3.060000000000000000e+02
2.050000000000000000e+02
-1.800000000000000000e+02
1.610000000000000000e+02
-1.540000000000000000e+02
-8.800000000000000000e+01
-2.400000000000000000e+01
-2.200000000000000000e+01
