9.830000000000000000e+02
9.330000000000000000e+02
-9.200000000000000000e+02
-9.180000000000000000e+02
-8.360000000000000000e+02
-7.980000000000000000e+02
-7.560000000000000000e+02
7.410000000000000000e+02
-7.180000000000000000e+02
-5.920000000000000000e+02
5.870000000000000000e+02
5.670000000000000000e+02
-5.420000000000000000e+02
-4.780000000000000000e+02
3.970000000000000000e+02
3.090000000000000000e+02
1.990000000000000000e+02
1.630000000000000000e+02
-1.180000000000000000e+02
5.700000000000000000e+01
