-3.758413451027957990e+02 4.450588413576676317e+01 1.308972393900842945e+01 4.313908780009907673e+01 5.163516757776353927e+01 1.037485962944357993e+02 1.121648051862494242e+02 3.987548600359134809e+01 2.011513813033342899e+02 3.349582749667491299e+01 2.629123343479437835e+01 1.587850599832504273e+01 4.005403993153253595e+01 2.066126092884907166e+02 6.800387321315632505e+01 1.380950386619470471e+01 2.800163700014125467e+01 1.943693882896706100e+02 5.807649684423090264e+01 7.413808409403667099e+01
4.450588413576675606e+01 5.347642480668622511e+02 -1.200380586082049490e+02 -2.301276906444176973e+02 -8.455931966454966187e+01 -3.469107670512518382e+01 -4.813541752569547327e+01 -5.609225829174854994e+01 -4.093839370898726315e+01 -4.092394590459990411e+01 -2.888736818660059384e+02 8.105758010321407525e+00 -8.667166915662092208e+01 1.999361926498178121e+01 -1.008279543968953789e+02 -1.976944694703499650e+01 4.107752450467511807e+00 -1.992277876664513769e+01 -6.807602030039662111e+01 -7.710159702184303399e+01
1.308972393900842768e+01 -1.200380586082049490e+02 8.330438818814775459e+02 -1.002019528208505648e+02 -3.800005372463700581e+01 -1.831549239515684491e+01 -2.436405505660988169e+01 -2.539290469116603788e+01 -2.421256425431389658e+01 -1.867159304630034811e+01 -1.248613274248908027e+02 2.955045149230606683e+00 -3.852441366183289517e+01 1.761021233863281354e+00 -4.552342307877697891e+01 -8.941538300023029961e+00 8.387615942943220659e-01 -1.496813011183676245e+01 -3.113756560128252815e+01 -3.554185505493342845e+01
4.313908780009906252e+01 -2.301276906444176973e+02 -1.002019528208505648e+02 5.854783055781341545e+02 -6.922800396247041022e+01 -2.575773571208473101e+01 -3.675789028574399708e+01 -4.574221058175857735e+01 -2.787586957816808564e+01 -3.323174283218344982e+01 -2.413045419970863179e+02 7.302991581012070021e+00 -7.136946982416608876e+01 2.337481913964475311e+01 -8.234098055618228784e+01 -1.612944816706129103e+01 4.339849105373727589e+00 -1.047682348963734000e+01 -5.520475611709529318e+01 -6.225612355068625448e+01
5.163516757776352506e+01 -8.455931966454964765e+01 -3.800005372463699871e+01 -6.922800396247039600e+01 4.047467830749668565e+02 9.087912194553219081e+00 6.227252656872297898e+00 -1.097923425932117780e+01 2.652885484175399000e+01 -7.126204536663948375e+00 -9.249367852406901136e+01 5.931376643456661490e+00 -2.129328761968494987e+01 4.824833431287298424e+01 -2.047317580137842441e+01 -3.918650115901066489e+00 7.012154960055772435e+00 3.228018534777544346e+01 -1.138106684367116550e+01 -1.121120142571115252e+01
1.037485962944358135e+02 -3.469107670512518382e+01 -1.831549239515684135e+01 -2.575773571208473101e+01 9.087912194553222633e+00 4.534837866892834413e+00 4.808685454279748228e+01 8.943946782608778179e+00 9.572770365414841365e+01 8.808307931855635431e+00 -4.677741676714183683e+01 9.927393337906979198e+00 2.641852534443529521e+00 1.113010272740860387e+02 1.417235981911969311e+01 3.025529698376320020e+00 1.537668155795303093e+01 9.660624003717545349e+01 1.587440694645839478e+01 2.231427123988735062e+01
1.121648051862494242e+02 -4.813541752569546617e+01 -2.436405505660987814e+01 -3.675789028574398998e+01 6.227252656872297898e+00 4.808685454279750360e+01 6.219086588065471943e+01 7.231972938917671456e+00 1.001578867624305644e+02 7.704644504516283021e+00 -6.150536096551844167e+01 1.088919083400204357e+01 -7.151645637499270958e-01 1.192011260760610867e+02 1.097374238751723574e+01 2.414083989414068210e+00 1.652284003901926823e+01 1.019471390504306640e+02 1.411629707497425379e+01 2.059910702229365498e+01
3.987548600359134099e+01 -5.609225829174854994e+01 -2.539290469116604498e+01 -4.574221058175857735e+01 -1.097923425932117780e+01 8.943946782608779955e+00 7.231972938917672344e+00 3.646328918074399894e+02 2.337649346481001089e+01 -3.928108641464706174e+00 -6.195698321629455307e+01 4.444974878838547028e+00 -1.334994672236285673e+01 3.823785954533921938e+01 -1.204351335297858050e+01 -2.283868016958452873e+00 5.502852488684698784e+00 2.709075880320569851e+01 -6.150409367149637596e+00 -5.603864183782199859e+00
2.011513813033342899e+02 -4.093839370898720631e+01 -2.421256425431390014e+01 -2.787586957816805011e+01 2.652885484175398645e+01 9.572770365414841365e+01 1.001578867624305644e+02 2.337649346481001800e+01 6.585905167931687743e+01 2.157999873637231758e+01 -6.362117659978736839e+01 1.886011787289658770e+01 1.396525777997650408e+01 2.185893061833190245e+02 3.824489688456405645e+01 7.987766154765950866e+00 3.006347048610231099e+01 1.934837893187422537e+02 3.831985924940241262e+01 5.199291599064698488e+01
3.349582749667491299e+01 -4.092394590459990411e+01 -1.867159304630034455e+01 -3.323174283218344982e+01 -7.126204536663950151e+00 8.808307931855640760e+00 7.704644504516283021e+00 -3.928108641464705286e+00 2.157999873637232469e+01 3.207598056896233629e+02 -4.567373532937981651e+01 3.642648082820926447e+00 -9.133101062834187545e+00 3.277793398160201832e+01 -7.582947507225480166e+00 -1.419173308837439418e+00 4.681432075256115155e+00 2.421087852750562064e+01 -3.391600836717862499e+00 -2.653116004197066502e+00
2.629123343479437835e+01 -2.888736818660059384e+02 -1.248613274248908169e+02 -2.413045419970863463e+02 -9.249367852406901136e+01 -4.677741676714183683e+01 -6.150536096551845588e+01 -6.195698321629453886e+01 -6.362117659978736839e+01 -4.567373532937981651e+01 6.130762411376299497e+02 6.638535070078088296e+00 -9.342753954223340429e+01 -1.535674892393010360e+00 -1.109770641822979940e+02 -2.181029774097446250e+01 1.229816077186860035e+00 -4.128084188761435769e+01 -7.622928738889777378e+01 -8.723021176108764507e+01
1.587850599832504273e+01 8.105758010321409301e+00 2.955045149230606683e+00 7.302991581012070910e+00 5.931376643456659714e+00 9.927393337906979198e+00 1.088919083400204357e+01 4.444974878838547028e+00 1.886011787289658770e+01 3.642648082820926891e+00 6.638535070078088296e+00 -9.966781038221158724e+02 4.911309254341312602e+00 1.845888901895315470e+01 7.656556057340741184e+00 1.544425294690299655e+00 2.481102730523157884e+00 1.793520108121307644e+01 6.273390296878961436e+00 7.864076532135523934e+00
4.005403993153252884e+01 -8.667166915662090787e+01 -3.852441366183290938e+01 -7.136946982416608876e+01 -2.129328761968494987e+01 2.641852534443528633e+00 -7.151645637499197683e-01 -1.334994672236285673e+01 1.396525777997650408e+01 -9.133101062834189321e+00 -9.342753954223340429e+01 4.911309254341312602e+00 4.934011451405339699e+02 3.518865128906535489e+01 -2.450329230349251475e+01 -4.738806009472757097e+00 5.238719722066307760e+00 2.009113122623996617e+01 -1.486790326929240713e+01 -1.568683874642719722e+01
2.066126092884907166e+02 1.999361926498176700e+01 1.761021233863285129e+00 2.337481913964475311e+01 4.824833431287299845e+01 1.113010272740860387e+02 1.192011260760610867e+02 3.823785954533921938e+01 2.185893061833190245e+02 3.277793398160201122e+01 -1.535674892393010360e+00 1.845888901895315470e+01 3.518865128906536199e+01 -1.548878906787721519e+02 6.466229743438320554e+01 1.320585927283233829e+01 3.147044212200901825e+01 2.133043732935024366e+02 5.713756205230564689e+01 7.398025545917832346e+01
6.800387321315632505e+01 -1.008279543968953931e+02 -4.552342307877698602e+01 -8.234098055618228784e+01 -2.047317580137842796e+01 1.417235981911969667e+01 1.097374238751723041e+01 -1.204351335297858050e+01 3.824489688456404934e+01 -7.582947507225481942e+00 -1.109770641822979798e+02 7.656556057340741184e+00 -2.450329230349251475e+01 6.466229743438317712e+01 3.663469788829212348e+02 -4.311497964997286658e+00 9.335388154788633486e+00 4.498732752351552477e+01 -1.196970323720708329e+01 -1.127071592416070622e+01
1.380950386619470827e+01 -1.976944694703499295e+01 -8.941538300023029961e+00 -1.612944816706128748e+01 -3.918650115901067377e+00 3.025529698376320908e+00 2.414083989414068210e+00 -2.283868016958452873e+00 7.987766154765950866e+00 -1.419173308837440528e+00 -2.181029774097446250e+01 1.544425294690299211e+00 -4.738806009472757097e+00 1.320585927283234007e+01 -4.311497964997286658e+00 3.761813459198890541e+02 1.902450070024190198e+00 9.301225349128941389e+00 -2.228498053850126226e+00 -2.054728673061458899e+00
2.800163700014125112e+01 4.107752450467511807e+00 8.387615942943220659e-01 4.339849105373727589e+00 7.012154960055774211e+00 1.537668155795303271e+01 1.652284003901926823e+01 5.502852488684699672e+00 3.006347048610231099e+01 4.681432075256115155e+00 1.229816077186861811e+00 2.481102730523157884e+00 5.238719722066308648e+00 3.147044212200901114e+01 9.335388154788633486e+00 1.902450070024190198e+00 -4.357215859046444280e+02 2.923681440022719613e+01 8.144285971532369217e+00 1.048998854198381281e+01
1.943693882896706100e+02 -1.992277876664512348e+01 -1.496813011183677666e+01 -1.047682348963734889e+01 3.228018534777544346e+01 9.660624003717543928e+01 1.019471390504306640e+02 2.709075880320569851e+01 1.934837893187422537e+02 2.421087852750562064e+01 -4.128084188761435769e+01 1.793520108121307644e+01 2.009113122623995906e+01 2.133043732935024082e+02 4.498732752351552477e+01 9.301225349128941389e+00 2.923681440022719613e+01 -1.242939464625063550e+01 4.265398810030847443e+01 5.675168025463781873e+01
5.807649684423090264e+01 -6.807602030039662111e+01 -3.113756560128252815e+01 -5.520475611709530739e+01 -1.138106684367116550e+01 1.587440694645839123e+01 1.411629707497425734e+01 -6.150409367149635820e+00 3.831985924940241972e+01 -3.391600836717860723e+00 -7.622928738889774536e+01 6.273390296878960548e+00 -1.486790326929240891e+01 5.713756205230564689e+01 -1.196970323720707974e+01 -2.228498053850125782e+00 8.144285971532369217e+00 4.265398810030847443e+01 3.039446083942474957e+02 -3.645090332114039100e+00
7.413808409403665678e+01 -7.710159702184299135e+01 -3.554185505493342845e+01 -6.225612355068625448e+01 -1.121120142571115430e+01 2.231427123988735062e+01 2.059910702229365498e+01 -5.603864183782200747e+00 5.199291599064697778e+01 -2.653116004197068278e+00 -8.723021176108764507e+01 7.864076532135523934e+00 -1.568683874642719545e+01 7.398025545917832346e+01 -1.127071592416070622e+01 -2.054728673061458899e+00 1.048998854198381281e+01 5.675168025463781873e+01 -3.645090332114037324e+00 2.675973291539884258e+02
