-2.665222156058983316e+01 1.312061872468260759e+01 -8.663513291699258900e+01 2.247283316750146476e+00 -7.438435307566659382e+00 -6.133930037423700909e+00 3.593788523314929506e+01 2.415572008617116495e+01 6.622753549033190268e+01 -1.432640475775449147e+02 -3.452130052039883878e+01 -2.367864331533149169e+01 -2.813490404372444686e+01 -6.955470266889561159e+00 2.684202016537883750e+01 -6.937215611174522678e+01 2.110131194828821322e+01 2.357021549577377684e+01 -2.330661337540307798e+01 3.023240660532398749e+01
1.312061872468260759e+01 -9.252130487882615171e+02 7.937802350931605355e-01 1.447017924869565597e+01 4.654976310171126563e+00 4.064043386491478671e+00 1.881791530805343271e+01 1.670290458142092049e+01 3.899450596580982875e+01 -6.999935832886746034e+00 5.293029222595859729e+00 2.374752381435455106e+01 2.663346050043860558e+01 6.775376694913299858e+00 3.589359725001219914e+01 1.571885468390901153e+00 3.777824569134310195e+01 1.936943487164081645e+01 4.933574290291828923e+00 1.822851974996966362e+01
-8.663513291699257479e+01 7.937802350931575379e-01 4.711946459053289686e+02 -4.554718423418766804e+01 -2.963828609514494516e+01 -2.521436576991918699e+01 1.390851028768150144e+00 -1.298322473849108150e+01 -1.225375498046557787e+01 -2.390335215202562438e+02 -8.155848642521684155e+01 -1.250002239785662539e+02 -1.430897932393675092e+02 -3.603043508105065484e+01 -7.392900352137552034e+01 -1.327779781633382186e+02 -9.093983745201360591e+01 -2.321208149176096214e+01 -5.973199929946374453e+01 -7.062320323111151765e+00
2.247283316750154913e+00 1.447017924869565597e+01 -4.554718423418765383e+01 -2.729325556800138770e+02 1.117799325796786203e+00 1.168898436309519173e+00 3.988454659412268910e+01 3.125324769584407747e+01 7.823237165501124935e+01 -8.443194610346698425e+01 -1.269317850698877237e+01 1.334742962738485517e+01 1.412365315404721144e+01 3.701118824735200263e+00 5.373092153141351446e+01 -3.544500000799091310e+01 5.272126939923925448e+01 3.386281457817791107e+01 -7.078634802240978630e+00 3.618152033537038648e+01
-7.438435307566659382e+00 4.654976310171126563e+00 -2.963828609514494516e+01 1.117799325796783538e+00 -2.043425544038069930e+01 -2.001922124156114258e+00 1.275565697907621043e+01 8.671385467842599226e+00 2.361050196522842626e+01 -4.921150236964007263e+01 -1.169004036217587306e+01 -7.533868997769550546e+00 -8.989855680276667371e+00 -2.217856908019853801e+00 1.005315937995183617e+01 -2.370999153767326106e+01 8.133358894431335528e+00 8.535172641899668733e+00 -7.859625559179660215e+00 1.078833203568604659e+01
-6.133930037423701798e+00 4.064043386491478671e+00 -2.521436576991919409e+01 1.168898436309519173e+00 -2.001922124156114258e+00 -2.964282853971927523e+01 1.113968047453351140e+01 7.631608353582634230e+00 2.068192776726207072e+01 -4.199103510472627221e+01 -9.870289932349828987e+00 -6.055428213300944940e+00 -7.251297581499125400e+00 -1.785865958787324903e+00 9.096138136609951630e+00 -2.015686853123831668e+01 7.490448821276216584e+00 7.555751972358106805e+00 -6.615477911938270950e+00 9.456354791108111613e+00
3.593788523314929506e+01 1.881791530805343271e+01 1.390851028768151698e+00 3.988454659412268910e+01 1.275565697907620866e+01 1.113968047453351140e+01 -8.658283519582352028e+02 4.623675936027788680e+01 1.080344196696644019e+02 -2.060032046548213103e+01 1.426461339119992999e+01 6.520451872166660223e+01 7.311404584336152368e+01 1.860158561432390201e+01 9.912988286455700404e+01 3.693051755168675232e+00 1.042691602792691157e+02 5.357740516100206918e+01 1.337738248943503727e+01 5.049550469861895152e+01
2.415572008617116495e+01 1.670290458142091694e+01 -1.298322473849108150e+01 3.125324769584406326e+01 8.671385467842604555e+00 7.631608353582636006e+00 4.623675936027787969e+01 -6.442716816147394638e+02 9.441542884557179605e+01 -3.920479065937252727e+01 5.444606408853405632e+00 4.665463810969141889e+01 5.205693482872705857e+01 1.327713844039188906e+01 8.112728866534345684e+01 -8.398610311643853521e+00 8.417571148176729423e+01 4.531824654129214736e+01 6.577568852241497233e+00 4.401270740060962083e+01
6.622753549033188847e+01 3.899450596580982165e+01 -1.225375498046558143e+01 7.823237165501126356e+01 2.361050196522842626e+01 2.068192776726207782e+01 1.080344196696644019e+02 9.441542884557179605e+01 -5.797029326225546129e+02 -6.495873629657316428e+01 2.187636183274847923e+01 1.231709334078175004e+02 1.378383133569385279e+02 3.510365432636763927e+01 1.981129570184766919e+02 -4.777867734369914743e+00 2.071516217703189398e+02 1.086412701117265840e+02 2.208233177141265813e+01 1.037772702859076617e+02
-1.432640475775449147e+02 -6.999935832886749587e+00 -2.390335215202562438e+02 -8.443194610346697004e+01 -4.921150236964007263e+01 -4.199103510472627221e+01 -2.060032046548213103e+01 -3.920479065937252727e+01 -6.495873629657316428e+01 5.957134923088684673e+02 -1.263740673346086822e+02 -2.125030921214937223e+02 -2.425929807874906032e+02 -6.116866341205708579e+01 -1.519750196857571893e+02 -1.972594558392563044e+02 -1.792726510860170777e+02 -5.746448317797354832e+01 -9.382627324377146749e+01 -3.232888358252220229e+01
-3.452130052039883878e+01 5.293029222595856176e+00 -8.155848642521684155e+01 -1.269317850698877947e+01 -1.169004036217587306e+01 -9.870289932349828987e+00 1.426461339119992999e+01 5.444606408853396751e+00 2.187636183274850055e+01 -1.263740673346086822e+02 2.494156291276414095e+02 -4.633808207210422125e+01 -5.344075874747588273e+01 -1.340683175087298018e+01 -1.166349855870552332e+01 -6.626390708947475616e+01 -1.894006792342367973e+01 2.173845151249993890e+00 -2.676450646015445045e+01 9.549217271493208870e+00
-2.367864331533149169e+01 2.374752381435454751e+01 -1.250002239785662539e+02 1.334742962738485517e+01 -7.533868997769552323e+00 -6.055428213300944051e+00 6.520451872166660223e+01 4.665463810969141889e+01 1.231709334078175004e+02 -2.125030921214937223e+02 -4.633808207210421415e+01 -1.097556099276618653e+02 -2.220125770718983560e+01 -5.355307624713393722e+00 6.393009684062212727e+01 -9.943969234868767160e+01 5.692475955003839516e+01 4.766558446508901170e+01 -3.033614439772096816e+01 5.652499114203794761e+01
-2.813490404372445397e+01 2.663346050043860558e+01 -1.430897932393675376e+02 1.412365315404720079e+01 -8.989855680276667371e+00 -7.251297581499123623e+00 7.311404584336152368e+01 5.205693482872707278e+01 1.378383133569385279e+02 -2.425929807874906032e+02 -5.344075874747588273e+01 -2.220125770718982139e+01 -1.115171070651825431e+02 -6.665435947677837092e+00 7.030037380181029505e+01 -1.139048865013280363e+02 6.213517842485096310e+01 5.300200355305737787e+01 -3.510261275912277767e+01 6.322961042245245267e+01
-6.955470266889564712e+00 6.775376694913299858e+00 -3.603043508105065484e+01 3.701118824735199375e+00 -2.217856908019854245e+00 -1.785865958787324903e+00 1.860158561432390201e+01 1.327713844039189084e+01 3.510365432636764638e+01 -6.116866341205707869e+01 -1.340683175087298018e+01 -5.355307624713394610e+00 -6.665435947677837092e+00 -8.961133730201167680e+01 1.806282258307384936e+01 -2.867223687763226891e+01 1.602510155283846061e+01 1.354169059654610052e+01 -8.791796174247950901e+00 1.610624607799567798e+01
2.684202016537883750e+01 3.589359725001219203e+01 -7.392900352137550612e+01 5.373092153141350025e+01 1.005315937995183617e+01 9.096138136609951630e+00 9.912988286455700404e+01 8.112728866534345684e+01 1.981129570184766919e+02 -1.519750196857571609e+02 -1.166349855870552865e+01 6.393009684062212727e+01 7.030037380181028084e+01 1.806282258307384936e+01 -2.858740987046032842e+02 -5.585011378211253685e+01 1.537778228460356900e+02 9.014292611675374189e+01 -3.011450997705955590e+00 9.196682364991308134e+01
-6.937215611174522678e+01 1.571885468390897600e+00 -1.327779781633382186e+02 -3.544500000799092021e+01 -2.370999153767326462e+01 -2.015686853123831668e+01 3.693051755168675676e+00 -8.398610311643864179e+00 -4.777867734369912966e+00 -1.972594558392563044e+02 -6.626390708947475616e+01 -9.943969234868767160e+01 -1.139048865013280363e+02 -2.867223687763226891e+01 -5.585011378211253685e+01 4.741667528269975946e+02 -6.956510279692086840e+01 -1.643779281629041122e+01 -4.838723397390403136e+01 -3.329161482949118067e+00
2.110131194828820611e+01 3.777824569134309485e+01 -9.093983745201360591e+01 5.272126939923925448e+01 8.133358894431337305e+00 7.490448821276216584e+00 1.042691602792691157e+02 8.417571148176729423e+01 2.071516217703189398e+02 -1.792726510860170777e+02 -1.894006792342366552e+01 5.692475955003843779e+01 6.213517842485096310e+01 1.602510155283846771e+01 1.537778228460356900e+02 -6.956510279692085419e+01 -2.318808817247602292e+02 9.280993230841589536e+01 -8.060310593675362512e+00 9.605007678964079787e+01
2.357021549577377684e+01 1.936943487164081290e+01 -2.321208149176096214e+01 3.386281457817790397e+01 8.535172641899666957e+00 7.555751972358103252e+00 5.357740516100206918e+01 4.531824654129214736e+01 1.086412701117265556e+02 -5.746448317797354832e+01 2.173845151249989893e+00 4.766558446508899749e+01 5.300200355305737787e+01 1.354169059654610052e+01 9.014292611675374189e+01 -1.643779281629041833e+01 9.280993230841589536e+01 -5.407304465729974936e+02 4.589378031719427042e+00 5.057591155243702019e+01
-2.330661337540308153e+01 4.933574290291830700e+00 -5.973199929946374453e+01 -7.078634802240983959e+00 -7.859625559179660215e+00 -6.615477911938270950e+00 1.337738248943503727e+01 6.577568852241494568e+00 2.208233177141265813e+01 -9.382627324377146749e+01 -2.676450646015444690e+01 -3.033614439772096816e+01 -3.510261275912278478e+01 -8.791796174247949125e+00 -3.011450997705952037e+00 -4.838723397390403136e+01 -8.060310593675366064e+00 4.589378031719425266e+00 1.941204867447511049e+02 9.825709912641359622e+00
3.023240660532399460e+01 1.822851974996966362e+01 -7.062320323111144660e+00 3.618152033537037227e+01 1.078833203568604837e+01 9.456354791108113389e+00 5.049550469861895152e+01 4.401270740060962794e+01 1.037772702859076901e+02 -3.232888358252219518e+01 9.549217271493212422e+00 5.652499114203794761e+01 6.322961042245245267e+01 1.610624607799567798e+01 9.196682364991306713e+01 -3.329161482949110962e+00 9.605007678964079787e+01 5.057591155243702019e+01 9.825709912641359622e+00 -7.335636494118758719e+02
