8.230000000000000000e+02
8.010000000000000000e+02
-8.000000000000000000e+02
-7.640000000000000000e+02
-6.160000000000000000e+02
-5.700000000000000000e+02
4.690000000000000000e+02
-4.600000000000000000e+02
4.490000000000000000e+02
-4.480000000000000000e+02
3.770000000000000000e+02
3.610000000000000000e+02
3.450000000000000000e+02
-3.380000000000000000e+02
3.190000000000000000e+02
2.470000000000000000e+02
9.700000000000000000e+01
-9.400000000000000000e+01
-4.600000000000000000e+01
3.300000000000000000e+01
