-9.540000000000000000e+02
-9.240000000000000000e+02
8.890000000000000000e+02
8.270000000000000000e+02
-6.960000000000000000e+02
6.390000000000000000e+02
6.010000000000000000e+02
-5.840000000000000000e+02
5.470000000000000000e+02
-5.220000000000000000e+02
4.870000000000000000e+02
4.390000000000000000e+02
-3.540000000000000000e+02
3.330000000000000000e+02
3.170000000000000000e+02
2.970000000000000000e+02
1.770000000000000000e+02
-5.600000000000000000e+01
-3.800000000000000000e+01
-2.800000000000000000e+01
