-9.520000000000000000e+02
9.130000000000000000e+02
-7.680000000000000000e+02
7.270000000000000000e+02
6.330000000000000000e+02
6.050000000000000000e+02
5.910000000000000000e+02
-5.700000000000000000e+02
-5.620000000000000000e+02
-5.000000000000000000e+02
4.770000000000000000e+02
-4.740000000000000000e+02
4.230000000000000000e+02
-4.080000000000000000e+02
-3.500000000000000000e+02
3.070000000000000000e+02
2.310000000000000000e+02
1.830000000000000000e+02
-1.600000000000000000e+02
-2.000000000000000000e+00
