9.910000000000000000e+02
8.630000000000000000e+02
-8.600000000000000000e+02
-8.100000000000000000e+02
-7.900000000000000000e+02
-7.340000000000000000e+02
6.910000000000000000e+02
6.670000000000000000e+02
-6.440000000000000000e+02
-6.280000000000000000e+02
5.810000000000000000e+02
4.890000000000000000e+02
4.610000000000000000e+02
-4.560000000000000000e+02
-3.480000000000000000e+02
-2.080000000000000000e+02
1.710000000000000000e+02
-1.580000000000000000e+02
-1.060000000000000000e+02
-8.800000000000000000e+01
