-6.371674310578773657e+02 1.026269103483101617e+02 1.593341172447248937e+02 1.039549159256370388e+02 -5.493157923504335116e+01 1.542127770069968165e+02 1.189230879615430148e+01 8.764081286976062302e+01 3.191560808083173839e+01 1.531037021036806856e+01 3.525412921302313407e+01 -1.713412567752085636e+01 9.180907620180117590e+01 8.665313592413239618e+00 2.529972523163484368e+02 -4.204700949511248353e+01 -2.244980373405565643e+01 2.473238394594865781e+02 5.009439950359008975e+01 8.879200835069944731e-01
1.026269103483101617e+02 -7.259514172689544012e+02 4.650418301542202926e+01 2.454680898639123043e+01 -2.804761497808013715e+01 3.906727280060043483e+01 -5.710230079702740547e+00 2.515301039675424732e+01 5.254948939261303131e+00 2.073811292468689782e+00 1.329113970251689203e+00 -2.262755678396467474e+01 2.404986188498149247e+01 2.056268023295856562e+00 7.959455623377503741e+01 -2.950101172852947684e+01 -1.105558116412030500e+01 8.061315616385635963e+01 1.262054606859113015e+01 -5.613861641139155978e+00
1.593341172447248937e+02 4.650418301542204347e+01 -4.737143625677848036e+02 1.324374959615591862e+01 -7.148754028612397349e+01 3.099502295402994889e+01 -3.492157820014817560e+01 3.023600832271092642e+01 -5.691925501518676711e+00 -4.642774395293930212e+00 -2.543107353387366842e+01 -8.166470124121127583e+01 2.183834591545033987e+01 1.147295105599955845e+00 1.171576789281909043e+02 -8.907661597533095232e+01 -2.747464188416571318e+01 1.265221771726696147e+02 9.768787134002616668e+00 -2.479659323769202217e+01
1.039549159256370388e+02 2.454680898639121622e+01 1.324374959615592928e+01 -2.656495126623412943e+02 -9.640877782770300541e+01 -3.260410319905250276e+01 -6.919291526578956564e+01 4.025630111702362512e+00 -2.838297295909123719e+01 -1.703307828479813679e+01 -6.556308365336424515e+01 -1.361633551569947826e+02 -1.335996114436838411e+01 -2.894160262852224275e+00 6.500748049736056089e+01 -1.351935704003280705e+02 -3.628905385207102086e+01 8.497971265475270286e+01 -1.112654105921425796e+01 -4.481977470926894824e+01
-5.493157923504333695e+01 -2.804761497808013715e+01 -7.148754028612395928e+01 -9.640877782770300541e+01 8.004439699683956633e+02 -1.202296835673385260e+02 -8.419696583087662134e+01 -4.298339728110490654e+01 -4.919362540413526830e+01 -2.743889726212621127e+01 -9.278179959798690390e+01 -1.437160156649239013e+02 -6.477867312895165242e+01 -7.949257673742281760e+00 -6.409315336263216523e+01 -1.291219175995260287e+02 -2.860799609099202812e+01 -3.857543827539151238e+01 -3.965701211493659883e+01 -5.084431663770417487e+01
1.542127770069968165e+02 3.906727280060043483e+01 3.099502295402994889e+01 -3.260410319905249565e+01 -1.202296835673385260e+02 -3.201776803415535255e+02 -8.139417482745828636e+01 1.316150003004858604e+01 -3.080885763588083393e+01 -1.885544341236197852e+01 -7.483629019224079570e+01 -1.640407471502268208e+02 -7.177235538298988970e+00 -2.625377336636477210e+00 1.016697288726747246e+02 -1.652604790955169278e+02 -4.542457356082774567e+01 1.249500574237024182e+02 -8.492502537743588320e+00 -5.337326240883507467e+01
1.189230879615427661e+01 -5.710230079702734329e+00 -3.492157820014818270e+01 -6.919291526578956564e+01 -8.419696583087662134e+01 -8.139417482745830057e+01 1.128548434927108559e+02 -2.262333395137131120e+01 -3.951545813640077398e+01 -2.253696738273128730e+01 -7.949665128552625504e+01 -1.374294354821950890e+02 -4.211721148240025769e+01 -5.686514158201009472e+00 -9.367584456092533429e+00 -1.287832499814918208e+02 -3.114938249137249926e+01 1.329765078615030305e+01 -2.700109706498795958e+01 -4.723577954299922510e+01
8.764081286976059459e+01 2.515301039675424022e+01 3.023600832271092642e+01 4.025630111702364289e+00 -4.298339728110490654e+01 1.316150003004859315e+01 -2.262333395137131120e+01 -4.765242155633029029e+02 -4.946064769052079590e+00 -3.584190285002621490e+00 -1.759166374134887079e+01 -5.101797211129792231e+01 9.980566051476287726e+00 3.630215698713105121e-01 6.360084040497136471e+01 -5.466766030138681032e+01 -1.646352859505979183e+01 6.977177880884167394e+01 4.085555259677262185e+00 -1.574677040801748440e+01
3.191560808083172418e+01 5.254948939261303131e+00 -5.691925501518676711e+00 -2.838297295909124429e+01 -4.919362540413526830e+01 -3.080885763588084814e+01 -3.951545813640076688e+01 -4.946064769052079590e+00 -8.442687432861670516e+01 -1.074308450433187190e+01 -3.940980441368700582e+01 -7.443684692150289095e+01 -1.497161907829270433e+01 -2.322761086711304657e+00 1.545790020360247929e+01 -7.185332273146707394e+01 -1.837145303076625780e+01 2.704765101385814319e+01 -1.030617096682404643e+01 -2.503717940624807170e+01
1.531037021036807211e+01 2.073811292468691558e+00 -4.642774395293933765e+00 -1.703307828479814034e+01 -2.743889726212621127e+01 -1.885544341236198207e+01 -2.253696738273128730e+01 -3.584190285002620158e+00 -1.074308450433187190e+01 -3.223413581902361358e+01 -2.268397090832490903e+01 -4.210350581597067787e+01 -9.312292048615748996e+00 -1.395326232060180915e+00 6.533443796847753227e+00 -4.041620386894235395e+01 -1.022996037186598706e+01 1.316282285600487079e+01 -6.294292001283720239e+00 -1.422063653239125891e+01
3.525412921302313407e+01 1.329113970251696308e+00 -2.543107353387366842e+01 -6.556308365336424515e+01 -9.278179959798690390e+01 -7.483629019224079570e+01 -7.949665128552625504e+01 -1.759166374134886723e+01 -3.940980441368700582e+01 -2.268397090832490903e+01 -2.235898538208687825e+01 -1.462443763582047040e+02 -3.786302595956024675e+01 -5.379463539627723279e+00 8.245890740824460607e+00 -1.389062025166450098e+02 -3.447787121925237841e+01 3.175582741800256770e+01 -2.490181128162429758e+01 -4.977988881064803195e+01
-1.713412567752084925e+01 -2.262755678396468184e+01 -8.166470124121127583e+01 -1.361633551569947826e+02 -1.437160156649239013e+02 -1.640407471502268208e+02 -1.374294354821950890e+02 -5.101797211129792231e+01 -7.443684692150289095e+01 -4.210350581597068498e+01 -1.462443763582047609e+02 1.136372872799142328e+02 -8.633730064889226696e+01 -1.120514589063426492e+01 -4.737123662010407088e+01 -2.249040256669419193e+02 -5.291130272975920690e+01 -6.205824311363056012e+00 -5.428891129458574483e+01 -8.446683407724582082e+01
9.180907620180117590e+01 2.404986188498147470e+01 2.183834591545033987e+01 -1.335996114436838411e+01 -6.477867312895166663e+01 -7.177235538299003181e+00 -4.211721148240025059e+01 9.980566051476291278e+00 -1.497161907829271321e+01 -9.312292048615747220e+00 -3.786302595956024675e+01 -8.633730064889223854e+01 -3.365013063527994746e+02 -1.065356759498082839e+00 6.208957570007274995e+01 -8.785656680605046631e+01 -2.453437731745829353e+01 7.405550479024566357e+01 -2.665213524394823175e+00 -2.786245684806596756e+01
8.665313592413239618e+00 2.056268023295856562e+00 1.147295105599957843e+00 -2.894160262852224719e+00 -7.949257673742281760e+00 -2.625377336636477210e+00 -5.686514158201009472e+00 3.630215698713116224e-01 -2.322761086711304657e+00 -1.395326232060180471e+00 -5.379463539627721502e+00 -1.120514589063426492e+01 -1.065356759498083061e+00 -2.342348764259646430e+02 5.438782869918252771e+00 -1.113446112832243351e+01 -2.992811693761596281e+00 7.079353945451312136e+00 -8.968641479202527078e-01 -3.685927750163229710e+00
2.529972523163484368e+02 7.959455623377503741e+01 1.171576789281909043e+02 6.500748049736056089e+01 -6.409315336263215102e+01 1.016697288726747246e+02 -9.367584456092533429e+00 6.360084040497135049e+01 1.545790020360248640e+01 6.533443796847757667e+00 8.245890740824457055e+00 -4.737123662010407088e+01 6.208957570007277837e+01 5.438782869918251883e+00 -5.946225467770849491e+02 -6.490489191617382403e+01 -2.539091131548848423e+01 1.984818179135468199e+02 3.288815964489464250e+01 -1.093295168837837394e+01
-4.204700949511248353e+01 -2.950101172852946263e+01 -8.907661597533093811e+01 -1.351935704003280421e+02 -1.291219175995260571e+02 -1.652604790955169278e+02 -1.287832499814918208e+02 -5.466766030138681032e+01 -7.185332273146708815e+01 -4.041620386894234684e+01 -1.389062025166450098e+02 -2.249040256669419477e+02 -8.785656680605046631e+01 -1.113446112832243351e+01 -6.490489191617383824e+01 3.093150074925146669e+02 -4.735480167264273632e+01 -2.615534151034851718e+01 -5.461494268885317638e+01 -7.862347843086747901e+01
-2.244980373405565643e+01 -1.105558116412030145e+01 -2.747464188416571318e+01 -3.628905385207102796e+01 -2.860799609099202812e+01 -4.542457356082773856e+01 -3.114938249137249926e+01 -1.646352859505979183e+01 -1.837145303076625780e+01 -1.022996037186598706e+01 -3.447787121925237841e+01 -5.291130272975920690e+01 -2.453437731745829353e+01 -2.992811693761595837e+00 -2.539091131548848423e+01 -4.735480167264274343e+01 9.705985668957687267e+02 -1.593617338917504611e+01 -1.497770071280679538e+01 -1.876696742647893856e+01
2.473238394594866350e+02 8.061315616385637384e+01 1.265221771726696147e+02 8.497971265475268865e+01 -3.857543827539151948e+01 1.249500574237024182e+02 1.329765078615031726e+01 6.977177880884168815e+01 2.704765101385812898e+01 1.316282285600486368e+01 3.175582741800259612e+01 -6.205824311363056012e+00 7.405550479024564936e+01 7.079353945451313912e+00 1.984818179135468199e+02 -2.615534151034851718e+01 -1.593617338917504611e+01 -8.031460281728019481e+02 4.061811894139344759e+01 3.170613433991327668e+00
5.009439950359008975e+01 1.262054606859113015e+01 9.768787134002614891e+00 -1.112654105921425796e+01 -3.965701211493659883e+01 -8.492502537743591873e+00 -2.700109706498795603e+01 4.085555259677267514e+00 -1.030617096682404821e+01 -6.294292001283720239e+00 -2.490181128162428692e+01 -5.428891129458574483e+01 -2.665213524394819622e+00 -8.968641479202533739e-01 3.288815964489464960e+01 -5.461494268885317638e+01 -1.497770071280679538e+01 4.061811894139344759e+01 -2.929702646574192499e+02 -1.768400302376229405e+01
8.879200835069944731e-01 -5.613861641139155978e+00 -2.479659323769202572e+01 -4.481977470926894824e+01 -5.084431663770417487e+01 -5.337326240883507467e+01 -4.723577954299922510e+01 -1.574677040801748085e+01 -2.503717940624807525e+01 -1.422063653239125891e+01 -4.977988881064803195e+01 -8.446683407724582082e+01 -2.786245684806596756e+01 -3.685927750163230598e+00 -1.093295168837837750e+01 -7.862347843086747901e+01 -1.876696742647893856e+01 3.170613433991325891e+00 -1.768400302376229405e+01 2.358299622483077655e+02
