9.950000000000000000e+02
-9.900000000000000000e+02
8.350000000000000000e+02
8.270000000000000000e+02
7.510000000000000000e+02
7.010000000000000000e+02
-5.660000000000000000e+02
-5.540000000000000000e+02
-5.140000000000000000e+02
4.930000000000000000e+02
4.730000000000000000e+02
4.690000000000000000e+02
-4.200000000000000000e+02
-3.780000000000000000e+02
3.730000000000000000e+02
3.370000000000000000e+02
2.930000000000000000e+02
2.030000000000000000e+02
1.210000000000000000e+02
5.700000000000000000e+01
