-7.920000000000000000e+02
7.830000000000000000e+02
-7.560000000000000000e+02
7.250000000000000000e+02
7.130000000000000000e+02
6.770000000000000000e+02
6.690000000000000000e+02
6.510000000000000000e+02
-6.360000000000000000e+02
-5.680000000000000000e+02
4.390000000000000000e+02
3.770000000000000000e+02
-3.380000000000000000e+02
-3.200000000000000000e+02
-2.760000000000000000e+02
2.290000000000000000e+02
-1.720000000000000000e+02
1.590000000000000000e+02
1.190000000000000000e+02
8.300000000000000000e+01
