9.858616421003321193e+02 -1.781142310915137728e+01 -3.362529548570014981e+01 -1.324709199657778669e+00 -1.113036551475544833e+01 -1.637346625073665241e+00 -1.442532595880733837e+01 -1.149451391181550086e+01 -1.099308250654885377e+01 -8.939501563245126903e+00 -2.655479350638434255e+01 -1.379548861665056414e+01 -3.796804294756206133e+01 -6.575922735527343299e+00 -9.459136959197296246e-01 -6.725708771911309114e+00 -1.659784646652526341e+00 -1.351750602542862723e+01 -3.206783521275031745e+01 -3.008432347335641310e+01
-1.781142310915137728e+01 -6.143029857506355285e+01 -1.069292628561740059e+02 4.426437991800337102e+01 8.640673319519217443e+01 9.082706962606295065e+01 -2.816260516344688014e+01 5.951248018236206860e+01 -5.923401785065274261e+00 1.440380725826978221e+02 -7.052534675442366563e+01 2.313574795270320550e+01 -9.053722239344480727e+01 1.484502545640630444e+01 3.591437255927179706e+01 1.013195125338214666e+02 4.057640246676817242e+01 3.904349890180520788e+01 -6.604168288110403751e+01 -8.202775597129210894e+01
-3.362529548570014981e+01 -1.069292628561740344e+02 6.440065892270371251e+02 -3.342187950086492609e+00 -5.920966199014542042e+01 -1.933139087194062355e-01 -9.201774924288019974e+01 -6.438723035834352970e+01 -6.842968771982806686e+01 -3.941729164019871234e+01 -1.714273300297298306e+02 -8.254121323903468976e+01 -2.439838176380802679e+02 -3.892893988151184459e+01 -1.916896720168320467e+00 -3.042443479345418922e+01 -5.810370021266930252e+00 -7.909277768977833034e+01 -2.049321673267091057e+02 -1.944446595629180479e+02
-1.324709199657779113e+00 4.426437991800337102e+01 -3.342187950086500159e+00 -7.633126158906771934e+02 6.627830435202670856e+01 5.296633197078595856e+01 8.364102132208289575e+00 5.200397409400883930e+01 1.497038072017579324e+01 9.452523296201238168e+01 5.061333047032302801e+00 3.569856137438429045e+01 1.293494408149718211e+01 1.912811685865413835e+01 2.143912512792978475e+01 6.721725847953327104e+01 2.520326567053214362e+01 4.403782616371401559e+01 1.669293156699264102e+01 4.556485571218480857e+00
-1.113036551475544833e+01 8.640673319519217443e+01 -5.920966199014537779e+01 6.627830435202670856e+01 -3.032096618840672591e+02 1.330364823428652130e+02 -3.351765127076067330e-01 1.157238284648328488e+02 2.173657305284771013e+01 2.283549214858765311e+02 -2.705869703948551575e+01 7.054322517738643228e+01 -2.411074251343488584e+01 3.902809913919288931e+01 5.342241891661015529e+01 1.618284466292492141e+02 6.197667795623952003e+01 9.229629477919162639e+01 -5.607551629994686593e+00 -3.366778139932456781e+01
-1.637346625073666129e+00 9.082706962606295065e+01 -1.933139087194035710e-01 5.296633197078595856e+01 1.330364823428651846e+02 -7.550669740572518549e+02 1.927024423812288134e+01 1.049107172111787634e+02 3.166508496984828369e+01 1.884132855968721856e+02 1.505812613519942644e+01 7.314220535795514877e+01 3.278549466658077449e+01 3.903577271123154446e+01 4.252759364279582854e+01 1.340517002953421013e+02 5.009870702689641320e+01 8.956123971002386952e+01 3.908394601356941678e+01 1.473358977918258716e+01
-1.442532595880733837e+01 -2.816260516344688014e+01 -9.201774924288019974e+01 8.364102132208294904e+00 -3.351765127076014039e-01 1.927024423812288489e+01 4.259042623878001450e+02 -7.696741258664138385e+00 -2.290240749873482429e+01 1.819048621989854553e+01 -6.922631257920988901e+01 -2.118047310250586435e+01 -9.643242045410556784e+01 -9.152157279511886401e+00 7.037674664849859596e+00 1.194248206960405945e+01 6.798571848173054377e+00 -1.670410346293599346e+01 -7.886831764786937526e+01 -7.895395250126591691e+01
-1.149451391181550086e+01 5.951248018236205439e+01 -6.438723035834352970e+01 5.200397409400883930e+01 1.157238284648328346e+02 1.049107172111787634e+02 -7.696741258664134833e+00 -2.619288537887719031e+02 1.161656021465867283e+01 1.769205294042921821e+02 -3.518768302588996733e+01 4.897072948044694840e+01 -3.872309758147892467e+01 2.763725790149889505e+01 4.197961553258799938e+01 1.251772338319683939e+02 4.841190846236069234e+01 6.640598469532312720e+01 -2.097531760073732698e+01 -4.225942852090088309e+01
-1.099308250654885377e+01 -5.923401785065282255e+00 -6.842968771982806686e+01 1.497038072017579324e+01 2.173657305284770658e+01 3.166508496984828369e+01 -2.290240749873481363e+01 1.161656021465867283e+01 1.592094014097534966e+02 4.465850277116815903e+01 -4.896811324634914087e+01 -3.656125641428833895e+00 -6.626105456941110106e+01 -3.518103914910755137e-01 1.225931945858030936e+01 3.103045881267729911e+01 1.333279999705179186e+01 2.384628473489327938e+00 -5.216458909760896745e+01 -5.625240129740299011e+01
-8.939501563245126903e+00 1.440380725826978221e+02 -3.941729164019868392e+01 9.452523296201238168e+01 2.283549214858765595e+02 1.884132855968721856e+02 1.819048621989855263e+01 1.769205294042921537e+02 4.465850277116815903e+01 -3.126635289020379673e+02 -3.541283297936297814e+00 1.166290857911565269e+02 1.535041363206248022e+01 6.315858131532783659e+01 7.603272974832880493e+01 2.353136450477796586e+02 8.893496205704624913e+01 1.467310308007596404e+02 3.362883264972005293e+01 -8.230583656019987870e+00
-2.655479350638434966e+01 -7.052534675442367984e+01 -1.714273300297298306e+02 5.061333047032301025e+00 -2.705869703948549443e+01 1.505812613519944421e+01 -6.922631257920990322e+01 -3.518768302588995311e+01 -4.896811324634915508e+01 -3.541283297936312024e+00 5.350117641872044487e+02 -5.400089858482933636e+01 -1.862064568638482740e+02 -2.481046032232652365e+01 4.663830105971395135e+00 -4.382247882911451953e+00 2.713918520812061974e+00 -4.892207290051246105e+01 -1.547290249284523895e+02 -1.500502211707755578e+02
-1.379548861665056414e+01 2.313574795270320550e+01 -8.254121323903468976e+01 3.569856137438429045e+01 7.054322517738643228e+01 7.314220535795514877e+01 -2.118047310250586435e+01 4.897072948044694130e+01 -3.656125641428830342e+00 1.166290857911565126e+02 -5.400089858482935057e+01 -8.602639302353060202e+01 -6.893468895042927613e+01 1.258763807315956029e+01 2.895146896396967051e+01 8.208333772024224118e+01 3.276896574313018107e+01 3.272729657068931175e+01 -4.984509116182459820e+01 -6.288866517326395922e+01
-3.796804294756206133e+01 -9.053722239344480727e+01 -2.439838176380802679e+02 1.293494408149717856e+01 -2.411074251343487163e+01 3.278549466658077449e+01 -9.643242045410556784e+01 -3.872309758147893888e+01 -6.626105456941110106e+01 1.535041363206250153e+01 -1.862064568638482740e+02 -6.893468895042926192e+01 3.195525758334403008e+02 -3.108398468051498043e+01 1.123956521414280729e+01 8.270596230733323395e+00 9.283939862109377827e+00 -5.993000391565475837e+01 -2.159694151880396191e+02 -2.119460809840212789e+02
-6.575922735527343299e+00 1.484502545640630444e+01 -3.892893988151184459e+01 1.912811685865413835e+01 3.902809913919289642e+01 3.903577271123154446e+01 -9.152157279511886401e+00 2.763725790149889505e+01 -3.518103914910755137e-01 6.315858131532782238e+01 -2.481046032232652365e+01 1.258763807315956385e+01 -3.108398468051498043e+01 -1.503730097082355428e+02 1.549432131678902458e+01 4.451358800028371121e+01 1.762246384874248761e+01 1.931286448032340175e+01 -2.180975487792455425e+01 -2.901536192307943196e+01
-9.459136959197300687e-01 3.591437255927179706e+01 -1.916896720168313362e+00 2.143912512792978475e+01 5.342241891661014819e+01 4.252759364279582854e+01 7.037674664849861372e+00 4.197961553258800649e+01 1.225931945858030936e+01 7.603272974832880493e+01 4.663830105971395135e+00 2.895146896396967051e+01 1.123956521414279663e+01 1.549432131678902458e+01 -7.927797157547481675e+02 5.407555016376186785e+01 2.025615904815259682e+01 3.563503301261729916e+01 1.412017514406793595e+01 4.339055256208705913e+00
-6.725708771911309114e+00 1.013195125338214524e+02 -3.042443479345420343e+01 6.721725847953325683e+01 1.618284466292492141e+02 1.340517002953421013e+02 1.194248206960405767e+01 1.251772338319683797e+02 3.103045881267729200e+01 2.353136450477796302e+02 -4.382247882911453729e+00 8.208333772024224118e+01 8.270596230733323395e+00 4.451358800028369700e+01 5.407555016376186785e+01 -4.609077348975473569e+02 6.321302917547243538e+01 1.035379812630723677e+02 2.169979395393443511e+01 -7.968726988558429980e+00
-1.659784646652526341e+00 4.057640246676817952e+01 -5.810370021266923146e+00 2.520326567053214362e+01 6.197667795623951292e+01 5.009870702689641320e+01 6.798571848173054377e+00 4.841190846236069234e+01 1.333279999705179186e+01 8.893496205704624913e+01 2.713918520812061974e+00 3.276896574313018107e+01 9.283939862109370722e+00 1.762246384874248761e+01 2.025615904815259682e+01 6.321302917547244249e+01 -7.102304228987886745e+02 4.069881940792321018e+01 1.331100938893117558e+01 1.957959848570030914e+00
-1.351750602542862723e+01 3.904349890180520788e+01 -7.909277768977833034e+01 4.403782616371402270e+01 9.229629477919164060e+01 8.956123971002388373e+01 -1.670410346293598991e+01 6.640598469532312720e+01 2.384628473489322609e+00 1.467310308007596404e+02 -4.892207290051244684e+01 3.272729657068931886e+01 -5.993000391565475837e+01 1.931286448032340175e+01 3.563503301261730627e+01 1.035379812630723677e+02 4.069881940792320307e+01 -1.600051602796763461e+02 -4.047539163576210797e+01 -5.749498381808442105e+01
-3.206783521275031745e+01 -6.604168288110403751e+01 -2.049321673267091057e+02 1.669293156699264102e+01 -5.607551629994672382e+00 3.908394601356941678e+01 -7.886831764786937526e+01 -2.097531760073731988e+01 -5.216458909760896745e+01 3.362883264972002451e+01 -1.547290249284523895e+02 -4.984509116182459820e+01 -2.159694151880396191e+02 -2.180975487792456136e+01 1.412017514406794305e+01 2.169979395393443866e+01 1.331100938893117203e+01 -4.047539163576210086e+01 3.119186983351590357e+02 -1.763822807852602637e+02
-3.008432347335641310e+01 -8.202775597129210894e+01 -1.944446595629180479e+02 4.556485571218484409e+00 -3.366778139932458203e+01 1.473358977918258006e+01 -7.895395250126591691e+01 -4.225942852090089730e+01 -5.625240129740299011e+01 -8.230583656019987870e+00 -1.500502211707755578e+02 -6.288866517326395922e+01 -2.119460809840212789e+02 -2.901536192307943907e+01 4.339055256208705913e+00 -7.968726988558415769e+00 1.957959848570030914e+00 -5.749498381808440683e+01 -1.763822807852602921e+02 5.204694361796698558e+02
