-9.900000000000000000e+02
8.850000000000000000e+02
-8.540000000000000000e+02
8.530000000000000000e+02
8.250000000000000000e+02
-8.060000000000000000e+02
-7.440000000000000000e+02
7.390000000000000000e+02
-5.580000000000000000e+02
-5.240000000000000000e+02
-4.680000000000000000e+02
-4.620000000000000000e+02
4.350000000000000000e+02
-4.100000000000000000e+02
-3.940000000000000000e+02
3.870000000000000000e+02
-3.480000000000000000e+02
3.230000000000000000e+02
-9.400000000000000000e+01
-6.200000000000000000e+01
