-8.354540280580815761e+02 2.581510450083580466e+01 8.259673743926549960e+00 2.576687428147813108e+01 3.029404603906531079e+01 4.335589606712503752e+01 1.532311546154241739e+02 3.790836930310366171e+01 5.904634771226585421e+00 1.204848087344546173e+02 2.032763974607286173e+01 2.524031711901996999e+01 4.443242160764908277e+01 8.323588712393950928e+00 2.616630635389372372e+01 3.358523635365329163e+00 5.035447617377924701e+01 8.625143354852198740e+00 2.225019440393858758e+02 6.754418043665096150e+01
2.581510450083580110e+01 3.794387781032612565e+02 -1.756473467675937528e+01 -9.123649259213885898e+01 -2.436343550452993512e+01 -5.728706850671876794e+00 8.129851126507471548e+00 -6.212099501728379636e+01 -7.424492192364368748e+00 2.334025897248319126e+01 -1.050328045523329905e+02 -7.965196550905129236e+00 7.640642463463262146e+00 -6.572070695349765401e+00 -8.191429101022377779e+01 -9.447555320122026501e+01 -2.411999191478385640e+01 -2.928600086428998495e+01 6.319192032901589329e+01 -5.634947555428175292e+01
8.259673743926544631e+00 -1.756473467675937528e+01 5.425274165391421093e+02 -4.323397993675008877e+01 -1.260412717988099018e+01 -4.602649068694615764e+00 -3.182743601825812174e+00 -3.035827026459227440e+01 -3.690468556652125809e+00 5.311923784638279855e+00 -4.934930852656388822e+01 -4.814425378568760294e+00 1.513155922840699441e+00 -3.406844218673881652e+00 -3.895365468391559460e+01 -4.371385184923378375e+01 -1.339930327889003792e+01 -1.389369846712784984e+01 1.907250286830847941e+01 -2.903763306286352019e+01
2.576687428147811332e+01 -9.123649259213885898e+01 -4.323397993675008877e+01 4.694138123333162866e+02 -6.764566328778985849e+01 -3.067281223577012383e+01 -4.399777916725489746e+01 -1.564494369671238303e+02 -1.925827586326618857e+01 3.872187023731108901e+00 -2.466836643289286712e+02 -2.836595367504514797e+01 -7.663806237418233636e-01 -1.830934974972289808e+01 -1.965898443403276019e+02 -2.158053687064109170e+02 -7.526889226366553487e+01 -6.998735937332683932e+01 5.274789627696404892e+01 -1.554277976156529064e+02
3.029404603906530724e+01 -2.436343550452993512e+01 -1.260412717988099196e+01 -6.764566328778984428e+01 2.219093031710076502e+02 1.052636169316598425e+00 2.577728717604637509e+01 -4.347255309076699348e+01 -5.021222195791088971e+00 3.344197810633762913e+01 -7.906016501638121952e+01 -2.986175219966094474e+00 1.158126519962907430e+01 -4.051469447680245750e+00 -6.034884193685395815e+01 -7.300888377637407700e+01 -1.235410386057385246e+01 -2.166859845705923249e+01 7.737307492396833197e+01 -3.522308916940241375e+01
4.335589606712503752e+01 -5.728706850671877682e+00 -4.602649068694611323e+00 -3.067281223577010962e+01 1.052636169316600201e+00 -1.754481476162981437e+02 6.413390243168196037e+01 -1.284484560288969135e+01 -9.927480169998400550e-01 5.801543389787276084e+01 -3.899659497031409927e+01 6.398739013286016686e+00 2.096213155105841608e+01 3.438507456167748111e-01 -2.634169668272589604e+01 -4.096951058139873680e+01 9.081299505673680272e+00 -9.705817060929676998e+00 1.161319280314485098e+02 1.438936500481393210e+00
1.532311546154241739e+02 8.129851126507457337e+00 -3.182743601825815727e+00 -4.399777916725489746e+01 2.577728717604637154e+01 6.413390243168197458e+01 -1.548048522602787784e+02 2.682096823226096660e+00 2.522690475784197695e+00 2.149302965192048021e+02 -6.561368508782851450e+01 3.300788296833087543e+01 7.835821639075588507e+01 7.196643850636614381e+00 -3.464233508520484150e+01 -8.294142822175852814e+01 5.815717832876023152e+01 -1.355508931821780294e+01 4.156974882532892934e+02 5.557729178571688777e+01
3.790836930310366881e+01 -6.212099501728379636e+01 -3.035827026459227085e+01 -1.564494369671238303e+02 -4.347255309076699348e+01 -1.284484560288969845e+01 2.682096823226103766e+00 3.630027113084935877e+02 -1.300693379941690253e+01 3.082398135925056337e+01 -1.794311062405683401e+02 -1.532278466533839989e+01 9.729230063114730598e+00 -1.173776546315116676e+01 -1.406835245823571654e+02 -1.603152991931717963e+02 -4.451226842924766913e+01 -5.024434651655450068e+01 9.096051080533322875e+01 -1.003638218548918815e+02
5.904634771226585421e+00 -7.424492192364369636e+00 -3.690468556652125365e+00 -1.925827586326618857e+01 -5.021222195791088083e+00 -9.927480169998402770e-01 2.522690475784200359e+00 -1.300693379941690431e+01 3.834525810110760631e+02 5.585758221544094404e+00 -2.221883153842496128e+01 -1.562059679079720986e+00 1.854431636291253183e+00 -1.353694759915635482e+00 -1.727481134662560791e+01 -2.006294382119746089e+01 -4.865436822327166233e+00 -6.179876559037730033e+00 1.458516053374189525e+01 -1.162651797205406190e+01
1.204848087344546173e+02 2.334025897248319836e+01 5.311923784638279855e+00 3.872187023731108901e+00 3.344197810633762913e+01 5.801543389787277505e+01 2.149302965192048021e+02 3.082398135925057758e+01 5.585758221544091739e+00 -4.610956507210100881e+02 -8.464251755807694622e+00 3.216112033358103162e+01 6.416437692198184095e+01 9.231036256679674423e+00 7.673600082167582492e+00 -2.827340128866073599e+01 6.129376521468213213e+01 1.733252601396450654e+00 3.300001570490983909e+02 7.385606337644259156e+01
2.032763974607284041e+01 -1.050328045523330047e+02 -4.934930852656388112e+01 -2.466836643289286712e+02 -7.906016501638120531e+01 -3.899659497031408506e+01 -6.561368508782851450e+01 -1.794311062405683401e+02 -2.221883153842496128e+01 -8.464251755807671529e+00 4.882720240526388125e+02 -3.448489458621200043e+01 -5.581646595350854057e+00 -2.141204478053935034e+01 -2.231862289585932331e+02 -2.423054791962537138e+02 -8.973897829855852137e+01 -7.938249679957587546e+01 3.548965370682781639e+01 -1.814354952867060433e+02
2.524031711901996999e+01 -7.965196550905136341e+00 -4.814425378568759406e+00 -2.836595367504514087e+01 -2.986175219966093142e+00 6.398739013286014021e+00 3.300788296833088253e+01 -1.532278466533839989e+01 -1.562059679079720986e+00 3.216112033358103872e+01 -3.448489458621200043e+01 -2.997068178137382688e+01 1.150629794212425594e+01 -7.757893141781604385e-01 -2.487337682842932196e+01 -3.394386909548013875e+01 1.034436504202957963e+00 -9.035764176921830426e+00 6.675031158615294657e+01 -7.400905403600424037e+00
4.443242160764908277e+01 7.640642463463262146e+00 1.513155922840699885e+00 -7.663806237418162581e-01 1.158126519962907430e+01 2.096213155105841963e+01 7.835821639075589928e+01 9.729230063114727045e+00 1.854431636291252961e+00 6.416437692198184095e+01 -5.581646595350862938e+00 1.150629794212425594e+01 -5.724830069674018205e+02 3.200439692709938999e+00 8.382840629211254502e-01 -1.253407982441754775e+01 2.171602330940178405e+01 -6.768438423338329901e-02 1.215184569994853092e+02 2.551641840464088418e+01
8.323588712393949152e+00 -6.572070695349767178e+00 -3.406844218673881652e+00 -1.830934974972289808e+01 -4.051469447680246638e+00 3.438507456167734788e-01 7.196643850636616158e+00 -1.173776546315116676e+01 -1.353694759915635704e+00 9.231036256679672647e+00 -2.141204478053935034e+01 -7.757893141781606605e-01 3.200439692709938999e+00 2.299125396525682277e+02 -1.633006990903787425e+01 -1.979392337986664074e+01 -3.282343538364034252e+00 -5.864442611644276049e+00 2.128162199670421018e+01 -9.460769322222098765e+00
2.616630635389372372e+01 -8.191429101022376358e+01 -3.895365468391559460e+01 -1.965898443403276019e+02 -6.034884193685396525e+01 -2.634169668272589604e+01 -3.464233508520484150e+01 -1.406835245823571654e+02 -1.727481134662560436e+01 7.673600082167569170e+00 -2.231862289585932331e+02 -2.487337682842931841e+01 8.382840629211254502e-01 -1.633006990903787070e+01 4.794800436518272591e+02 -1.957471435500473262e+02 -6.657511561677155498e+01 -6.322217371492395444e+01 5.555448738497894823e+01 -1.387332404928326923e+02
3.358523635365325610e+00 -9.447555320122026501e+01 -4.371385184923378375e+01 -2.158053687064109170e+02 -7.300888377637407700e+01 -4.096951058139873680e+01 -8.294142822175851393e+01 -1.603152991931717963e+02 -2.006294382119746089e+01 -2.827340128866073599e+01 -2.423054791962537138e+02 -3.394386909548013875e+01 -1.253407982441755486e+01 -1.979392337986664074e+01 -1.957471435500473547e+02 7.368549322448719749e+02 -8.565662810057833099e+01 -6.950407242924612206e+01 -8.423019246900823376e+00 -1.672032956148469793e+02
5.035447617377923279e+01 -2.411999191478385995e+01 -1.339930327889003614e+01 -7.526889226366550645e+01 -1.235410386057385601e+01 9.081299505673674943e+00 5.815717832876023152e+01 -4.451226842924766913e+01 -4.865436822327167121e+00 6.129376521468211791e+01 -8.973897829855853558e+01 1.034436504202957963e+00 2.171602330940178405e+01 -3.282343538364034252e+00 -6.657511561677156919e+01 -8.565662810057833099e+01 7.150569669527251904e+01 -2.404337614401948287e+01 1.316425161788850744e+02 -2.940776088014822420e+01
8.625143354852202293e+00 -2.928600086428998139e+01 -1.389369846712784984e+01 -6.998735937332683932e+01 -2.166859845705923249e+01 -9.705817060929676998e+00 -1.355508931821780649e+01 -5.024434651655449358e+01 -6.179876559037730033e+00 1.733252601396459536e+00 -7.938249679957584704e+01 -9.035764176921830426e+00 -6.768438423338241083e-02 -5.864442611644276937e+00 -6.322217371492395444e+01 -6.950407242924612206e+01 -2.404337614401948287e+01 6.544896803592581591e+02 1.788906060328385905e+01 -4.979572704938785677e+01
2.225019440393858474e+02 6.319192032901587197e+01 1.907250286830847941e+01 5.274789627696404892e+01 7.737307492396830355e+01 1.161319280314484956e+02 4.156974882532892934e+02 9.096051080533324296e+01 1.458516053374189525e+01 3.300001570490983340e+02 3.548965370682778797e+01 6.675031158615294657e+01 1.215184569994853092e+02 2.128162199670421018e+01 5.555448738497896244e+01 -8.423019246900835810e+00 1.316425161788850460e+02 1.788906060328384484e+01 -2.128600477864009406e+02 1.721367422785805275e+02
6.754418043665096150e+01 -5.634947555428175292e+01 -2.903763306286352019e+01 -1.554277976156529064e+02 -3.522308916940241375e+01 1.438936500481384329e+00 5.557729178571690909e+01 -1.003638218548918672e+02 -1.162651797205406368e+01 7.385606337644260577e+01 -1.814354952867060433e+02 -7.400905403600416932e+00 2.551641840464089839e+01 -9.460769322222096989e+00 -1.387332404928326923e+02 -1.672032956148469793e+02 -2.940776088014820644e+01 -4.979572704938784966e+01 1.721367422785806127e+02 1.668568960681105864e+02
