-9.960000000000000000e+02
9.810000000000000000e+02
-9.540000000000000000e+02
8.790000000000000000e+02
-7.920000000000000000e+02
-7.580000000000000000e+02
-5.320000000000000000e+02
5.150000000000000000e+02
-4.920000000000000000e+02
3.570000000000000000e+02
-3.360000000000000000e+02
-2.960000000000000000e+02
-2.900000000000000000e+02
2.650000000000000000e+02
-2.340000000000000000e+02
-2.300000000000000000e+02
1.890000000000000000e+02
-6.600000000000000000e+01
5.900000000000000000e+01
-2.600000000000000000e+01
