9.390000000000000000e+02
-9.240000000000000000e+02
9.050000000000000000e+02
-8.780000000000000000e+02
8.350000000000000000e+02
8.150000000000000000e+02
-7.300000000000000000e+02
-7.160000000000000000e+02
-7.140000000000000000e+02
6.330000000000000000e+02
5.650000000000000000e+02
-4.480000000000000000e+02
-3.720000000000000000e+02
3.050000000000000000e+02
2.590000000000000000e+02
2.350000000000000000e+02
-2.020000000000000000e+02
1.890000000000000000e+02
1.050000000000000000e+02
-4.000000000000000000e+01
