9.450000000000000000e+02
9.030000000000000000e+02
-8.880000000000000000e+02
8.110000000000000000e+02
8.050000000000000000e+02
-7.400000000000000000e+02
7.330000000000000000e+02
7.310000000000000000e+02
-6.900000000000000000e+02
-6.760000000000000000e+02
-6.180000000000000000e+02
-4.940000000000000000e+02
4.650000000000000000e+02
3.150000000000000000e+02
2.710000000000000000e+02
2.310000000000000000e+02
2.050000000000000000e+02
-1.760000000000000000e+02
-1.400000000000000000e+02
-9.600000000000000000e+01
