-5.646231866438731686e+02 5.081723222577446464e+00 6.935506774904657057e+00 1.931048245755343729e+01 4.175956979190869056e+00 1.795002686166346706e+01 1.310332674288687160e+00 5.002264902655991774e-01 1.948672782426830619e+00 1.061276752833662584e+01 1.028709233569511206e+01 7.426986367356007257e+00 1.600912994083422580e+00 4.840580509791664321e-01 2.953804706086718745e+00 2.313193250576378368e+00 2.204030232713973092e+01 6.162191869027139335e-01 5.615732198987170853e-02 8.955119641563531019e+00
5.081723222577446464e+00 -4.014311647599292883e+02 2.265732511381848369e+01 7.103529698251664115e+01 9.661340161592228526e+00 6.537444459414759024e+01 4.832708699504208560e+00 1.586618252837188159e+00 2.288478724198106828e+00 3.669021180113798408e+01 3.448327669153626118e+01 2.239445167447256324e+01 5.467470624406828961e+00 -4.351882348910848464e+00 5.942654044239477074e+00 2.966767200786009973e+00 8.304751387219556591e+01 1.834555562174035037e+00 1.697407661399676637e-01 2.881087942684929004e+01
6.935506774904657057e+00 2.265732511381848369e+01 2.817902313984213833e+02 9.353398727651924105e+01 -6.920989154796551190e+01 7.664711044664204564e+01 6.543525398985591934e+00 -1.554585726453021399e+00 -6.712619125623743344e+01 1.453709863655845425e+01 -2.870087561698978718e+00 -4.132024182184355254e+01 1.139024263195874909e+00 -9.387426501833077452e+01 -6.293686476575823008e+01 -7.575720381135863590e+01 1.376707866913323528e+02 -3.797355658820367630e+00 -3.059896697848468738e-01 -2.144407962081593766e+01
1.931048245755343729e+01 7.103529698251664115e+01 9.353398727651924105e+01 -2.434641109699906281e+02 5.125596165129028492e+01 2.506416541629433254e+02 1.837343115104116009e+01 6.685715068871683542e+00 2.109536573753406685e+01 1.456947683662100985e+02 1.398492204923476550e+02 9.778630707088252905e+01 2.189233062497174487e+01 -1.016421254301201671e+00 3.512201048760832123e+01 2.535963632859223083e+01 3.112855342641032053e+02 8.083452365036666976e+00 7.399091725973779843e-01 1.202061134249948253e+02
4.175956979190869056e+00 9.661340161592228526e+00 -6.920989154796551190e+01 5.125596165129031334e+01 5.371780197909497474e+02 2.750719768480453098e+01 3.862661643612118390e+00 -6.450848934954407810e+00 -1.445609571934019471e+02 -4.393062558304555409e+01 -7.575226166182193310e+01 -1.314460786708786770e+02 -8.687819195412391338e+00 -1.868844743784938771e+02 -1.432213377205635254e+02 -1.639254645018097563e+02 1.189591136575177472e+02 -1.162775576236590780e+01 -9.812966156368070347e-01 -1.029946141365661134e+02
1.795002686166346706e+01 6.537444459414759024e+01 7.664711044664204564e+01 2.506416541629433254e+02 2.750719768480454519e+01 -1.480899643968983526e+02 1.706625221959381022e+01 5.305519792631539389e+00 2.440012360497905597e+00 1.267448787778529180e+02 1.177929434498051791e+02 7.332845705826015603e+01 1.880463534051766317e+01 -2.243630494386433583e+01 1.528345500520448397e+01 4.068167928695189950e+00 2.953007777500087059e+02 5.973943918952222099e+00 5.563781345087357444e-01 9.688627608897876087e+01
1.310332674288687160e+00 4.832708699504208560e+00 6.543525398985590158e+00 1.837343115104116009e+01 3.862661643612116613e+00 1.706625221959381022e+01 -5.527530085665978277e+02 4.710315860184756120e-01 1.759383286546297276e+00 1.005216307254023533e+01 9.722706302478540508e+00 6.970956505595646391e+00 1.515043142982197111e+00 3.415231471899108917e-01 2.714900297341258373e+00 2.093352086747680474e+00 2.100903356632978003e+01 5.779257133941473334e-01 5.271713657472429371e-02 8.440370068500060441e+00
5.002264902655991774e-01 1.586618252837188159e+00 -1.554585726453021399e+00 6.685715068871681765e+00 -6.450848934954407810e+00 5.305519792631539389e+00 4.710315860184755010e-01 3.728220014909306315e+02 -6.085478318233474404e+00 4.191997402359692870e-01 -1.091209779006412361e+00 -4.253157595803387814e+00 -2.981360838622541809e-02 -8.327865589173150340e+00 -5.797449928015177889e+00 -6.877223801493159705e+00 1.036036475224999442e+01 -3.854661273293199519e-01 -3.159031687196446614e-02 -2.622685268137490588e+00
1.948672782426830175e+00 2.288478724198108605e+00 -6.712619125623743344e+01 2.109536573753406685e+01 -1.445609571934019471e+02 2.440012360497894939e+00 1.759383286546295944e+00 -6.085478318233474404e+00 7.094680084545510681e+02 -4.987800059590114188e+01 -7.662749736961498570e+01 -1.207633171619131645e+02 -9.281153868838751819e+00 -1.599020203125698458e+02 -1.255664550045583496e+02 -1.424686373253662737e+02 7.562270821031951584e+01 -1.063502573228939418e+01 -9.023790134642523109e-01 -9.829478298698191452e+01
1.061276752833662229e+01 3.669021180113798408e+01 1.453709863655844536e+01 1.456947683662100985e+02 -4.393062558304555409e+01 1.267448787778529180e+02 1.005216307254023356e+01 4.191997402359683988e-01 -4.987800059590115609e+01 1.059747505059321639e+02 3.316564491254555236e+01 -9.160071709549864494e+00 6.498828183747566989e+00 -7.750586183840194110e+01 -4.286733129212458948e+01 -5.589702614827839255e+01 1.923663118601728002e+02 -1.071258032601958732e+00 -6.382701649788552478e-02 1.289125154192047518e+01
1.028709233569510850e+01 3.448327669153627539e+01 -2.870087561698987599e+00 1.398492204923476550e+02 -7.575226166182191889e+01 1.177929434498051506e+02 9.722706302478542284e+00 -1.091209779006412139e+00 -7.662749736961499991e+01 3.316564491254553815e+01 2.150466571766615402e+02 -3.781710659441117883e+01 3.753989307691748323e+00 -1.105270715048235104e+02 -7.015316160931442369e+01 -8.630904062240138330e+01 1.962567944597856808e+02 -3.575016154601114771e+00 -2.783087092848788857e-01 -1.196631190666110456e+01
7.426986367356001928e+00 2.239445167447255614e+01 -4.132024182184355965e+01 9.778630707088252905e+01 -1.314460786708787055e+02 7.332845705826014182e+01 6.970956505595646391e+00 -4.253157595803387814e+00 -1.207633171619131645e+02 -9.160071709549878705e+00 -3.781710659441117173e+01 3.787340041095579863e+02 -3.179828274086849760e+00 -1.617125090820588298e+02 -1.168322835429989510e+02 -1.366556300176456773e+02 1.643543940983555274e+02 -8.450851252879996167e+00 -7.017760992942979614e-01 -6.524457567780896738e+01
1.600912994083422580e+00 5.467470624406828072e+00 1.139024263195872244e+00 2.189233062497174842e+01 -8.687819195412389561e+00 1.880463534051766317e+01 1.515043142982196889e+00 -2.981360838622545972e-02 -9.281153868838753596e+00 6.498828183747565213e+00 3.753989307691749211e+00 -3.179828274086849760e+00 1.218221769042546612e+02 -1.389112423550557907e+01 -8.243566908411427363e+00 -1.042815552361998144e+01 2.962656328034219655e+01 -3.192088722427867675e-01 -2.307654327673008127e-02 4.246894426453744487e-01
4.840580509791666541e-01 -4.351882348910846687e+00 -9.387426501833077452e+01 -1.016421254301199895e+00 -1.868844743784938771e+02 -2.243630494386436425e+01 3.415231471899106697e-01 -8.327865589173153893e+00 -1.599020203125698458e+02 -7.750586183840194110e+01 -1.105270715048235104e+02 -1.617125090820588866e+02 -1.389112423550558262e+01 7.941551578173513235e+02 -1.613725342901572049e+02 -1.816201261708673087e+02 6.336162782886986378e+01 -1.418748362093693061e+01 -1.209301661318878729e+00 -1.357575911427812798e+02
2.953804706086718745e+00 5.942654044239477074e+00 -6.293686476575823008e+01 3.512201048760830702e+01 -1.432213377205635538e+02 1.528345500520448397e+01 2.714900297341260149e+00 -5.797449928015178777e+00 -1.255664550045583496e+02 -4.286733129212458948e+01 -7.015316160931442369e+01 -1.168322835429989368e+02 -8.243566908411429139e+00 -1.613725342901572049e+02 6.261163213004577983e+02 -1.424352060953521288e+02 9.221765866564024350e+01 -1.031585465637634336e+01 -8.725334590992278594e-01 -9.301752202961330340e+01
2.313193250576376592e+00 2.966767200786017078e+00 -7.575720381135863590e+01 2.535963632859223083e+01 -1.639254645018097847e+02 4.068167928695189950e+00 2.093352086747680474e+00 -6.877223801493158817e+00 -1.424686373253662452e+02 -5.589702614827839255e+01 -8.630904062240135488e+01 -1.366556300176456773e+02 -1.042815552361998144e+01 -1.816201261708673087e+02 -1.424352060953521288e+02 6.653169795924331993e+02 8.750200221802559497e+01 -1.203731523954776961e+01 -1.021083337362175270e+00 -1.110201275156393876e+02
2.204030232713973092e+01 8.304751387219556591e+01 1.376707866913323244e+02 3.112855342641032053e+02 1.189591136575177615e+02 2.953007777500087059e+02 2.100903356632978003e+01 1.036036475224999442e+01 7.562270821031951584e+01 1.923663118601728002e+02 1.962567944597856808e+02 1.643543940983555274e+02 2.962656328034219655e+01 6.336162782886982825e+01 9.221765866564024350e+01 8.750200221802556655e+01 -6.525602459790367220e+02 1.384960064789030199e+01 1.239004751272291260e+00 1.817850172611542234e+02
6.162191869027138225e-01 1.834555562174034593e+00 -3.797355658820367630e+00 8.083452365036665199e+00 -1.162775576236590780e+01 5.973943918952220322e+00 5.779257133941473334e-01 -3.854661273293200074e-01 -1.063502573228939596e+01 -1.071258032601960508e+00 -3.575016154601114771e+00 -8.450851252879996167e+00 -3.192088722427866010e-01 -1.418748362093693061e+01 -1.031585465637634336e+01 -1.203731523954776961e+01 1.384960064789030554e+01 4.922436437850377615e+02 -6.293541496008024649e-02 -5.945552831118373405e+00
5.615732198987170853e-02 1.697407661399676360e-01 -3.059896697848468183e-01 7.399091725973779843e-01 -9.812966156368070347e-01 5.563781345087356334e-01 5.271713657472427983e-02 -3.159031687196447308e-02 -9.023790134642524219e-01 -6.382701649788552478e-02 -2.783087092848788302e-01 -7.017760992942978504e-01 -2.307654327673006739e-02 -1.209301661318878507e+00 -8.725334590992279704e-01 -1.021083337362175270e+00 1.239004751272291260e+00 -6.293541496008021874e-02 4.689947759141865617e+02 -4.840381940883645706e-01
8.955119641563531019e+00 2.881087942684929715e+01 -2.144407962081593411e+01 1.202061134249948111e+02 -1.029946141365660992e+02 9.688627608897876087e+01 8.440370068500058665e+00 -2.622685268137491033e+00 -9.829478298698191452e+01 1.289125154192047518e+01 -1.196631190666109035e+01 -6.524457567780895317e+01 4.246894426453744487e-01 -1.357575911427812798e+02 -9.301752202961330340e+01 -1.110201275156393876e+02 1.817850172611542234e+02 -5.945552831118376957e+00 -4.840381940883646261e-01 2.992589530755996066e+02
