7.955902139235148525e+02 4.875477284914306875e-01 -1.896669585440192662e+01 -1.125472501550083493e+01 -4.004595505434815017e+00 -8.103782130395058569e-01 -1.943690407031276823e+00 -2.776315466096333506e-01 -7.318964183496304621e+00 -8.452805291426425782e+00 -3.911468541910826602e+00 -7.054928735255234784e+00 5.240016208321796043e-01 -2.728132237694720352e-01 -1.071312182077527986e+01 -1.308464680030244232e+01 -5.373259367765941263e+00 -2.139821478017366374e+01 -2.787129315119561301e+00 -5.199491968930329833e+00
4.875477284914310205e-01 -6.901633587651558628e+02 6.536265629258127774e+01 8.398693724006999872e+00 2.929420013094762965e+01 1.739810399576565914e+01 7.733553541892310079e+01 1.989961942147285390e+00 6.303441816903254136e+01 1.290560920306996877e+02 8.897250529019109067e+00 6.648429202308443564e+01 1.620060604664217863e+02 5.344226786216843550e+00 -5.798696830870657681e-01 8.512325980272649417e+01 1.260866399610921889e+02 -7.610463711711565438e+00 1.006245390840034837e+01 3.527897384527545199e+00
-1.896669585440192662e+01 6.536265629258127774e+01 1.529918551504824791e+02 -1.482620446030754238e+02 -3.433981577342572677e+01 1.079932779858250758e+00 2.751444758514427491e+01 -2.409386064387857740e+00 -5.611430930538184469e+01 -2.542808965760996642e+01 -4.734217299707460569e+01 -5.008326478441286156e+01 1.205802403862292209e+02 4.577936122148226761e-03 -1.471293844485861655e+02 -1.196171349126785373e+02 1.466977663037899404e+01 -2.983903793549400234e+02 -3.112794550797504911e+01 -6.874105705663760091e+01
-1.125472501550083493e+01 8.398693724006992767e+00 -1.482620446030754806e+02 6.333920638542800816e+02 -3.047263655846227692e+01 -5.551193876810753380e+00 -1.140443124094684357e+01 -2.114811111706700775e+00 -5.518368341118151221e+01 -6.071476392662649602e+01 -3.082164388448033066e+01 -5.288584612969938092e+01 1.288378966634938649e+01 -1.896316165766618100e+00 -8.575577018768849769e+01 -1.001347847703648597e+02 -3.623203319469689632e+01 -1.716333070239920175e+02 -2.176235644052748341e+01 -4.141623732546202064e+01
-4.004595505434813241e+00 2.929420013094762609e+01 -3.433981577342572677e+01 -3.047263655846227692e+01 8.289704395916059809e+01 3.385172945577831438e+00 1.994887894086896551e+01 -1.594002615039688542e-01 -6.888578722168617885e-01 1.789466891903072820e+01 -8.604255068716597066e+00 1.237650640420286940e+00 5.537237159916358564e+01 9.692364226224846613e-01 -3.185491865120123478e+01 -1.039050228816606136e+01 2.600961318249419918e+01 -6.577014019425232050e+01 -4.894190135898679905e+00 -1.419483889936307008e+01
-8.103782130395058569e-01 1.739810399576565558e+01 1.079932779858248093e+00 -5.551193876810756933e+00 3.385172945577831438e+00 -2.989776997322452985e+02 1.450450270033695865e+01 2.263429677711704668e-01 8.121715445322049476e+00 2.084336991353087143e+01 -7.110435455299630725e-01 8.995080828083331426e+00 3.335030328901401475e+01 9.129547513697245931e-01 -7.031273201164779607e+00 8.902225073303208447e+00 2.222549340900452108e+01 -1.535893134427656115e+01 2.519206136388212891e-01 -2.636316738715644092e+00
-1.943690407031276823e+00 7.733553541892310079e+01 2.751444758514426780e+01 -1.140443124094683647e+01 1.994887894086896551e+01 1.450450270033695865e+01 -3.907166788074217152e+02 1.345646542521129252e+00 4.512466649967645083e+01 1.034550797583296173e+02 1.492371751636629273e+00 4.872038804942116741e+01 1.487348566764189854e+02 4.414918626235522225e+00 -1.868063623615972801e+01 5.551407854124132513e+01 1.059628855398235601e+02 -4.320072562162761187e+01 4.460727852747834454e+00 -5.590032463892690373e+00
-2.776315466096333506e-01 1.989961942147285168e+00 -2.409386064387857740e+00 -2.114811111706700775e+00 -1.594002615039687987e-01 2.263429677711705224e-01 1.345646542521129252e+00 9.298802574415053357e+01 -7.725319765338389821e-02 1.179114958757595533e+00 -6.001958675943419586e-01 5.458188169942210927e-02 3.759801160517200369e+00 6.463608935581696691e-02 -2.206356474486362185e+00 -7.596475400069767625e-01 1.742638174740176460e+00 -4.552410056146385386e+00 -3.437412121606642224e-01 -9.849464260098359514e-01
-7.318964183496302844e+00 6.303441816903254136e+01 -5.611430930538184469e+01 -5.518368341118151221e+01 -6.888578722168599011e-01 8.121715445322049476e+00 4.512466649967644372e+01 -7.725319765338389821e-02 2.657971249843854622e+01 4.696185377032271191e+01 -1.487273098624315892e+01 9.500939846127772981e+00 1.195328894626958913e+02 2.364811306261417556e+00 -5.870367691567070523e+01 -9.880084795353525351e+00 6.157780088411085728e+01 -1.219008793576098100e+02 -7.916410232752175702e+00 -2.574755983889348698e+01
-8.452805291426425782e+00 1.290560920306996877e+02 -2.542808965760997353e+01 -6.071476392662648180e+01 1.789466891903072110e+01 2.084336991353087143e+01 1.034550797583296173e+02 1.179114958757595755e+00 4.696185377032271191e+01 -5.329446712558991806e+01 -1.212437146974233748e+01 5.386200582965336991e+01 2.466640129107564405e+02 6.246894057172533543e+00 -7.066738475957762944e+01 4.256416319832575113e+01 1.543103883433311410e+02 -1.508378428245651719e+02 -3.049686369993472201e+00 -2.857794942121536863e+01
-3.911468541910826602e+00 8.897250529019109067e+00 -4.734217299707460569e+01 -3.082164388448033066e+01 -8.604255068716600618e+00 -7.110435455299635166e-01 1.492371751636629273e+00 -6.001958675943419586e-01 -1.487273098624315537e+01 -1.212437146974233748e+01 4.868251614760274038e+02 -1.382212622262110102e+01 1.601994976568792239e+01 -2.854299191061196450e-01 -3.010850568356664425e+01 -2.906495753736800935e+01 -3.751173355110077878e+00 -6.071771640184742580e+01 -6.915777273024210636e+00 -1.427070376098656546e+01
-7.054928735255234784e+00 6.648429202308442143e+01 -5.008326478441286866e+01 -5.288584612969938092e+01 1.237650640420286940e+00 8.995080828083331426e+00 4.872038804942117451e+01 5.458188169942222029e-02 9.500939846127776534e+00 5.386200582965336281e+01 -1.382212622262110102e+01 -4.780070500326945027e-01 1.262716473045078658e+02 2.637211021534608957e+00 -5.687786492797452098e+01 -4.031929872238943169e+00 6.782091137570476747e+01 -1.185260222253790943e+02 -7.010870960921579353e+00 -2.470084293538532449e+01
5.240016208321833791e-01 1.620060604664217863e+02 1.205802403862292209e+02 1.288378966634938649e+01 5.537237159916358564e+01 3.335030328901401475e+01 1.487348566764189854e+02 3.759801160517200813e+00 1.195328894626958913e+02 2.466640129107564121e+02 1.601994976568791884e+01 1.262716473045078374e+02 -4.290629964984892126e+02 1.023724022216697982e+01 -4.290630516354094759e+00 1.604727354631865524e+02 2.418424970976695363e+02 -2.102725047416792137e+01 1.860238968041918284e+01 5.272190418527557654e+00
-2.728132237694720352e-01 5.344226786216843550e+00 4.577936122147352460e-03 -1.896316165766618544e+00 9.692364226224843282e-01 9.129547513697245931e-01 4.414918626235521337e+00 6.463608935581696691e-02 2.364811306261417556e+00 6.246894057172533543e+00 -2.854299191061194230e-01 2.637211021534608957e+00 1.023724022216697982e+01 -2.737247037224146879e+02 -2.340915225609121908e+00 2.504894785802950441e+00 6.723811116280784539e+00 -5.078936521641080226e+00 2.926423890766936819e-02 -8.980737952443060834e-01
-1.071312182077527808e+01 -5.798696830870728736e-01 -1.471293844485861655e+02 -8.575577018768849769e+01 -3.185491865120123478e+01 -7.031273201164781383e+00 -1.868063623615972801e+01 -2.206356474486362185e+00 -5.870367691567071944e+01 -7.066738475957765786e+01 -3.010850568356664425e+01 -5.687786492797452098e+01 -4.290630516354091206e+00 -2.340915225609121908e+00 7.978083428667563339e+02 -1.035427094866142426e+02 -4.716843242296655347e+01 -1.618417864772133044e+02 -2.164379195327738259e+01 -3.959974837066685893e+01
-1.308464680030243876e+01 8.512325980272650838e+01 -1.196171349126785657e+02 -1.001347847703648455e+02 -1.039050228816606491e+01 8.902225073303206671e+00 5.551407854124132513e+01 -7.596475400069764294e-01 -9.880084795353521798e+00 4.256416319832576534e+01 -2.906495753736800225e+01 -4.031929872238950274e+00 1.604727354631865808e+02 2.504894785802950441e+00 -1.035427094866142284e+02 8.688677363279315102e+01 6.931914186397339961e+01 -2.130050718464395914e+02 -1.713862191032831817e+01 -4.659844521762843073e+01
-5.373259367765938599e+00 1.260866399610922315e+02 1.466977663037900825e+01 -3.623203319469687500e+01 2.600961318249420984e+01 2.222549340900452108e+01 1.059628855398235885e+02 1.742638174740176682e+00 6.157780088411085728e+01 1.543103883433311410e+02 -3.751173355110068997e+00 6.782091137570478168e+01 2.418424970976695363e+02 6.723811116280784539e+00 -4.716843242296655347e+01 6.931914186397339961e+01 -1.647685614196043673e+02 -1.037551425248902177e+02 2.832266882358177362e+00 -1.725935968323427261e+01
-2.139821478017366374e+01 -7.610463711711565438e+00 -2.983903793549400234e+02 -1.716333070239920175e+02 -6.577014019425232050e+01 -1.535893134427656115e+01 -4.320072562162760477e+01 -4.552410056146386275e+00 -1.219008793576098242e+02 -1.508378428245652003e+02 -6.071771640184742580e+01 -1.185260222253791085e+02 -2.102725047416789295e+01 -5.078936521641080226e+00 -1.618417864772133044e+02 -2.130050718464395914e+02 -1.037551425248902177e+02 6.248927859434195398e+02 -4.392979694205446606e+01 -7.922874955948545050e+01
-2.787129315119561301e+00 1.006245390840034482e+01 -3.112794550797504911e+01 -2.176235644052748697e+01 -4.894190135898680794e+00 2.519206136388206230e-01 4.460727852747831790e+00 -3.437412121606642224e-01 -7.916410232752179255e+00 -3.049686369993475754e+00 -6.915777273024212413e+00 -7.010870960921582906e+00 1.860238968041917929e+01 2.926423890766936819e-02 -2.164379195327738259e+01 -1.713862191032832527e+01 2.832266882358177362e+00 -4.392979694205445185e+01 3.464753441545736337e+02 -1.009198132982641738e+01
-5.199491968930329833e+00 3.527897384527548752e+00 -6.874105705663760091e+01 -4.141623732546202064e+01 -1.419483889936307008e+01 -2.636316738715644092e+00 -5.590032463892690373e+00 -9.849464260098358404e-01 -2.574755983889348698e+01 -2.857794942121536508e+01 -1.427070376098656723e+01 -2.470084293538532805e+01 5.272190418527557654e+00 -8.980737952443060834e-01 -3.959974837066685893e+01 -4.659844521762843073e+01 -1.725935968323427616e+01 -7.922874955948545050e+01 -1.009198132982641916e+01 7.158591499173567172e+02
