-7.104521505746255343e+02 4.847543675811273545e+01 -1.841414900774906771e+00 4.160858530113054954e+00 8.715043965257429193e+00 3.815103493598217455e+01 2.569186791356961308e+01 2.640840521309301803e+00 1.545310682839869543e+01 7.138649382221363915e+00 9.916938325022975675e+00 -1.504496851916626410e+00 -4.196363193925748192e+00 2.566359011988248540e+01 1.433429529696008409e+01 1.877883153271771732e+01 -7.809224364628998272e-01 3.399719162682227847e+00 3.130798778139330096e+01 4.161098683246574836e+00
4.847543675811273545e+01 -5.069525827812224179e+02 1.663004868586893226e+00 6.709066761174599947e+01 9.767740081612974734e+01 3.292452958039961572e+02 2.242249340199353753e+02 5.526219263571662310e+01 1.350474249144743055e+02 7.658053599859100302e+01 1.038986103465263682e+02 2.708703911379583573e+01 1.181942133160180930e+01 2.327458564419099218e+02 1.336105079572580507e+02 1.898712155691781618e+02 9.175557711670657923e+00 3.284682555335938048e+01 2.811316461590613471e+02 4.526000870433249190e+01
-1.841414900774906327e+00 1.663004868586886120e+00 8.912467195161754034e+02 -8.511182801440408241e+01 -6.154216117158500055e+01 -1.474169771590774225e+00 -7.811379327301553488e+00 -8.856573401795353107e+01 -5.191325002640096997e+00 -4.106912775555346684e+01 -5.027933121272660344e+01 -1.091086590223494284e+02 -1.306994327328140741e+02 -3.168901699179898301e+01 -2.753802715934359924e+01 -7.648672968811852968e+01 -4.332757026101978681e+01 -9.685851417865253055e+00 -3.101997028333567386e+01 -2.563206360243284365e+01
4.160858530113057618e+00 6.709066761174595683e+01 -8.511182801440408241e+01 4.231620952577716253e+02 -9.500045456701982971e+01 4.798352525566013327e+01 2.050858140755559234e+01 -1.498309121573277878e+02 1.148205716754360139e+01 -6.164473410078186788e+01 -7.390967629839101960e+01 -1.908867603668193738e+02 -2.318313931584108616e+02 -2.086692801582002943e+01 -2.868757135257591173e+01 -1.075424633539725079e+02 -7.604508628866753384e+01 -1.226524584495193437e+01 -1.223195434182306762e+01 -3.886351390183022403e+01
8.715043965257430969e+00 9.767740081612970471e+01 -6.154216117158498633e+01 -9.500045456701982971e+01 2.475686271194655887e+02 7.349905506497090357e+01 4.122744961904824379e+01 -1.021884392735470328e+02 2.419964877430156491e+01 -3.571544526698041722e+01 -4.140162442226711903e+01 -1.352803069515877326e+02 -1.667745961181570351e+02 1.221626766421181287e+01 -5.107077849348749865e+00 -5.569426788605081668e+01 -5.408253276151214095e+01 -5.036655198544411682e+00 2.416616682893947399e+01 -2.287144168965543400e+01
3.815103493598217455e+01 3.292452958039961572e+02 -1.474169771590774225e+00 4.798352525566012616e+01 7.349905506497090357e+01 -6.182342477594095271e+02 1.765102377633905917e+02 3.844652886233632927e+01 1.062811571304033862e+02 5.804339536438882163e+01 7.906629792205767160e+01 1.501092847025863541e+01 1.701254016386748225e+00 1.818418509560608243e+02 1.038430376169123406e+02 1.453895042004553204e+02 4.713261763663608050e+00 2.535862756982293220e+01 2.200686328084887577e+02 3.422499058500258684e+01
2.569186791356961308e+01 2.242249340199353753e+02 -7.811379327301557041e+00 2.050858140755559234e+01 4.122744961904823668e+01 1.765102377633905917e+02 -6.110325953224300974e+02 1.352805193493852620e+01 7.156363828784250813e+01 3.363183022555372048e+01 4.662069696719859735e+01 -5.344284054136961615e+00 -1.747728181745395304e+01 1.191901496540471612e+02 6.671885620917183246e+01 8.800427132371021344e+01 -2.971025396999914303e+00 1.587067396869653990e+01 1.452914813298703791e+02 1.962896765968586976e+01
2.640840521309301803e+00 5.526219263571667994e+01 -8.856573401795354528e+01 -1.498309121573277878e+02 -1.021884392735470328e+02 3.844652886233634348e+01 1.352805193493852620e+01 4.752685601681643561e+02 7.243072926013923940e+00 -6.676800788654199437e+01 -8.047249563527826410e+01 -1.994454958723628977e+02 -2.414928404221748508e+02 -2.979475935625601934e+01 -3.447939423546611692e+01 -1.184375149272848944e+02 -7.939851512961710966e+01 -1.389710095903329368e+01 -2.249816306294075474e+01 -4.198841925007724996e+01
1.545310682839869543e+01 1.350474249144743055e+02 -5.191325002640104103e+00 1.148205716754359607e+01 2.419964877430157202e+01 1.062811571304034146e+02 7.156363828784250813e+01 7.243072926013926605e+00 -6.709566423912209530e+02 1.983438239003204373e+01 2.756243204938252944e+01 -4.331636430787837888e+00 -1.185854153022847512e+01 7.145414948761950313e+01 3.989777467907221364e+01 5.221662787980471165e+01 -2.231259986804412065e+00 9.458649143077698440e+00 8.717945412453990173e+01 1.155922831547677276e+01
7.138649382221367468e+00 7.658053599859100302e+01 -4.106912775555346684e+01 -6.164473410078186788e+01 -3.571544526698040301e+01 5.804339536438882163e+01 3.363183022555372048e+01 -6.676800788654199437e+01 1.983438239003203662e+01 2.132193362140052102e+02 -2.483755347525861268e+01 -8.964072795325790821e+01 -1.110956369532476913e+02 1.448181316695569798e+01 2.165031294079365343e-01 -3.205129536375864774e+01 -3.588158245113684330e+01 -2.472823455576515173e+00 2.377912817172174087e+01 -1.405055959224942086e+01
9.916938325022975675e+00 1.038986103465263398e+02 -5.027933121272659633e+01 -7.390967629839101960e+01 -4.140162442226710482e+01 7.906629792205767160e+01 4.662069696719861156e+01 -8.047249563527826410e+01 2.756243204938252944e+01 -2.483755347525861978e+01 1.610765937122607170e+02 -1.091772962227254880e+02 -1.358333008175183352e+02 2.336308471528070640e+01 3.491155232864110669e+00 -3.468624223266549933e+01 -4.374196739348531793e+01 -2.236746320044114444e+00 3.592273916351091145e+01 -1.612253269941984968e+01
-1.504496851916624189e+00 2.708703911379582507e+01 -1.091086590223494284e+02 -1.908867603668193453e+02 -1.352803069515877041e+02 1.501092847025864785e+01 -5.344284054136971385e+00 -1.994454958723628977e+02 -4.331636430787845882e+00 -8.964072795325790821e+01 -1.091772962227254880e+02 5.670042003412285112e+02 -2.982216701525665599e+02 -5.947158774997015485e+01 -5.551397356181936260e+01 -1.643080711898477659e+02 -9.856857730763969982e+01 -2.031559832155874190e+01 -5.524020264425259796e+01 -5.608812565347557921e+01
-4.196363193925748192e+00 1.181942133160178088e+01 -1.306994327328141026e+02 -2.318313931584109184e+02 -1.667745961181570351e+02 1.701254016386776424e+00 -1.747728181745393883e+01 -2.414928404221748792e+02 -1.185854153022848045e+01 -1.110956369532476913e+02 -1.358333008175183352e+02 -2.982216701525666167e+02 5.474058372433518116e+02 -8.269574495672314640e+01 -7.305945641628414933e+01 -2.060801184488403806e+02 -1.184527964767944894e+02 -2.594345271807486242e+01 -8.002108154512170302e+01 -6.938118632033706490e+01
2.566359011988248184e+01 2.327458564419098934e+02 -3.168901699179899367e+01 -2.086692801582004364e+01 1.221626766421181109e+01 1.818418509560608243e+02 1.191901496540471612e+02 -2.979475935625604066e+01 7.145414948761948892e+01 1.448181316695569087e+01 2.336308471528070285e+01 -5.947158774997016195e+01 -8.269574495672311798e+01 -2.643846682231550176e+02 5.539471322290095401e+01 5.321050221343080011e+01 -2.449437941206759461e+01 1.162686266432172033e+01 1.349436279666450105e+02 7.630318172866646265e+00
1.433429529696008409e+01 1.336105079572580507e+02 -2.753802715934359924e+01 -2.868757135257591173e+01 -5.107077849348750753e+00 1.038430376169123406e+02 6.671885620917183246e+01 -3.447939423546611692e+01 3.989777467907220654e+01 2.165031294079294288e-01 3.491155232864107116e+00 -5.551397356181938392e+01 -7.305945641628413512e+01 5.539471322290095401e+01 -1.756934429979833396e+02 1.542956311549913195e+01 -2.254761540875033532e+01 4.753392790506799415e+00 7.117601778404406332e+01 -6.712172487533223375e-01
1.877883153271771377e+01 1.898712155691781618e+02 -7.648672968811854389e+01 -1.075424633539725079e+02 -5.569426788605080247e+01 1.453895042004553204e+02 8.800427132371021344e+01 -1.184375149272848802e+02 5.221662787980469744e+01 -3.205129536375864774e+01 -3.468624223266549933e+01 -1.643080711898477659e+02 -2.060801184488403521e+02 5.321050221343080011e+01 1.542956311549913195e+01 6.651428285023057185e+01 -6.595704011437430836e+01 -9.227843932372402636e-01 7.600935933150066148e+01 -2.114182223997255505e+01
-7.809224364628980508e-01 9.175557711670657923e+00 -4.332757026101978681e+01 -7.604508628866753384e+01 -5.408253276151214095e+01 4.713261763663601833e+00 -2.971025396999914303e+00 -7.939851512961710966e+01 -2.231259986804412065e+00 -3.588158245113683620e+01 -4.374196739348532503e+01 -9.856857730763971404e+01 -1.184527964767944894e+02 -2.449437941206759817e+01 -2.254761540875033532e+01 -6.595704011437430836e+01 7.958288897743559573e+02 -8.190632766618435312e+00 -2.299754727860001680e+01 -2.244101588178387274e+01
3.399719162682227402e+00 3.284682555335938048e+01 -9.685851417865256607e+00 -1.226524584495192727e+01 -5.036655198544413459e+00 2.535862756982293220e+01 1.587067396869653990e+01 -1.389710095903329368e+01 9.458649143077694887e+00 -2.472823455576516061e+00 -2.236746320044112224e+00 -2.031559832155874901e+01 -2.594345271807486242e+01 1.162686266432172033e+01 4.753392790506798526e+00 -9.227843932372409297e-01 -8.190632766618433536e+00 -3.943077491468380202e+01 1.553560851161218714e+01 -1.740952314281499547e+00
3.130798778139330807e+01 2.811316461590613471e+02 -3.101997028333570228e+01 -1.223195434182306229e+01 2.416616682893945978e+01 2.200686328084887577e+02 1.452914813298703791e+02 -2.249816306294075474e+01 8.717945412453990173e+01 2.377912817172172666e+01 3.592273916351091856e+01 -5.524020264425256244e+01 -8.002108154512171723e+01 1.349436279666450389e+02 7.117601778404407753e+01 7.600935933150066148e+01 -2.299754727860000969e+01 1.553560851161218359e+01 -2.801191086678546753e+02 1.313869671967792918e+01
4.161098683246576613e+00 4.526000870433249190e+01 -2.563206360243284365e+01 -3.886351390183022403e+01 -2.287144168965543400e+01 3.422499058500258684e+01 1.962896765968586976e+01 -4.198841925007724996e+01 1.155922831547676921e+01 -1.405055959224942441e+01 -1.612253269941984613e+01 -5.608812565347557921e+01 -6.938118632033705069e+01 7.630318172866648041e+00 -6.712172487533205611e-01 -2.114182223997255505e+01 -2.244101588178386919e+01 -1.740952314281498881e+00 1.313869671967792563e+01 2.499610714355746381e+02
