9.830000000000000000e+02
-9.760000000000000000e+02
-8.900000000000000000e+02
8.690000000000000000e+02
8.350000000000000000e+02
7.450000000000000000e+02
-7.100000000000000000e+02
6.850000000000000000e+02
-6.640000000000000000e+02
4.990000000000000000e+02
4.650000000000000000e+02
-4.240000000000000000e+02
3.090000000000000000e+02
2.870000000000000000e+02
2.530000000000000000e+02
2.170000000000000000e+02
2.130000000000000000e+02
-2.100000000000000000e+02
1.230000000000000000e+02
-9.200000000000000000e+01
