4.538370528688666923e+02 -1.516393386606066258e+02 -3.159155056234851600e+01 -2.567151973606294177e+02 -2.205500665332050048e+01 -1.419957161192220596e+01 -2.170046892864345978e+02 9.428073318089971622e+00 -6.527297917234464286e+00 -3.574221065536725064e+02 -2.429026990392288710e+01 -1.283760877625662999e+01 -1.901614721063008062e+01 1.699864831750539906e+01 -1.329116942938421744e+02 -9.356126372454539819e+00 -1.490655417531877447e+01 2.498509496011335429e+01 2.326434150656286093e+01 -2.148295406749580394e+01
-1.516393386606066258e+02 3.817523098786317632e+02 -1.299967308916013131e+01 -8.753052304440893749e+01 1.046270411020205060e+01 3.022291540398299148e+01 -7.068878463768017184e+01 1.066620287847615955e+01 1.888051162753462409e+00 -1.425241081826214895e+02 -1.007358778289992429e+01 1.239592184983313494e+01 1.962985465730752210e+01 2.811399520461342050e+01 -1.772586731498564561e+01 3.795589229550600407e+01 -2.364000217758231326e+00 5.353258901186145380e+01 3.357011653195603884e+01 1.201361059603719639e+01
-3.159155056234851955e+01 -1.299967308916013309e+01 8.503120748938989664e+02 -2.203546673021119418e+01 -2.085000598672735350e+00 -1.592988860039519672e+00 -1.866209867724585791e+01 7.297592149219171986e-01 -6.041726074951917491e-01 -3.045935940839259004e+01 -2.065869489289982930e+00 -1.280907175031880563e+00 -1.910917313368972303e+00 1.220957649489459396e+00 -1.170305881341252885e+01 -1.242138076332929275e+00 -1.308530933721907319e+00 1.664314482325417677e+00 1.723358200440761934e+00 -2.050365271857888416e+00
-2.567151973606294177e+02 -8.753052304440892328e+01 -2.203546673021119062e+01 2.440275396315498426e+02 2.356086285015054216e+01 6.198410892947850215e+01 -1.142749531875769833e+02 2.010364148379259674e+01 4.564234165582305991e+00 -2.402321933167157511e+02 -1.709887943136800104e+01 2.628331534749803211e+01 4.146044614662001493e+01 5.395260555081917886e+01 -1.902439285391889001e+01 7.680360773667268859e+01 -2.883074131272016949e+00 1.036383579484883484e+02 6.405925396679531048e+01 2.658202141219015857e+01
-2.205500665332050048e+01 1.046270411020205060e+01 -2.085000598672735350e+00 2.356086285015054216e+01 -3.517474691097900745e+02 7.974464636407208218e+01 2.730287257250965638e+01 1.580435797246897778e+01 9.801500431424583937e+00 -1.340568693391199595e+01 -1.778363727562162655e+00 3.870066873053809786e+01 6.016322305876809651e+01 4.836686643993719059e+01 7.392386896866820223e+01 9.290491695000828543e+01 7.449760645185842911e+00 9.840519368364314801e+01 5.521830308315707470e+01 4.523316921108301614e+01
-1.419957161192220596e+01 3.022291540398299858e+01 -1.592988860039520116e+00 6.198410892947850215e+01 7.974464636407206797e+01 -3.754607417211379925e+02 6.606057009379301803e+01 2.856118258521425091e+01 1.859983800162621037e+01 8.162402438446569874e-01 -1.549002407922869029e+00 7.251337517703090896e+01 1.126602915495373054e+02 8.825680740640774502e+01 1.462791266169924143e+02 1.725376493811862701e+02 1.484982129548106933e+01 1.802515788017720695e+02 1.004824001027791098e+02 8.521760533337587162e+01
-2.170046892864345978e+02 -7.068878463768015763e+01 -1.866209867724586147e+01 -1.142749531875769549e+02 2.730287257250967059e+01 6.606057009379298961e+01 2.332178152158364526e+02 1.957866901902784917e+01 5.585918079637641753e+00 -2.017432562113347672e+02 -1.451070798620949631e+01 2.890907206975631993e+01 4.543994792053057807e+01 5.363667078389252652e+01 -2.207856505162107297e+00 8.077034476920759687e+01 -1.023724885138741048e+00 1.040407311762797633e+02 6.327855387273297794e+01 3.035633148814766358e+01
9.428073318089968069e+00 1.066620287847615955e+01 7.297592149219167545e-01 2.010364148379259674e+01 1.580435797246897778e+01 2.856118258521425091e+01 1.957866901902784917e+01 -9.849050721035220022e+02 3.731390349930728156e+00 1.181999372224287725e+01 4.997794721357037284e-01 1.413564959601899496e+01 2.193150951601989362e+01 1.613988242038173482e+01 3.200819844779360324e+01 3.294264508607511743e+01 3.295519311571742271e+00 3.328098085588391797e+01 1.824797897217543863e+01 1.682095395768791946e+01
-6.527297917234464286e+00 1.888051162753462409e+00 -6.041726074951918601e-01 4.564234165582305991e+00 9.801500431424583937e+00 1.859983800162621037e+01 5.585918079637642641e+00 3.731390349930728156e+00 -3.457315073974556299e+02 -4.453561147898092543e+00 -5.055272721900224697e-01 9.004712063265820632e+00 1.400200035031435242e+01 1.137564702026555352e+01 1.680061614466636044e+01 2.169587309417703125e+01 1.687524597214778543e+00 2.310901493806967011e+01 1.300129622759056502e+01 1.050077838523210971e+01
-3.574221065536725064e+02 -1.425241081826214895e+02 -3.045935940839259004e+01 -2.402321933167157226e+02 -1.340568693391198885e+01 8.162402438446143549e-01 -2.017432562113347672e+02 1.181999372224288081e+01 -4.453561147898088990e+00 3.962184072637762711e+02 -2.345125360809118931e+01 -5.266646877801314908e+00 -7.291380413117023451e+00 2.488428642083715303e+01 -1.132792905317806458e+02 7.794898864206956546e+00 -1.285593542429605307e+01 4.148683609896561819e+01 3.208298982008329858e+01 -1.232499314571887084e+01
-2.429026990392288354e+01 -1.007358778289992429e+01 -2.065869489289982930e+00 -1.709887943136800104e+01 -1.778363727562162433e+00 -1.549002407922869251e+00 -1.451070798620949454e+01 4.997794721357036174e-01 -5.055272721900222477e-01 -2.345125360809119286e+01 8.834129314936299124e+02 -1.143617288102712237e+00 -1.715835364140883446e+00 7.482773376651837838e-01 -9.327444658626575347e+00 -1.331019636212693369e+00 -1.039640556306840269e+00 8.897912069331720408e-01 1.108502504390662891e+00 -1.763586404005133446e+00
-1.283760877625663710e+01 1.239592184983313139e+01 -1.280907175031880563e+00 2.628331534749803922e+01 3.870066873053809786e+01 7.251337517703089475e+01 2.890907206975631993e+01 1.413564959601899496e+01 9.004712063265818855e+00 -5.266646877801315796e+00 -1.143617288102713569e+00 -4.266942998917675141e+02 5.486737310940324619e+01 4.348813885004536672e+01 6.952461682243810515e+01 8.434198037137831250e+01 7.035519235536218829e+00 8.866385478758195404e+01 4.957424629511887559e+01 4.138980193254653273e+01
-1.901614721063008062e+01 1.962985465730751500e+01 -1.910917313368972748e+00 4.146044614662002203e+01 6.016322305876809651e+01 1.126602915495373054e+02 4.543994792053057807e+01 2.193150951601989362e+01 1.400200035031435242e+01 -7.291380413117030557e+00 -1.715835364140882557e+00 5.486737310940324619e+01 -3.827348271300432430e+02 6.750184807045671675e+01 1.083133924468422435e+02 1.310199859354228522e+02 1.096435699367685501e+01 1.376471809746731765e+02 7.693897961041784583e+01 6.433845935459210352e+01
1.699864831750540617e+01 2.811399520461342405e+01 1.220957649489458507e+00 5.395260555081917886e+01 4.836686643993719059e+01 8.825680740640771660e+01 5.363667078389252652e+01 1.613988242038173482e+01 1.137564702026555352e+01 2.488428642083717079e+01 7.482773376651828956e-01 4.348813885004537383e+01 6.750184807045671675e+01 -7.552976342417561000e+02 9.503428325790180509e+01 1.020284580812268160e+02 9.744128001753809443e+00 1.042166494238365857e+02 5.745876587810157332e+01 5.154392389142496711e+01
-1.329116942938421744e+02 -1.772586731498565271e+01 -1.170305881341253063e+01 -1.902439285391888291e+01 7.392386896866820223e+01 1.462791266169924711e+02 -2.207856505162122396e+00 3.200819844779360324e+01 1.680061614466636044e+01 -1.132792905317806174e+02 -9.327444658626577123e+00 6.952461682243811936e+01 1.083133924468422435e+02 9.503428325790180509e+01 1.208522571296152393e+01 1.721910528726239704e+02 1.031811094673066087e+01 1.909865622516475696e+02 1.094473066384724973e+02 7.966321098385630251e+01
-9.356126372454543372e+00 3.795589229550598986e+01 -1.242138076332929497e+00 7.680360773667267438e+01 9.290491695000828543e+01 1.725376493811862701e+02 8.077034476920758266e+01 3.294264508607511743e+01 2.169587309417703480e+01 7.794898864206970757e+00 -1.331019636212694257e+00 8.434198037137831250e+01 1.310199859354228522e+02 1.020284580812268160e+02 1.721910528726239704e+02 -3.577234738675281847e+02 1.750741070727945470e+01 2.085646244860731997e+02 1.160868049922888758e+02 9.924111649192575157e+01
-1.490655417531877447e+01 -2.364000217758231326e+00 -1.308530933721907097e+00 -2.883074131272014728e+00 7.449760645185841135e+00 1.484982129548106933e+01 -1.023724885138742824e+00 3.295519311571742715e+00 1.687524597214778543e+00 -1.285593542429605307e+01 -1.039640556306840491e+00 7.035519235536218829e+00 1.096435699367685856e+01 9.744128001753809443e+00 1.031811094673065732e+01 1.750741070727945470e+01 -6.100372068067065356e+01 1.954860202666814928e+01 1.123550954207703434e+01 8.036558102590971586e+00
2.498509496011335429e+01 5.353258901186143959e+01 1.664314482325419453e+00 1.036383579484883484e+02 9.840519368364313380e+01 1.802515788017721263e+02 1.040407311762797633e+02 3.328098085588392507e+01 2.310901493806967011e+01 4.148683609896560398e+01 8.897912069331729290e-01 8.866385478758195404e+01 1.376471809746731765e+02 1.042166494238365857e+02 1.909865622516475696e+02 2.085646244860731997e+02 1.954860202666814928e+01 -5.300498812581424772e+02 1.182098299670707320e+02 1.049224806182771204e+02
2.326434150656284672e+01 3.357011653195603884e+01 1.723358200440761934e+00 6.405925396679531048e+01 5.521830308315708180e+01 1.004824001027791098e+02 6.327855387273297794e+01 1.824797897217543863e+01 1.300129622759056502e+01 3.208298982008330569e+01 1.108502504390662002e+00 4.957424629511888270e+01 7.693897961041786004e+01 5.745876587810156622e+01 1.094473066384724973e+02 1.160868049922888900e+02 1.123550954207703434e+01 1.182098299670707320e+02 -7.889269692813317079e+02 5.882395726819863313e+01
-2.148295406749581815e+01 1.201361059603719461e+01 -2.050365271857888416e+00 2.658202141219016212e+01 4.523316921108301614e+01 8.521760533337587162e+01 3.035633148814766002e+01 1.682095395768791946e+01 1.050077838523211327e+01 -1.232499314571887794e+01 -1.763586404005134778e+00 4.138980193254653273e+01 6.433845935459211773e+01 5.154392389142496711e+01 7.966321098385630251e+01 9.924111649192573736e+01 8.036558102590971586e+00 1.049224806182771061e+02 5.882395726819863313e+01 -3.615877602760057812e+02
