7.204534003036950480e+02 1.437623692999693148e+01 -1.780009746220726541e+01 -2.777796534787967886e+01 5.929749438871708023e+00 -1.674321782929957037e+00 1.056020864185161917e-01 -4.149955284360133589e+01 -1.432301614360259201e+01 -5.806749305144520434e+01 -2.814129440514893110e-01 -3.669429243613883784e+01 -2.392231145651423319e+01 -1.862760263845971309e+01 4.081476839040889537e+00 2.937742416103745757e-01 2.602651267350530517e+01 -7.118126281747646544e+01 2.665696889187545437e+01 -5.977608262454978671e-01
1.437623692999693148e+01 -4.845747867917201006e+02 4.635679537069904654e+01 1.145547614265435641e+02 4.930926199986689085e+01 6.662686510061170964e+01 5.652437737174106047e+01 4.786967934397228674e+01 1.275631437783652977e+01 3.474028479287541415e+01 1.539711843129770052e+00 3.196218452672573918e+01 1.140074486563210030e+02 1.119651064738440738e+02 4.877272722554706519e+01 1.956328574868141601e+00 2.207507202814601897e+02 3.478728698836233235e+01 2.076229721720654311e+02 6.052554972693911850e+01
-1.780009746220726541e+01 4.635679537069903944e+01 4.442428686520220822e+02 -2.508172814359362590e+01 1.812930487869789786e+01 8.831513162160318231e+00 9.960285801803671291e+00 -5.882106120726523812e+01 -2.095341320707198207e+01 -8.788805884566502868e+01 -1.884272434882531266e-01 -5.380519252259119867e+01 -1.894128631846625055e+01 -1.073257968737040180e+01 1.504741876607384476e+01 8.139000166980401296e-01 8.032120848848417438e+01 -1.090870578722607860e+02 7.906715373521650747e+01 9.515798164541241277e+00
-2.777796534787969307e+01 1.145547614265435641e+02 -2.508172814359362590e+01 2.991550687608803969e+02 4.409102845187081243e+01 3.200449481743941504e+01 3.149538806758747356e+01 -9.170363164592998828e+01 -3.372826697641365001e+01 -1.461075947811650906e+02 4.874138111764688558e-02 -8.680526658096212600e+01 -5.172460519361123055e+00 8.770977281164270778e+00 3.853410201682649472e+01 1.915846257036571743e+00 1.959088799237102023e+02 -1.834079742919858518e+02 1.904584032241249929e+02 3.170155075769394770e+01
5.929749438871708023e+00 4.930926199986687664e+01 1.812930487869789786e+01 4.409102845187081243e+01 -6.718040225266147445e+02 2.501034419240041373e+01 2.115130247762458993e+01 1.973259220747730325e+01 5.401178212226082742e+00 1.554351053331246391e+01 5.885969152345021937e-01 1.356847124654388992e+01 4.371746392746962329e+01 4.272136987480052994e+01 1.807604052715842613e+01 7.193589145940099128e-01 8.148362590162287233e+01 1.613493754458015061e+01 7.654258947320668938e+01 2.267963771331993428e+01
-1.674321782929956148e+00 6.662686510061170964e+01 8.831513162160318231e+00 3.200449481743941504e+01 2.501034419240041728e+01 -6.828992410912304933e+01 2.446694222417812981e+01 -5.400613336831409761e+00 -3.489350943709126796e+00 -2.147438344956674072e+01 4.879169569807491058e-01 -9.249509251226653461e+00 3.418989785619282173e+01 3.663376724058635148e+01 2.361786357673316772e+01 1.029028334481639773e+00 1.116411401524601104e+02 -2.969062251865751634e+01 1.063700923692273221e+02 2.575241056748285828e+01
1.056020864185170799e-01 5.652437737174106047e+01 9.960285801803671291e+00 3.149538806758747356e+01 2.115130247762458993e+01 2.446694222417813336e+01 -1.545949918244191679e+02 4.695979715779868835e-01 -1.260792443150281938e+00 -1.152638242181774331e+01 4.623631816733195787e-01 -3.501500322148400901e+00 3.292560913801421663e+01 3.440186782014824729e+01 2.016380376423908416e+01 8.640147154173404287e-01 9.447059665700163578e+01 -1.707651005626208374e+01 8.977739270775023783e+01 2.261838729307341822e+01
-4.149955284360134300e+01 4.786967934397227964e+01 -5.882106120726526655e+01 -9.170363164592998828e+01 1.973259220747730325e+01 -5.400613336831416866e+00 4.695979715779851071e-01 5.937353669756358840e+02 -4.738305071996985873e+01 -1.921335095468185727e+02 -9.282256150667937966e-01 -1.213926839398463073e+02 -7.894232137578376296e+01 -6.142081808074581772e+01 1.361354658070630030e+01 9.765673226300956022e-01 8.661833675614825268e+01 -2.355408661292215129e+02 8.867730800858696227e+01 -1.850082589731806948e+00
-1.432301614360258846e+01 1.275631437783653332e+01 -2.095341320707197497e+01 -3.372826697641365001e+01 5.401178212226082742e+00 -3.489350943709126796e+00 -1.260792443150282827e+00 -4.738305071996985873e+01 7.887381924228651542e+02 -6.551365813944450167e+01 -3.509408936847763227e-01 -4.164378574909929398e+01 -2.942109637382977283e+01 -2.347487402296236070e+01 3.355945299139579507e+00 2.794530222339854375e-01 2.360106074119646991e+01 -8.011886884302325029e+01 2.462329563339701011e+01 -2.141660008479091548e+00
-5.806749305144520434e+01 3.474028479287542126e+01 -8.788805884566502868e+01 -1.461075947811650906e+02 1.554351053331246035e+01 -2.147438344956674072e+01 -1.152638242181774686e+01 -1.921335095468185727e+02 -6.551365813944451588e+01 6.409992602896641074e+02 -1.560614982830424546e+00 -1.676877889142318452e+02 -1.290840644374050044e+02 -1.054330175233445317e+02 7.552450045176970050e+00 8.732709118670924919e-01 6.730521723914907284e+01 -3.195159394659582972e+02 7.285437619035343459e+01 -1.545939500047445847e+01
-2.814129440514894220e-01 1.539711843129770052e+00 -1.884272434882532932e-01 4.874138111764705211e-02 5.885969152345021937e-01 4.879169569807491058e-01 4.623631816733194677e-01 -9.282256150667935746e-01 -3.509408936847763227e-01 -1.560614982830425213e+00 2.310035729650318785e+02 -9.049128265743865418e-01 1.666530682591744750e-01 3.180915122508820025e-01 5.255864272652109870e-01 2.520926456867482457e-02 2.618560041465399113e+00 -1.976388645269157029e+00 2.531961862632537308e+00 4.725344321098926548e-01
-3.669429243613883784e+01 3.196218452672573918e+01 -5.380519252259118446e+01 -8.680526658096212600e+01 1.356847124654389347e+01 -9.249509251226653461e+00 -3.501500322148402677e+00 -1.213926839398463073e+02 -4.164378574909929398e+01 -1.676877889142318452e+02 -9.049128265743866528e-01 7.043606492612232159e+02 -7.578922801355848549e+01 -6.057482219914695776e+01 8.341486979470664309e+00 7.049452702021182793e-01 5.926299480439623579e+01 -2.050332541135538236e+02 6.194131992961585098e+01 -5.773517201840316027e+00
-2.392231145651422608e+01 1.140074486563209746e+02 -1.894128631846625765e+01 -5.172460519361123055e+00 4.371746392746962329e+01 3.418989785619282884e+01 3.292560913801422373e+01 -7.894232137578376296e+01 -2.942109637382977994e+01 -1.290840644374050044e+02 1.666530682591744750e-01 -7.578922801355848549e+01 2.754150870430877944e+02 1.683534389604446346e+01 3.865998485218771918e+01 1.884774889229780648e+00 1.943809399093169645e+02 -1.627412793175091394e+02 1.884163939347004089e+02 3.343042609810922272e+01
-1.862760263845972020e+01 1.119651064738440738e+02 -1.073257968737040002e+01 8.770977281164267225e+00 4.272136987480052994e+01 3.663376724058635148e+01 3.440186782014824018e+01 -6.142081808074581062e+01 -2.347487402296236780e+01 -1.054330175233445175e+02 3.180915122508820581e-01 -6.057482219914693644e+01 1.683534389604444925e+01 2.321292649716260428e+02 3.837260429233043624e+01 1.822362395683155167e+00 1.901250696007367651e+02 -1.339583371965500476e+02 1.835614082055950007e+02 3.528929263348217660e+01
4.081476839040888649e+00 4.877272722554706519e+01 1.504741876607383944e+01 3.853410201682649472e+01 1.807604052715842613e+01 2.361786357673316772e+01 2.016380376423908416e+01 1.361354658070630386e+01 3.355945299139578619e+00 7.552450045176970939e+00 5.255864272652109870e-01 8.341486979470664309e+00 3.865998485218771918e+01 3.837260429233043624e+01 -4.762691683246878824e+02 7.220329894821134742e-01 8.088061366692781462e+01 6.477297697475016491e+00 7.625212078380569380e+01 2.153194464360711535e+01
2.937742416103745202e-01 1.956328574868141601e+00 8.139000166980401296e-01 1.915846257036571965e+00 7.193589145940099128e-01 1.029028334481639773e+00 8.640147154173404287e-01 9.765673226300956022e-01 2.794530222339854375e-01 8.732709118670923809e-01 2.520926456867483151e-02 7.049452702021185013e-01 1.884774889229780648e+00 1.822362395683155611e+00 7.220329894821134742e-01 -8.879718041586559139e+02 3.223532269745917223e+00 9.511942387611086458e-01 3.019009381636488243e+00 9.293603369916397794e-01
2.602651267350531228e+01 2.207507202814601328e+02 8.032120848848417438e+01 1.959088799237102592e+02 8.148362590162285812e+01 1.116411401524601104e+02 9.447059665700162157e+01 8.661833675614825268e+01 2.360106074119646991e+01 6.730521723914908705e+01 2.618560041465398669e+00 5.926299480439621448e+01 1.943809399093169645e+02 1.901250696007367651e+02 8.088061366692781462e+01 3.223532269745917223e+00 -3.111264163439903427e+02 6.946884603082638421e+01 3.428287113359061777e+02 1.012708770619932608e+02
-7.118126281747647965e+01 3.478728698836234656e+01 -1.090870578722607860e+02 -1.834079742919859086e+02 1.613493754458015417e+01 -2.969062251865753055e+01 -1.707651005626209084e+01 -2.355408661292215129e+02 -8.011886884302325029e+01 -3.195159394659582972e+02 -1.976388645269156807e+00 -2.050332541135538236e+02 -1.627412793175091394e+02 -1.339583371965500476e+02 6.477297697475017380e+00 9.511942387611084238e-01 6.946884603082638421e+01 5.557591264896021812e+02 7.691661289569071869e+01 -2.206397754210412643e+01
2.665696889187545793e+01 2.076229721720654311e+02 7.906715373521650747e+01 1.904584032241250213e+02 7.654258947320668938e+01 1.063700923692273221e+02 8.977739270775023783e+01 8.867730800858696227e+01 2.462329563339700300e+01 7.285437619035346302e+01 2.531961862632537308e+00 6.194131992961584388e+01 1.884163939347004089e+02 1.835614082055950007e+02 7.625212078380569380e+01 3.019009381636488243e+00 3.428287113359061777e+02 7.691661289569074711e+01 -4.182211899930123309e+02 9.634858263761702801e+01
-5.977608262455005317e-01 6.052554972693911139e+01 9.515798164541241277e+00 3.170155075769395125e+01 2.267963771331992717e+01 2.575241056748285828e+01 2.261838729307341822e+01 -1.850082589731806948e+00 -2.141660008479098654e+00 -1.545939500047445136e+01 4.725344321098927103e-01 -5.773517201840319579e+00 3.343042609810922272e+01 3.528929263348217660e+01 2.153194464360711535e+01 9.293603369916397794e-01 1.012708770619932608e+02 -2.206397754210411932e+01 9.634858263761702801e+01 -1.161395540631104240e+02
