1.664091200689624372e+02 -1.003167485615523447e+02 9.562273017410379339e+01 -2.165855092514329172e+00 -7.152450445968906934e+01 -2.297840333582008299e+01 1.343879616251658433e+02 -4.721982653088737436e+01 7.698741749524795352e+01 -8.390860736532039255e+01 -9.268124174747418920e+01 1.779778824763319278e+01 -1.015178153212485590e+01 -1.222126095464865472e+02 3.552927156945263842e+00 -6.475576760067647797e+01 4.355587229328936871e+01 -4.409409591860867117e+00 -1.010113077803844561e+02 -6.358928938335850489e+01
-1.003167485615523447e+02 5.437312892531811030e+02 1.156336221099447670e+01 -4.367226779796499869e+00 -1.374295078643619377e+02 -4.292487410226555511e+01 4.635636685677377500e+01 -1.009557620506293603e+02 1.388657543717393672e+01 -1.112704613445435768e+02 -1.451004722686192565e+02 -8.518322074836042646e+00 -2.667022656590728147e+01 -1.676688554319579509e+02 -1.291844470429772329e+01 -1.039469587095125576e+02 1.738797948542239880e+01 -7.638411815230969637e+01 -1.279809407074363889e+02 -8.336214919836736215e+01
9.562273017410379339e+01 1.156336221099446071e+01 -3.549180440717310034e+02 3.675015921031442812e+00 1.036991913417459017e+02 3.012537376677056500e+01 3.560954904989981173e+02 9.505373060607271896e+01 2.369453158732473241e+02 -8.250028684433885928e+00 4.860911940693513600e+01 8.527628165269062777e+01 3.334887440099180367e+01 2.556323229516211271e+00 4.619535831707317186e+01 4.063623645743170698e+01 1.092659670096756912e+02 1.829948852290999071e+02 -2.545443271748129632e+01 -8.756562092676404063e+00
-2.165855092514329172e+00 -4.367226779796499869e+00 3.675015921031444588e+00 2.529004903826854900e+02 -3.259253605763007933e+00 -1.042226649044949660e+00 5.284174142052926904e+00 -2.192258204918393183e+00 2.976953988618303626e+00 -3.625594266561490642e+00 -4.092621302343823153e+00 6.417222954973519355e-01 -4.909938709111069666e-01 -5.302875458854087398e+00 8.364555705366227834e-02 -2.869657949230453031e+00 1.721997403888497979e+00 -4.700823711685546691e-01 -4.340924432790932208e+00 -2.743803133536202310e+00
-7.152450445968906934e+01 -1.374295078643619092e+02 1.036991913417459017e+02 -3.259253605763007045e+00 1.808738523197301618e+02 -3.382271347533773564e+01 1.524152656705899176e+02 -7.233142412604561855e+01 8.450492214448266282e+01 -1.134226191304714320e+02 -1.302036668571134612e+02 1.693453201420752308e+01 -1.665181415208292393e+01 -1.664424657916676722e+02 8.927083335275212139e-01 -9.154156705752095036e+01 4.992281933797053739e+01 -2.160385554916268092e+01 -1.352171757098660692e+02 -8.574260312868682377e+01
-2.297840333582008299e+01 -4.292487410226555511e+01 3.012537376677057210e+01 -1.042226649044949660e+00 -3.382271347533773564e+01 2.982414326746202278e+02 4.497726420140243420e+01 -2.322590006292801235e+01 2.465564122145819326e+01 -3.529977277918446532e+01 -4.093620218066310201e+01 4.671668370586045782e+00 -5.428648831815564790e+00 -5.190525143975860090e+01 -5.081300574069286258e-02 -2.882681675311615521e+01 1.478458109741458060e+01 -8.038521840771791105e+00 -4.197147409065834012e+01 -2.666715180498415450e+01
1.343879616251658433e+02 4.635636685677378921e+01 3.560954904989981173e+02 5.284174142052925127e+00 1.524152656705899176e+02 4.497726420140244130e+01 -4.874409731365960852e+02 1.338764206970226098e+02 2.718156100944029845e+02 1.636306903461786177e+01 9.025342433007527632e+01 1.009769887459722355e+02 4.492982964524572509e+01 4.205527437497640619e+01 5.663651096921943662e+01 7.140435555473101203e+01 1.227854941609723625e+02 2.302327683398683291e+02 2.873357218014951364e-01 9.268942072883078254e+00
-4.721982653088737436e+01 -1.009557620506293887e+02 9.505373060607271896e+01 -2.192258204918393183e+00 -7.233142412604561855e+01 -2.322590006292801590e+01 1.338764206970226098e+02 1.691495814738187562e+02 7.657310935337712010e+01 -8.437714133438807096e+01 -9.341119990773516690e+01 1.758975796734862840e+01 -1.033487848913382656e+01 -1.229486602486634439e+02 3.404034383569824573e+00 -6.529034519285389138e+01 4.341270077309711439e+01 -5.109121493356077792e+00 -1.015182105542979087e+02 -6.393514605601126277e+01
7.698741749524795352e+01 1.388657543717395093e+01 2.369453158732473810e+02 2.976953988618303182e+00 8.450492214448264860e+01 2.465564122145819326e+01 2.718156100944029845e+02 7.657310935337712010e+01 -5.285333356563578491e+02 -2.391996030448881427e+00 4.247114230775335386e+01 6.578861264524279306e+01 2.655500784517089841e+01 7.905385091138852793e+00 3.593291194114898701e+01 3.488997214506313327e+01 8.329301708716667463e+01 1.432354438084239519e+02 -1.501164526448164693e+01 -3.770069856864324720e+00
-8.390860736532039255e+01 -1.112704613445435768e+02 -8.250028684433878823e+00 -3.625594266561491086e+00 -1.134226191304714462e+02 -3.529977277918447953e+01 1.636306903461786177e+01 -8.437714133438808517e+01 -2.391996030448888533e+00 7.483295323517147608e+02 -1.163451162631790226e+02 -1.144489044610003781e+01 -2.275175135934384585e+01 -1.314392903324035444e+02 -1.270241788500241142e+01 -8.367271706429953326e+01 7.498374785371050066e+00 -7.005952954464282811e+01 -9.879267141634120719e+01 -6.478799307444353417e+01
-9.268124174747421762e+01 -1.451004722686192565e+02 4.860911940693513600e+01 -4.092621302343822265e+00 -1.302036668571134612e+02 -4.093620218066310201e+01 9.025342433007527632e+01 -9.341119990773515269e+01 4.247114230775336807e+01 -1.163451162631790083e+02 3.543158476881613979e+02 1.271534649898762970e+00 -2.370110741222451622e+01 -1.735398734992650986e+02 -7.920909416091316047e+00 -1.029599126500813782e+02 3.097404961790626388e+01 -5.751552924558210123e+01 -1.357092822653454789e+02 -8.746918019948448375e+01
1.779778824763319633e+01 -8.518322074836046198e+00 8.527628165269062777e+01 6.417222954973523796e-01 1.693453201420752308e+01 4.671668370586049335e+00 1.009769887459722213e+02 1.758975796734862129e+01 6.578861264524280728e+01 -1.144489044610004491e+01 1.271534649898767411e+00 -4.014395957716785688e+02 6.894182748119677129e+00 -1.315696148126308174e+01 1.153513827641512890e+01 2.496932642794169155e+00 3.124566131487266674e+01 4.361136696366402532e+01 -1.751920741777655266e+01 -9.277034924648523528e+00
-1.015178153212485768e+01 -2.667022656590728147e+01 3.334887440099181077e+01 -4.909938709111070776e-01 -1.665181415208292393e+01 -5.428648831815563014e+00 4.492982964524572509e+01 -1.033487848913383012e+01 2.655500784517089841e+01 -2.275175135934384230e+01 -2.370110741222451622e+01 6.894182748119678905e+00 1.210978725673988663e+02 -3.277699925401643100e+01 2.098638337923220298e+00 -1.639455655407207857e+01 1.440979944419941994e+01 3.346549364563296880e+00 -2.777352003453238538e+01 -1.730419903579393193e+01
-1.222126095464865756e+02 -1.676688554319579509e+02 2.556323229516227258e+00 -5.302875458854088286e+00 -1.664424657916677006e+02 -5.190525143975860090e+01 4.205527437497639198e+01 -1.229486602486634439e+02 7.905385091138867004e+00 -1.314392903324035728e+02 -1.735398734992650986e+02 -1.315696148126308529e+01 -3.277699925401643810e+01 5.463996676310196108e+02 -1.695860923877538440e+01 -1.245297767803314883e+02 1.665012781586751345e+01 -9.702540188991866899e+01 -1.506035891253450814e+02 -9.837954588232584285e+01
3.552927156945257625e+00 -1.291844470429772329e+01 4.619535831707318607e+01 8.364555705366227834e-02 8.927083335275234344e-01 -5.081300574069280707e-02 5.663651096921943662e+01 3.404034383569825462e+00 3.593291194114898701e+01 -1.270241788500241142e+01 -7.920909416091319599e+00 1.153513827641512890e+01 2.098638337923218966e+00 -1.695860923877537729e+01 -2.046095767097584144e+02 -4.827944996769600650e+00 1.770562423052827583e+01 1.874744440708219173e+01 -1.693450545831188947e+01 -9.891472716137442944e+00
-6.475576760067647797e+01 -1.039469587095125576e+02 4.063623645743169988e+01 -2.869657949230452143e+00 -9.154156705752095036e+01 -2.882681675311614100e+01 7.140435555473104046e+01 -6.529034519285389138e+01 3.488997214506313327e+01 -8.367271706429953326e+01 -1.029599126500813782e+02 2.496932642794168267e+00 -1.639455655407207857e+01 -1.245297767803315168e+02 -4.827944996769601538e+00 3.918441238727049836e+02 2.426481670702996496e+01 -3.788863954286808422e+01 -9.789307011359848332e+01 -6.295325875953597006e+01
4.355587229328936871e+01 1.738797948542239880e+01 1.092659670096757054e+02 1.721997403888497979e+00 4.992281933797053739e+01 1.478458109741457882e+01 1.227854941609723625e+02 4.341270077309710729e+01 8.329301708716667463e+01 7.498374785371050066e+00 3.097404961790626388e+01 3.124566131487266674e+01 1.440979944419941994e+01 1.665012781586752766e+01 1.770562423052827583e+01 2.426481670702997206e+01 -9.386208913514352616e+02 7.250396631500868239e+01 2.924349101726843259e+00 4.698045559189669262e+00
-4.409409591860867117e+00 -7.638411815230969637e+01 1.829948852290999639e+02 -4.700823711685542250e-01 -2.160385554916269513e+01 -8.038521840771783999e+00 2.302327683398683575e+02 -5.109121493356092003e+00 1.432354438084239803e+02 -7.005952954464279969e+01 -5.751552924558207280e+01 4.361136696366403243e+01 3.346549364563298656e+00 -9.702540188991868320e+01 1.874744440708219528e+01 -3.788863954286807001e+01 7.250396631500868239e+01 -3.254268117688887685e+01 -8.968264304508267060e+01 -5.395594649814833588e+01
-1.010113077803844561e+02 -1.279809407074363889e+02 -2.545443271748125369e+01 -4.340924432790932208e+00 -1.352171757098660407e+02 -4.197147409065834012e+01 2.873357218015089032e-01 -1.015182105542979230e+02 -1.501164526448163272e+01 -9.879267141634120719e+01 -1.357092822653454789e+02 -1.751920741777654911e+01 -2.777352003453238893e+01 -1.506035891253450529e+02 -1.693450545831188947e+01 -9.789307011359846911e+01 2.924349101726843259e+00 -8.968264304508267060e+01 8.712210319664421831e+02 -7.371546415581144629e+01
-6.358928938335850489e+01 -8.336214919836737636e+01 -8.756562092676396958e+00 -2.743803133536202310e+00 -8.574260312868680955e+01 -2.666715180498415805e+01 9.268942072883078254e+00 -6.393514605601126277e+01 -3.770069856864338931e+00 -6.478799307444353417e+01 -8.746918019948448375e+01 -9.277034924648528857e+00 -1.730419903579393193e+01 -9.837954588232584285e+01 -9.891472716137446497e+00 -6.295325875953597716e+01 4.698045559189665710e+00 -5.395594649814833588e+01 -7.371546415581146050e+01 8.205912556240064077e+02
