9.450000000000000000e+02
-9.160000000000000000e+02
-8.260000000000000000e+02
7.670000000000000000e+02
6.870000000000000000e+02
6.770000000000000000e+02
6.570000000000000000e+02
-6.360000000000000000e+02
-5.960000000000000000e+02
5.510000000000000000e+02
4.710000000000000000e+02
4.150000000000000000e+02
-4.080000000000000000e+02
3.850000000000000000e+02
2.490000000000000000e+02
2.370000000000000000e+02
2.310000000000000000e+02
-1.900000000000000000e+02
7.700000000000000000e+01
-3.200000000000000000e+01
