9.470000000000000000e+02
8.790000000000000000e+02
7.970000000000000000e+02
-7.740000000000000000e+02
-7.420000000000000000e+02
7.350000000000000000e+02
7.230000000000000000e+02
4.970000000000000000e+02
-4.580000000000000000e+02
3.670000000000000000e+02
3.510000000000000000e+02
-3.280000000000000000e+02
-3.020000000000000000e+02
-2.740000000000000000e+02
-1.920000000000000000e+02
1.310000000000000000e+02
9.300000000000000000e+01
8.500000000000000000e+01
2.100000000000000000e+01
-1.400000000000000000e+01
