-9.720000000000000000e+02
-9.700000000000000000e+02
-9.620000000000000000e+02
-8.740000000000000000e+02
8.370000000000000000e+02
-8.240000000000000000e+02
8.190000000000000000e+02
7.970000000000000000e+02
-7.900000000000000000e+02
-7.640000000000000000e+02
7.370000000000000000e+02
-6.940000000000000000e+02
5.790000000000000000e+02
-3.500000000000000000e+02
-2.980000000000000000e+02
-2.800000000000000000e+02
-2.560000000000000000e+02
2.410000000000000000e+02
-1.000000000000000000e+02
7.900000000000000000e+01
