-5.421081942787385088e+01 2.558438171487650337e+01 -1.142590103272982383e+00 -1.579351940721928926e+01 5.270509142901565980e+01 4.590113822986317160e+01 6.515613026441971378e+00 -6.393935663819845239e+00 -9.979870521268276562e+00 -6.183543818940812287e+00 3.010724276121434073e+01 1.199829753828776013e+01 9.448499725087302181e+00 2.227930067647985268e+01 5.722651332012582692e+00 -2.195389067595643784e+00 4.596149233594363892e+01 -1.701023899230487757e+01 4.463846749170191863e+00 2.688489757185696760e+01
2.558438171487650337e+01 -8.395943489722935738e+02 2.466368247021805615e+01 2.515880709147583261e+01 1.137783148234115629e+02 1.104518348520615660e+02 5.067772608524821720e+01 1.628401752619068077e+01 4.383525497704882667e+01 3.865539171698753051e+01 7.515670124925810569e+01 2.388582698628003698e+01 3.235868906132198930e+01 7.877974669109829620e+01 1.906750717204515766e+01 6.128734062289877471e+01 9.372661261182530268e+01 4.839106093610703141e+01 1.520945634738861685e+01 8.050223368101254096e+01
-1.142590103272981494e+00 2.466368247021805615e+01 4.816370169815157283e+02 -6.689378304631983951e+01 4.557942232216802125e+01 2.948756508960849487e+01 -2.725890096108056682e+01 -3.256085108769959646e+01 -6.737005498804893477e+01 -5.207013670339810574e+01 1.690684488948071262e+01 1.218718619990255370e+01 -2.575615736371397624e+00 -8.300327249486240788e+00 -1.082801141912928644e+00 -6.121945914588209803e+01 4.468339277765005590e+01 -9.117859932464074291e+01 -1.146678323684663159e+00 3.067713594609870142e+00
-1.579351940721930347e+01 2.515880709147582195e+01 -6.689378304631983951e+01 6.734014323666262953e+02 3.765320768464006562e+01 5.120213561669894275e+00 -8.451600002956594437e+01 -7.784687867344746337e+01 -1.663657277990865850e+02 -1.310772658585915167e+02 -3.241200738074217824e+00 1.348127808089741109e+01 -2.238292027243344862e+01 -5.881571207125966083e+01 -1.226306911288524226e+01 -1.623805896269867333e+02 4.621600027804295507e+01 -2.194487347665632910e+02 -1.038442616141675146e+01 -3.550520464301105505e+01
5.270509142901565980e+01 1.137783148234115629e+02 4.557942232216802125e+01 3.765320768464007983e+01 -4.786923489046411078e+02 2.349547080128232892e+02 9.901141250866474763e+01 2.668491453298096516e+01 7.620473160402447377e+01 6.878162745343621509e+01 1.591937901628246834e+02 5.206254713303334114e+01 6.641685028901873977e+01 1.612595183156490748e+02 3.923016672513995218e+01 1.136504853023614316e+02 2.036140315415722171e+02 8.050241112467759308e+01 3.123148911623232138e+01 1.672746129954923049e+02
4.590113822986316450e+01 1.104518348520615660e+02 2.948756508960849843e+01 5.120213561669904934e+00 2.349547080128232892e+02 -2.468947187067187201e+02 7.571288138550710300e+01 9.846353306191776511e+00 3.884548214166828473e+01 3.872062122482384439e+01 1.471682906722932103e+02 5.091799858694812286e+01 5.736713898506677367e+01 1.384297530943343304e+02 3.406845901491427497e+01 7.437291286656693501e+01 1.978897485359630082e+02 3.265674811281451895e+01 2.700300017330427949e+01 1.484836868335349038e+02
6.515613026441971378e+00 5.067772608524821720e+01 -2.725890096108055261e+01 -8.451600002956591595e+01 9.901141250866477606e+01 7.571288138550710300e+01 2.773512325705884791e+02 -3.986092427361372614e+01 -7.926498782256534525e+01 -5.975276166275543233e+01 4.715305463613313464e+01 2.440576318572604819e+01 6.678007342949877412e+00 1.345206903721277314e+01 4.536258467851489229e+00 -6.524014222533256202e+01 9.142813315220513459e+01 -1.107373215622522906e+02 3.227223497905852945e+00 2.971269562622401850e+01
-6.393935663819843462e+00 1.628401752619068787e+01 -3.256085108769959646e+01 -7.784687867344746337e+01 2.668491453298096516e+01 9.846353306191774735e+00 -3.986092427361373325e+01 6.982947592357479607e+02 -8.212510725941625367e+01 -6.443565234248850970e+01 3.264067780491682669e+00 8.451090808118800979e+00 -9.316933561841672429e+00 -2.489125252467750826e+01 -5.016874563274393850e+00 -7.894667558744691860e+01 2.974692449320522414e+01 -1.089464803284585059e+02 -4.309652295184947413e+00 -1.286937481839014907e+01
-9.979870521268276562e+00 4.383525497704883378e+01 -6.737005498804893477e+01 -1.663657277990865566e+02 7.620473160402445956e+01 3.884548214166828473e+01 -7.926498782256537368e+01 -8.212510725941625367e+01 4.742007205564724472e+02 -1.349111927861382583e+02 1.891561128877052411e+01 2.223081087277873635e+01 -1.531325252040019969e+01 -4.211278577776916165e+01 -7.988236842307432362e+00 -1.631115504325433392e+02 7.976207492229416118e+01 -2.307632358386781277e+02 -7.045468676694866872e+00 -1.554239757380456055e+01
-6.183543818940812287e+00 3.865539171698753051e+01 -5.207013670339811284e+01 -1.310772658585915167e+02 6.878162745343621509e+01 3.872062122482386570e+01 -5.975276166275543233e+01 -6.443565234248850970e+01 -1.349111927861382583e+02 4.959786621774187552e+02 2.034575100493859523e+01 1.941612119882199394e+01 -9.969337155911663473e+00 -2.812875337859568603e+01 -5.047963031220612962e+00 -1.259587257075553879e+02 7.022315096697620618e+01 -1.808738702621620860e+02 -4.564357007772160912e+00 -6.793850856998915333e+00
3.010724276121434073e+01 7.515670124925810569e+01 1.690684488948070907e+01 -3.241200738074224930e+00 1.591937901628246834e+02 1.471682906722931818e+02 4.715305463613312753e+01 3.264067780491693327e+00 1.891561128877050990e+01 2.034575100493859523e+01 -2.994368216333139685e+02 3.472782383039974263e+01 3.751452678546331754e+01 9.031829593565041137e+01 2.232280683785938180e+01 4.291396610992082117e+01 1.347025601860121924e+02 1.248770661300738993e+01 1.766476793754812391e+01 9.806125170808883240e+01
1.199829753828776013e+01 2.388582698628003698e+01 1.218718619990255547e+01 1.348127808089741464e+01 5.206254713303333403e+01 5.091799858694811576e+01 2.440576318572604819e+01 8.451090808118802755e+00 2.223081087277873635e+01 1.941612119882199394e+01 3.472782383039974263e+01 -9.891373405976280537e+02 1.520416244090547586e+01 3.706764364560015679e+01 8.947997423071454293e+00 3.023802237807997528e+01 4.270473990681084331e+01 2.497122103225649070e+01 7.144730799034050506e+00 3.758264753959178250e+01
9.448499725087302181e+00 3.235868906132198219e+01 -2.575615736371405617e+00 -2.238292027243344506e+01 6.641685028901873977e+01 5.736713898506677367e+01 6.678007342949872083e+00 -9.316933561841670652e+00 -1.531325252040019969e+01 -9.969337155911663473e+00 3.751452678546332464e+01 1.520416244090547764e+01 -1.659412997375878973e+01 2.679095203184901308e+01 6.930401343503085343e+00 -5.530652413421718094e+00 5.814882626014058786e+01 -2.499872571853087422e+01 5.391854730358929260e+00 3.293885742110585113e+01
2.227930067647985268e+01 7.877974669109829620e+01 -8.300327249486254999e+00 -5.881571207125962530e+01 1.612595183156490748e+02 1.384297530943343304e+02 1.345206903721276248e+01 -2.489125252467750471e+01 -4.211278577776916165e+01 -2.812875337859568603e+01 9.031829593565041137e+01 3.706764364560015679e+01 2.679095203184901308e+01 5.873335245615916023e+01 1.632046649870155974e+01 -1.840954306036858057e+01 1.415992921261659205e+02 -6.711770294744837884e+01 1.267093626629555203e+01 7.828053911843120716e+01
5.722651332012582692e+00 1.906750717204516476e+01 -1.082801141912929532e+00 -1.226306911288523871e+01 3.923016672513995218e+01 3.406845901491427497e+01 4.536258467851487453e+00 -5.016874563274392962e+00 -7.988236842307435914e+00 -5.047963031220612962e+00 2.232280683785938180e+01 8.947997423071452516e+00 6.930401343503085343e+00 1.632046649870155974e+01 -4.579793139907880573e+01 -2.199528304413401969e+00 3.425772659291703803e+01 -1.339015954409034492e+01 3.274865603144468729e+00 1.981895911488425810e+01
-2.195389067595642008e+00 6.128734062289877471e+01 -6.121945914588209092e+01 -1.623805896269867333e+02 1.136504853023614601e+02 7.437291286656694922e+01 -6.524014222533256202e+01 -7.894667558744691860e+01 -1.631115504325433392e+02 -1.259587257075553879e+02 4.291396610992084248e+01 3.023802237807998239e+01 -5.530652413421718983e+00 -1.840954306036858057e+01 -2.199528304413400193e+00 3.492729523670807339e+02 1.110067944524302419e+02 -2.210064455404891532e+02 -2.443815653536445254e+00 9.323548868543833024e+00
4.596149233594365313e+01 9.372661261182530268e+01 4.468339277765005590e+01 4.621600027804296928e+01 2.036140315415722171e+02 1.978897485359630082e+02 9.142813315220512038e+01 2.974692449320521703e+01 7.976207492229418961e+01 7.022315096697619197e+01 1.347025601860121924e+02 4.270473990681085041e+01 5.814882626014060207e+01 1.415992921261659205e+02 3.425772659291703803e+01 1.110067944524302419e+02 -7.403804278896520827e+02 8.831216450015854491e+01 2.733052567653111709e+01 1.445163553464392123e+02
-1.701023899230487757e+01 4.839106093610703141e+01 -9.117859932464072870e+01 -2.194487347665632342e+02 8.050241112467753624e+01 3.265674811281451895e+01 -1.107373215622523048e+02 -1.089464803284584917e+02 -2.307632358386781561e+02 -1.808738702621620860e+02 1.248770661300740414e+01 2.497122103225649070e+01 -2.499872571853087067e+01 -6.711770294744836463e+01 -1.339015954409034137e+01 -2.210064455404891532e+02 8.831216450015854491e+01 4.104505364441041593e+02 -1.155302407161936173e+01 -3.298646374559899641e+01
4.463846749170191863e+00 1.520945634738861685e+01 -1.146678323684662715e+00 -1.038442616141675146e+01 3.123148911623232493e+01 2.700300017330427949e+01 3.227223497905851612e+00 -4.309652295184944748e+00 -7.045468676694866872e+00 -4.564357007772157360e+00 1.766476793754812746e+01 7.144730799034050506e+00 5.391854730358929260e+00 1.267093626629555025e+01 3.274865603144467840e+00 -2.443815653536446142e+00 2.733052567653111709e+01 -1.155302407161936529e+01 -2.945132212441202313e+01 1.554236138886847485e+01
2.688489757185696405e+01 8.050223368101255517e+01 3.067713594609863037e+00 -3.550520464301102663e+01 1.672746129954923049e+02 1.484836868335349038e+02 2.971269562622401139e+01 -1.286937481839014907e+01 -1.554239757380453923e+01 -6.793850856998908228e+00 9.806125170808883240e+01 3.758264753959178250e+01 3.293885742110585113e+01 7.828053911843119295e+01 1.981895911488425810e+01 9.323548868543815260e+00 1.445163553464392123e+02 -3.298646374559898220e+01 1.554236138886847485e+01 -5.913045552634313395e+01
