2.649033936683301249e+02 -8.567074750378557724e+01 1.568860719555464733e+01 1.979373298166529693e+01 -9.700603719696981386e+01 -1.936987856003289465e+01 -3.752074365516066656e+00 -2.258233260692632527e+01 6.801698481339482072e-01 -2.223402941550337530e+01 2.675695992342383533e+01 -9.675670959291313267e+00 -2.108610965920206937e+01 -3.490710798553113392e+01 3.514588484122719336e+01 4.558017322520638182e+00 -1.329682598050115701e+02 -2.578923910550158638e+01 4.553946159665574100e+01 -6.544296558111642526e+01
-8.567074750378556303e+01 5.310209822654314848e+02 -1.964858546690744845e+01 -3.016429117154342521e+01 -2.600076530085864306e+02 -5.575313960563449456e+01 -1.254735045916440583e+01 -5.901898728949039707e+01 -6.717209304455026597e+01 -5.435128279122718453e+01 1.153388471380049296e+01 -5.554326778961167577e+01 -7.448010031288423249e+01 -9.491828919344615656e+01 -4.467752915681607817e+00 -7.808767588108015900e+01 -3.271931907400917225e+02 -8.340532116395354478e+01 1.249185663128821133e+01 -1.714126880297013997e+02
1.568860719555464733e+01 -1.964858546690743424e+01 -5.723367735361088080e+02 1.370586045696462349e+02 -4.375990528124594547e+00 5.402201452957424266e+00 3.905954885037422386e+00 -3.487793472919131332e+00 1.129243444871422781e+02 -9.582083314483554659e+00 9.968246445924859245e+01 4.801192835075512733e+01 2.843999377530059292e+01 6.439439870165228896e-01 1.630348967625616012e+02 1.479669978067775276e+02 -5.378489409984112513e+01 2.220528412812842589e+01 1.813365558684536154e+02 -9.490134878811481656e+00
1.979373298166530404e+01 -3.016429117154338968e+01 1.370586045696462634e+02 -4.672830012667927235e+02 -1.018320911789957961e+01 6.384631903546690523e+00 5.072211898987415424e+00 -5.682376993222378658e+00 1.514957512325028119e+02 -1.384116394568705743e+01 1.348939974597384150e+02 6.396817409322728309e+01 3.720892166103375587e+01 -6.885358743688891892e-01 2.202417018204675401e+02 1.986709287128711310e+02 -7.805458488227912994e+01 2.863716109303852519e+01 2.452519147598926565e+02 -1.563925972169516854e+01
-9.700603719696981386e+01 -2.600076530085864306e+02 -4.375990528124608758e+00 -1.018320911789960270e+01 2.931149124737538045e+02 -6.400616429925199213e+01 -1.391442456318406684e+01 -6.943332137068787802e+01 -5.772119213817242667e+01 -6.510292216233490592e+01 3.161201865698683378e+01 -5.599590139493508190e+01 -8.163730546602430138e+01 -1.105276653489338514e+02 2.450509011125805614e+01 -6.405882639059440464e+01 -3.912071685580610279e+02 -9.317759531133019379e+01 4.761016332543800900e+01 -2.015431330879711140e+02
-1.936987856003289465e+01 -5.575313960563449456e+01 5.402201452957429595e+00 6.384631903546686971e+00 -6.400616429925199213e+01 3.939117548851540391e+02 -2.675469288061298023e+00 -1.477914248331195246e+01 -5.085884549242328134e+00 -1.424978027064637764e+01 1.282686727141542704e+01 -8.759374050911917564e+00 -1.535387792230615922e+01 -2.314104781862834415e+01 1.527468268449315580e+01 -4.236626153894530233e+00 -8.539185997232455350e+01 -1.816182071120005403e+01 2.125827154453607903e+01 -4.285980778803140367e+01
-3.752074365516066656e+00 -1.254735045916440583e+01 3.905954885037420610e+00 5.072211898987415424e+00 -1.391442456318406684e+01 -2.675469288061298023e+00 1.565286378304142545e+02 -3.279672952258638752e+00 1.948940947466931473e+00 -3.329912599215639091e+00 5.452914258015579385e+00 -5.933457232767888057e-01 -2.542569779170365862e+00 -4.970648025221923838e+00 7.688941402855105522e+00 3.076981137668213684e+00 -1.985646855475373229e+01 -3.315946435196588382e+00 9.472228667213656195e+00 -9.494275279421064084e+00
-2.258233260692632172e+01 -5.901898728949039707e+01 -3.487793472919138438e+00 -5.682376993222382211e+00 -6.943332137068786380e+01 -1.477914248331195246e+01 -3.279672952258638752e+00 6.671963444618648964e+02 -1.597059936275923242e+01 -1.466364768491250814e+01 4.796061565649246461e+00 -1.398820923246226577e+01 -1.937725206678240042e+01 -2.530863910316231724e+01 1.620303047487410719e+00 -1.827793527566891640e+01 -8.820749473647985894e+01 -2.186562094855742089e+01 6.460005350732103580e+00 -4.588855225578954133e+01
6.801698481339464308e-01 -6.717209304455026597e+01 1.129243444871422781e+02 1.514957512325028119e+02 -5.772119213817240535e+01 -5.085884549242323693e+00 1.948940947466930584e+00 -1.597059936275923597e+01 -2.937564828561541503e+02 -2.203274750865554665e+01 1.169655510365172404e+02 4.395502659660377276e+01 1.761114707132838930e+01 -1.849416515856675858e+01 1.865740369621289858e+02 1.543282807422858411e+02 -1.281529516559883746e+02 8.632995388324392394e+00 2.110565101592040378e+02 -4.564884936386386727e+01
-2.223402941550337530e+01 -5.435128279122719164e+01 -9.582083314483551106e+00 -1.384116394568705743e+01 -6.510292216233490592e+01 -1.424978027064637764e+01 -3.329912599215639091e+00 -1.466364768491250814e+01 -2.203274750865555376e+01 9.717872624659478333e+02 -1.659818269032431015e+00 -1.614482755114748258e+01 -2.000629696301162497e+01 -2.386890641026472437e+01 -8.574694918830628509e+00 -2.637613679939731526e+01 -7.971853605414970900e+01 -2.196293751491979762e+01 -5.151754214427882061e+00 -4.261782813291224414e+01
2.675695992342382823e+01 1.153388471380049651e+01 9.968246445924859245e+01 1.348939974597383866e+02 3.161201865698684799e+01 1.282686727141542704e+01 5.452914258015579385e+00 4.796061565649246461e+00 1.169655510365172262e+02 -1.659818269032431237e+00 -9.064988369939017048e+02 5.344405596117007917e+01 3.738047100820375590e+01 1.367841620665585722e+01 1.561364207118658953e+02 1.518956518139933394e+02 -6.272764608608068393e+00 3.266151477639369460e+01 1.712604068657423682e+02 1.453972484656827646e+01
-9.675670959291316819e+00 -5.554326778961167577e+01 4.801192835075512733e+01 6.396817409322728309e+01 -5.599590139493507479e+01 -8.759374050911922893e+00 -5.933457232767881395e-01 -1.398820923246226933e+01 4.395502659660377276e+01 -1.614482755114748258e+01 5.344405596117007207e+01 -1.728903582065234730e+02 -8.305606754651240209e-01 -1.929372635397606928e+01 8.258634053664994212e+01 5.964792777292226589e+01 -9.519426605461387680e+01 -5.869329555041714386e+00 9.546710591116561773e+01 -4.029920344935379006e+01
-2.108610965920206937e+01 -7.448010031288424670e+01 2.843999377530057870e+01 3.720892166103375587e+01 -8.163730546602430138e+01 -1.535387792230615922e+01 -2.542569779170365418e+00 -1.937725206678240042e+01 1.761114707132839285e+01 -2.000629696301161786e+01 3.738047100820375590e+01 -8.305606754651249091e-01 8.169051151220401152e+01 -2.904190088370977563e+01 5.394483006708105677e+01 2.613711610006825836e+01 -1.191143165836754889e+02 -1.817646513011340659e+01 6.538320200275111915e+01 -5.606155079140580710e+01
-3.490710798553113392e+01 -9.491828919344615656e+01 6.439439870165224455e-01 -6.885358743688962946e-01 -1.105276653489338514e+02 -2.314104781862834415e+01 -4.970648025221923838e+00 -2.530863910316232079e+01 -1.849416515856676568e+01 -2.386890641026472437e+01 1.367841620665585367e+01 -1.929372635397606928e+01 -2.904190088370977918e+01 5.128485227024807500e+02 1.248801374607015013e+01 -2.002714903218068798e+01 -1.433462321855798223e+02 -3.337264456560034631e+01 2.128657264665475068e+01 -7.344910428304318373e+01
3.514588484122717915e+01 -4.467752915681636239e+00 1.630348967625616012e+02 2.202417018204675401e+02 2.450509011125807035e+01 1.527468268449315225e+01 7.688941402855103746e+00 1.620303047487399173e+00 1.865740369621289858e+02 -8.574694918830628509e+00 1.561364207118659237e+02 8.258634053664991370e+01 5.394483006708105677e+01 1.248801374607014658e+01 -5.718127257321539219e+02 2.432717469002512019e+02 -4.545778829177950087e+01 4.517055734454697102e+01 2.850602795217087078e+02 5.716868100682887643e+00
4.558017322520638182e+00 -7.808767588108021585e+01 1.479669978067774991e+02 1.986709287128710741e+02 -6.405882639059440464e+01 -4.236626153894539115e+00 3.076981137668213684e+00 -1.827793527566891640e+01 1.543282807422857843e+02 -2.637613679939731171e+01 1.518956518139933394e+02 5.964792777292227299e+01 2.613711610006825126e+01 -2.002714903218069509e+01 2.432717469002512019e+02 -2.415846785682739437e+02 -1.529421297175479708e+02 1.482235683272922167e+01 2.744421464539870499e+02 -5.212740916539142688e+01
-1.329682598050115416e+02 -3.271931907400917794e+02 -5.378489409984111091e+01 -7.805458488227910152e+01 -3.912071685580610279e+02 -8.539185997232455350e+01 -1.985646855475372874e+01 -8.820749473647985894e+01 -1.281529516559883746e+02 -7.971853605414970900e+01 -6.272764608608072834e+00 -9.519426605461387680e+01 -1.191143165836754889e+02 -1.433462321855798223e+02 -4.545778829177950087e+01 -1.529421297175479708e+02 4.681707248544052504e+02 -1.310982373264760952e+02 -2.421890071859324678e+01 -2.563386856035293704e+02
-2.578923910550158638e+01 -8.340532116395355899e+01 2.220528412812843300e+01 2.863716109303851809e+01 -9.317759531133019379e+01 -1.816182071120005403e+01 -3.315946435196588382e+00 -2.186562094855742089e+01 8.632995388324385289e+00 -2.196293751491979762e+01 3.266151477639368750e+01 -5.869329555041712609e+00 -1.817646513011340303e+01 -3.337264456560034631e+01 4.517055734454697102e+01 1.482235683272921811e+01 -1.310982373264760952e+02 1.778803270241091070e+02 5.641441782502917590e+01 -6.332231612780110197e+01
4.553946159665572679e+01 1.249185663128819712e+01 1.813365558684536154e+02 2.452519147598926565e+02 4.761016332543798057e+01 2.125827154453607903e+01 9.472228667213656195e+00 6.460005350732103580e+00 2.110565101592040094e+02 -5.151754214427882061e+00 1.712604068657423682e+02 9.546710591116563194e+01 6.538320200275111915e+01 2.128657264665475068e+01 2.850602795217087078e+02 2.744421464539870499e+02 -2.421890071859330362e+01 5.641441782502917590e+01 -6.266494089663965497e+02 1.987696510276623485e+01
-6.544296558111641104e+01 -1.714126880297013997e+02 -9.490134878811474550e+00 -1.563925972169514722e+01 -2.015431330879711140e+02 -4.285980778803140367e+01 -9.494275279421064084e+00 -4.588855225578953423e+01 -4.564884936386384595e+01 -4.261782813291223704e+01 1.453972484656826936e+01 -4.029920344935378296e+01 -5.606155079140580710e+01 -7.344910428304316952e+01 5.716868100682916065e+00 -5.212740916539141978e+01 -2.563386856035293704e+02 -6.332231612780110197e+01 1.987696510276624906e+01 5.417588919822093203e+02
