-9.720000000000000000e+02
9.290000000000000000e+02
8.990000000000000000e+02
7.970000000000000000e+02
-7.880000000000000000e+02
-7.480000000000000000e+02
-6.880000000000000000e+02
6.870000000000000000e+02
6.770000000000000000e+02
6.170000000000000000e+02
5.990000000000000000e+02
4.370000000000000000e+02
-3.760000000000000000e+02
-3.660000000000000000e+02
-1.500000000000000000e+02
-1.360000000000000000e+02
1.010000000000000000e+02
-5.200000000000000000e+01
-3.000000000000000000e+01
-4.000000000000000000e+00
