-7.040175141119483442e+02 3.277516148038773025e+01 2.425389509623760986e+01 -3.273313164961020760e+01 1.024918510089971448e+02 1.177217195786678019e+02 1.179159268618842020e+02 1.095295768599847008e+02 2.534783765065875514e+02 4.822727230594425407e+01 1.075662994621716990e+02 5.451220501628093018e+01 2.432982269380464047e+01 2.261674085372616503e+02 3.113613383415670199e+01 5.506925371255306345e+01 1.490814984836741246e+02 2.062927371372305885e+01 6.324236025176305986e+01 2.928142357598194678e+01
3.277516148038773025e+01 -9.391613561545067341e+02 3.675551788516111529e+00 -4.348648408899174811e+00 1.532588097160632579e+01 1.762777022589898834e+01 1.763018994172069043e+01 1.630285217474947856e+01 3.746979968498503411e+01 7.185910850939220218e+00 1.607215377144824231e+01 8.109603408889196174e+00 3.790341094522189369e+00 3.346920206624539418e+01 4.722094745613575562e+00 8.170977865373178162e+00 2.208745994737471108e+01 3.150526115610896127e+00 9.484139421626597510e+00 4.605078692639363425e+00
2.425389509623761342e+01 3.675551788516112417e+00 2.827009754372932093e+02 -9.041838199349049887e+01 -2.344658173537857593e+01 -3.132839659673749821e+01 -2.659953258279796984e+01 -1.153695751420916338e+01 1.974313076309164927e+01 -6.434849587056087117e+00 -2.236195250052319494e+01 -4.983924208344386209e+00 -3.286324086103832798e+01 1.105733855929144660e+01 -1.899759245114466211e+01 -1.180471617687662400e+00 2.670652113652369763e+00 -1.651335285270785747e+01 -1.936992742511247201e+01 -4.732063946116593911e+01
-3.273313164961022181e+01 -4.348648408899176587e+00 -9.041838199349049887e+01 5.388732512614950565e+02 -1.926238162399048406e+02 -2.437797442226487306e+02 -2.196877440859509818e+02 -1.365799031409783026e+02 -7.812134357010417318e+01 -6.708040883023780054e+01 -1.906555266681851606e+02 -6.409146992231501372e+01 -1.855898652345386779e+02 -1.033084476864229515e+02 -1.193601643107367352e+02 -4.499764512633363722e+01 -9.175832288242392565e+01 -9.920035929732274838e+01 -1.439759142072014413e+02 -2.631676328063870187e+02
1.024918510089971448e+02 1.532588097160632579e+01 -2.344658173537857948e+01 -1.926238162399048406e+02 -1.049472068867199681e+01 -3.597522314749882355e+01 -2.626282493404061569e+01 2.526947055041622647e+00 1.007794248494444531e+02 -1.657019190108041329e+00 -2.006804112194357614e+01 2.806943907382899006e+00 -6.137494098151397992e+01 7.651482166416126063e+01 -3.141019704755682440e+01 1.071423405369589155e+01 4.099645301565342947e+01 -2.883683508845389554e+01 -2.451791651244416670e+01 -8.974645526268014351e+01
1.177217195786678019e+02 1.762777022589898834e+01 -3.132839659673749821e+01 -2.437797442226487306e+02 -3.597522314749882355e+01 4.212871449394766543e+00 -4.041001849722216122e+01 -3.196178031600094727e+00 1.136915293948433714e+02 -4.940120994672161814e+00 -3.190178425718575284e+01 3.854632184067874334e-01 -7.971175114807776652e+01 8.434186758246006832e+01 -4.188961612863105444e+01 1.043883124545254226e+01 4.355489132996997625e+01 -3.799141269544313815e+01 -3.497998298610249179e+01 -1.161907836382960966e+02
1.179159268618842020e+02 1.763018994172069043e+01 -2.659953258279796984e+01 -2.196877440859509818e+02 -2.626282493404062279e+01 -4.041001849722214700e+01 -2.034030244155174927e+01 3.428016801685084936e+00 1.161219909386476559e+02 -1.647053256646795916e+00 -2.233220937589816657e+01 3.471761779389556324e+00 -6.982424410806524406e+01 8.833212499611417456e+01 -3.564082995020312694e+01 1.248610063631824119e+01 4.746777815816486168e+01 -3.276068075036168636e+01 -2.762534887439727171e+01 -1.021330859523878587e+02
1.095295768599847008e+02 1.630285217474947856e+01 -1.153695751420915983e+01 -1.365799031409783026e+02 2.526947055041618206e+00 -3.196178031600080516e+00 3.428016801685083159e+00 -1.585510904779401358e+02 1.140426000027948135e+02 7.565198236972426216e+00 5.766008060389177459e+00 1.172608538140976364e+01 -3.725509644934560072e+01 9.265994493261155185e+01 -1.569971949282419565e+01 1.719101196049806290e+01 5.467414773079902801e+01 -1.584694682128522913e+01 -5.239018914769025592e+00 -5.561108735686305238e+01
2.534783765065875514e+02 3.746979968498503411e+01 1.974313076309165638e+01 -7.812134357010415897e+01 1.007794248494444389e+02 1.136915293948433714e+02 1.161219909386476843e+02 1.140426000027948277e+02 -4.662878228966616234e+02 4.957869431826549089e+01 1.068226114205801736e+02 5.711391854124390477e+01 1.111611248084989434e+01 2.518510812583600682e+02 2.504461501184033168e+01 5.950592518263627539e+01 1.638446429805865705e+02 1.475113415521416371e+01 5.988570037817602554e+01 9.733420920519762376e+00
4.822727230594425407e+01 7.185910850939220218e+00 -6.434849587056087117e+00 -6.708040883023780054e+01 -1.657019190108040885e+00 -4.940120994672158261e+00 -1.647053256646795916e+00 7.565198236972425327e+00 4.957869431826549089e+01 -1.256046308975710133e+02 -1.884332508925470329e-01 4.288556922759944712e+00 -1.924364417891570156e+01 3.970781196008692859e+01 -8.703506058956369529e+00 6.994033188267722245e+00 2.298503813884322966e+01 -8.477956014776212967e+00 -4.407732325080269575e+00 -2.852506146263345244e+01
1.075662994621716990e+02 1.607215377144824231e+01 -2.236195250052319494e+01 -1.906555266681851606e+02 -2.006804112194356904e+01 -3.190178425718575284e+01 -2.233220937589816657e+01 5.766008060389181011e+00 1.068226114205801451e+02 -1.884332508925461447e-01 -3.054194659585892779e+01 4.395294990941392754e+00 -5.970759743813094644e+01 8.211204944419196750e+01 -2.999774071437188638e+01 1.219824476534968483e+01 4.483040326162436173e+01 -2.777818410919158509e+01 -2.225014080255895976e+01 -8.749674478022646440e+01
5.451220501628093018e+01 8.109603408889196174e+00 -4.983924208344387985e+00 -6.409146992231501372e+01 2.806943907382896342e+00 3.854632184067883216e-01 3.471761779389555436e+00 1.172608538140976364e+01 5.711391854124390477e+01 4.288556922759944712e+00 4.395294990941392754e+00 -2.016747707656312798e+02 -1.695313446268890090e+01 4.672688130693472175e+01 -6.811961492571116494e+00 8.877723718207732873e+00 2.781998204403740971e+01 -7.047666420411060173e+00 -1.432210905400589152e+00 -2.541807989575755400e+01
2.432982269380464402e+01 3.790341094522189369e+00 -3.286324086103832798e+01 -1.855898652345386779e+02 -6.137494098151397992e+01 -7.971175114807776652e+01 -6.982424410806524406e+01 -3.725509644934560782e+01 1.111611248084989612e+01 -1.924364417891570156e+01 -5.970759743813094644e+01 -1.695313446268889734e+01 4.372210491482005636e+02 -3.826963752945321318e+00 -4.353206877917382656e+01 -9.048410259819501533e+00 -1.220084155004484394e+01 -3.707127942913808738e+01 -4.814537642428150122e+01 -1.026697230445146829e+02
2.261674085372615650e+02 3.346920206624540128e+01 1.105733855929145371e+01 -1.033084476864229515e+02 7.651482166416126063e+01 8.434186758246005411e+01 8.833212499611417456e+01 9.265994493261153764e+01 2.518510812583600682e+02 3.970781196008692859e+01 8.211204944419195328e+01 4.672688130693472175e+01 -3.826963752945300001e+00 -4.005680155845987542e+02 1.367848649630244395e+01 5.030939020866557598e+01 1.409216132251106046e+02 5.899595690102950485e+00 4.326412047869902011e+01 -1.086444770512868985e+01
3.113613383415670910e+01 4.722094745613576450e+00 -1.899759245114466211e+01 -1.193601643107367352e+02 -3.141019704755682440e+01 -4.188961612863105444e+01 -3.564082995020312694e+01 -1.569971949282419388e+01 2.504461501184032457e+01 -8.703506058956367752e+00 -2.999774071437188638e+01 -6.811961492571116494e+00 -4.353206877917381945e+01 1.367848649630244395e+01 2.817644145265556972e+02 -1.787683370515085191e+00 2.913362289218403678e+00 -2.190903233080873136e+01 -2.586034661924119860e+01 -6.265919276941950500e+01
5.506925371255306345e+01 8.170977865373178162e+00 -1.180471617687664176e+00 -4.499764512633364433e+01 1.071423405369589332e+01 1.043883124545254226e+01 1.248610063631824474e+01 1.719101196049806290e+01 5.950592518263627539e+01 6.994033188267722245e+00 1.219824476534968127e+01 8.877723718207732873e+00 -9.048410259819501533e+00 5.030939020866557598e+01 -1.787683370515087189e+00 -3.673948021133494990e+02 3.120115521709155715e+01 -2.851802281630487101e+00 4.529456439106997578e+00 -1.418906218231537686e+01
1.490814984836740962e+02 2.208745994737471108e+01 2.670652113652366211e+00 -9.175832288242391144e+01 4.099645301565342947e+01 4.355489132996997625e+01 4.746777815816486168e+01 5.467414773079901380e+01 1.638446429805865421e+02 2.298503813884322611e+01 4.483040326162436173e+01 2.781998204403740260e+01 -1.220084155004484572e+01 1.409216132251105478e+02 2.913362289218403234e+00 3.120115521709155715e+01 -4.128198857935258843e+02 -1.224564915998600068e+00 2.135793348197988806e+01 -2.092618805045087527e+01
2.062927371372305885e+01 3.150526115610897016e+00 -1.651335285270785747e+01 -9.920035929732274838e+01 -2.883683508845389554e+01 -3.799141269544313104e+01 -3.276068075036168636e+01 -1.584694682128523269e+01 1.475113415521416016e+01 -8.477956014776212967e+00 -2.777818410919158865e+01 -7.047666420411061061e+00 -3.707127942913808738e+01 5.899595690102950485e+00 -2.190903233080873136e+01 -2.851802281630487990e+00 -1.224564915998596515e+00 3.641364347511844244e+02 -2.322188916850273799e+01 -5.321856870003594508e+01
6.324236025176305986e+01 9.484139421626597510e+00 -1.936992742511247556e+01 -1.439759142072014413e+02 -2.451791651244416670e+01 -3.497998298610249890e+01 -2.762534887439727171e+01 -5.239018914769027369e+00 5.988570037817602554e+01 -4.407732325080270464e+00 -2.225014080255896687e+01 -1.432210905400589152e+00 -4.814537642428150122e+01 4.326412047869902011e+01 -2.586034661924119860e+01 4.529456439106997578e+00 2.135793348197989516e+01 -2.322188916850273799e+01 7.627020354171777683e+01 -6.999003735351872990e+01
2.928142357598192547e+01 4.605078692639366977e+00 -4.732063946116594622e+01 -2.631676328063870187e+02 -8.974645526268012929e+01 -1.161907836382960681e+02 -1.021330859523878445e+02 -5.561108735686305238e+01 9.733420920519748165e+00 -2.852506146263345244e+01 -8.749674478022647861e+01 -2.541807989575755400e+01 -1.026697230445146829e+02 -1.086444770512868985e+01 -6.265919276941949789e+01 -1.418906218231537686e+01 -2.092618805045086816e+01 -5.321856870003594508e+01 -6.999003735351872990e+01 3.982776584059749894e+02
