9.185997327813458924e+02 -1.109363309694248869e+02 8.652795381616257941e+00 -1.171753381109895464e+01 -1.672944462212822447e+00 -2.061955013873130227e+01 -7.271255425485408352e+01 -4.195995284056371233e+00 -6.237268968201180286e+01 -4.555851522845935619e+01 -1.964558687625425648e+01 -3.633855327482161357e+01 -7.120384123074843252e+00 -3.692646952045559772e+01 -1.541646327117850319e+02 -4.809947548485369140e+01 -3.180728080249274470e+01 -1.779811893643235692e+02 -1.891470135169019517e+00 2.316277402419181897e+00
-1.109363309694249153e+02 2.552572080237266334e+02 1.544104017198012571e+02 -1.529561663330615140e+01 9.606603335893917972e+01 1.006940471033663975e+01 -4.321638161830959035e+01 7.789060349076977730e+01 -3.065461682565662827e+01 -5.578748943428605145e+01 9.140076715083385039e-01 -5.790253643645522175e+01 3.742377558160546869e+01 -1.775550845823214985e+01 -2.402652328267259350e+02 -6.133102495390323838e+01 5.176162037348493783e+00 -2.815160044095268859e+02 6.559626931816783468e+00 7.912544632925521171e+01
8.652795381616266823e+00 1.544104017198012286e+02 -4.604077153060640626e+02 1.185693181794163564e+01 2.765349072695373707e+02 1.243269668141400217e+02 2.182014906027659720e+02 2.374575493186295603e+02 2.051216814162380331e+02 5.640280159459235421e+01 9.417378113963441422e+01 7.489032358178075555e+00 1.378943266874551909e+02 1.225372451536266283e+02 4.683185079300963594e+01 5.274516621315009957e+01 1.628125556538586807e+02 4.250601003708089110e+01 2.717061373488961351e+01 2.105419690863903952e+02
-1.171753381109895287e+01 -1.529561663330615140e+01 1.185693181794163387e+01 5.152667830360284142e+02 7.013765161996466269e+00 -3.165431318383700177e-01 -6.934480915822812008e+00 5.540704469958693146e+00 -5.474182450579855974e+00 -6.466674827924386193e+00 -9.430755547220056600e-01 -6.148687269764598007e+00 2.399536682192731529e+00 -3.211837667820301334e+00 -2.568764275987707180e+01 -7.007087992656676256e+00 -1.253710883901412609e+00 -2.996150210035478878e+01 3.874910352588250007e-01 5.966976558385325369e+00
-1.672944462212815342e+00 9.606603335893916551e+01 2.765349072695373707e+02 7.013765161996466269e+00 -5.355996054150828058e+02 8.514577420102413896e+01 1.452915430958780689e+02 1.666163992022441107e+02 1.372609414623991029e+02 3.451941624021802113e+01 6.403830248056566177e+01 1.146333261368980727e+00 9.622457411395983229e+01 8.203597546416449404e+01 1.546056971892775067e+01 3.165730170314199299e+01 1.109575335000453151e+02 9.714019413847918116e+00 1.890460185152202399e+01 1.484156008381206107e+02
-2.061955013873130227e+01 1.006940471033663798e+01 1.243269668141400217e+02 -3.165431318383716830e-01 8.514577420102412475e+01 -2.204875617791446984e+02 4.286382034528500640e+01 7.217370917791582485e+01 4.233199215531717385e+01 1.962595111804236181e+00 2.249785106059256279e+01 -1.005795965109788348e+01 4.031652049660705472e+01 2.540248800251598027e+01 -3.800238785836599931e+01 -3.675489820006228037e-02 3.963028859498191281e+01 -4.745671513099485850e+01 7.777536365106882066e+00 6.604937108263627010e+01
-7.271255425485408352e+01 -4.321638161830959035e+01 2.182014906027659720e+02 -6.934480915822811120e+00 1.452915430958780689e+02 4.286382034528500640e+01 7.094288515545886753e+01 1.216410665676374236e+02 3.866922137016695871e+01 -2.147841960167455255e+01 2.791606922827039838e+01 -3.709021510030286350e+01 6.534400612559154808e+01 2.347833776642440284e+01 -1.493380196737443839e+02 -2.629739121682339231e+01 5.070101875363035759e+01 -1.785620244613512284e+02 1.232318448975891911e+01 1.146768574574703337e+02
-4.195995284056365904e+00 7.789060349076977730e+01 2.374575493186295603e+02 5.540704469958690481e+00 1.666163992022441107e+02 7.217370917791582485e+01 1.216410665676374236e+02 -5.413081841055691257e+02 1.151728785721531665e+02 2.775847898810344105e+01 5.411493774868058182e+01 -4.842246019148648273e-01 8.221797043771616131e+01 6.884891699823607780e+01 7.032102770554038429e+00 2.520183985396688797e+01 9.385369163430847550e+01 1.143299824970371859e+00 1.613293053671755928e+01 1.273489034504596304e+02
-6.237268968201180286e+01 -3.065461682565662827e+01 2.051216814162380331e+02 -5.474182450579857750e+00 1.372609414623991029e+02 4.233199215531717385e+01 3.866922137016696581e+01 1.151728785721531381e+02 3.818540058470406962e+01 -1.610952416323731384e+01 2.813723514365399581e+01 -3.168372295182718190e+01 6.231364102451447451e+01 2.552706907293816485e+01 -1.268526878844138395e+02 -2.042510352044039479e+01 5.074912915106171596e+01 -1.522564187608343218e+02 1.180177677114608770e+01 1.080063957959070677e+02
-4.555851522845937041e+01 -5.578748943428605145e+01 5.640280159459234000e+01 -6.466674827924386193e+00 3.451941624021800692e+01 1.962595111804233516e+00 -2.147841960167455611e+01 2.775847898810343750e+01 -1.610952416323731740e+01 4.111857065085023919e+02 -1.261251222352965495e+00 -2.383061047593486492e+01 1.292363254162773245e+01 -9.395567950073616004e+00 -9.915818095576425151e+01 -2.601984675278853842e+01 -7.086180100135934801e-01 -1.159677508713135410e+02 2.213144214755093486e+00 2.873132406379911430e+01
-1.964558687625425648e+01 9.140076715083349512e-01 9.417378113963442843e+01 -9.430755547220056600e-01 6.403830248056566177e+01 2.249785106059256279e+01 2.791606922827039483e+01 5.411493774868058182e+01 2.813723514365399225e+01 -1.261251222352965495e+00 -1.482341195781172587e+02 -9.761697990965611638e+00 2.994158724107279568e+01 1.691471698725129968e+01 -3.789719435534397007e+01 -2.920128086258586997e+00 2.794012420018286491e+01 -4.645118118313518352e+01 5.744946842375600937e+00 4.989318780616730464e+01
-3.633855327482161357e+01 -5.790253643645523596e+01 7.489032358178075555e+00 -6.148687269764598007e+00 1.146333261368981393e+00 -1.005795965109788348e+01 -3.709021510030285640e+01 -4.842246019148650493e-01 -3.168372295182718190e+01 -2.383061047593486492e+01 -9.761697990965611638e+00 9.117159597422242996e+02 -2.773847963727506638e+00 -1.874960193609593873e+01 -8.170073350240691923e+01 -2.520983514133721570e+01 -1.572856958578064912e+01 -9.440764563877162630e+01 -8.065207318064258057e-01 2.783342484841416109e+00
-7.120384123074841476e+00 3.742377558160546869e+01 1.378943266874551909e+02 2.399536682192731973e+00 9.622457411395981808e+01 4.031652049660705472e+01 6.534400612559156230e+01 8.221797043771616131e+01 6.231364102451447451e+01 1.292363254162773245e+01 2.994158724107279568e+01 -2.773847963727504418e+00 -5.149493512072136809e+02 3.727496897821594501e+01 -6.514066126121965894e+00 1.127097387030060638e+01 5.208432016062113235e+01 -1.155353203015009100e+01 9.198424217700521766e+00 7.379346235961635614e+01
-3.692646952045559772e+01 -1.775550845823214630e+01 1.225372451536266283e+02 -3.211837667820301334e+00 8.203597546416447983e+01 2.540248800251598027e+01 2.347833776642439929e+01 6.884891699823609201e+01 2.552706907293816485e+01 -9.395567950073616004e+00 1.691471698725130324e+01 -1.874960193609593873e+01 3.727496897821594501e+01 7.442694786188720713e+00 -7.502402945005371748e+01 -1.196165584937219251e+01 3.048944435576876089e+01 -9.008432810456868367e+01 7.062382842943685013e+00 6.453311478845037641e+01
-1.541646327117850035e+02 -2.402652328267259350e+02 4.683185079300963594e+01 -2.568764275987707180e+01 1.546056971892776488e+01 -3.800238785836599931e+01 -1.493380196737443839e+02 7.032102770554038429e+00 -1.268526878844138395e+02 -9.915818095576425151e+01 -3.789719435534397007e+01 -8.170073350240691923e+01 -6.514066126121958789e+00 -7.502402945005371748e+01 5.214365370676075599e+02 -1.051620797049101697e+02 -6.063800077194746052e+01 -3.997533973103380731e+02 -2.388780259548072049e+00 1.989395710990112320e+01
-4.809947548485370561e+01 -6.133102495390322417e+01 5.274516621315009957e+01 -7.007087992656677145e+00 3.165730170314199299e+01 -3.675489820006094810e-02 -2.629739121682340297e+01 2.520183985396688797e+01 -2.042510352044040189e+01 -2.601984675278853842e+01 -2.920128086258588773e+00 -2.520983514133721926e+01 1.127097387030060638e+01 -1.196165584937219073e+01 -1.051620797049101697e+02 4.567205270952713363e+02 -3.499205569750407641e+00 -1.227820339892392383e+02 1.869985481503963376e+00 2.668099169573502394e+01
-3.180728080249274470e+01 5.176162037348496447e+00 1.628125556538587375e+02 -1.253710883901413053e+00 1.109575335000453151e+02 3.963028859498191281e+01 5.070101875363035759e+01 9.385369163430847550e+01 5.074912915106170885e+01 -7.086180100135934801e-01 2.794012420018286491e+01 -1.572856958578065623e+01 5.208432016062112524e+01 3.048944435576875378e+01 -6.063800077194746763e+01 -3.499205569750402312e+00 -1.405822549961858670e+02 -7.468061279750955350e+01 1.001052691777962167e+01 8.633141121837851983e+01
-1.779811893643235692e+02 -2.815160044095268859e+02 4.250601003708086267e+01 -2.996150210035478878e+01 9.714019413847932327e+00 -4.745671513099487981e+01 -1.785620244613512000e+02 1.143299824970371859e+00 -1.522564187608342934e+02 -1.159677508713135410e+02 -4.645118118313520483e+01 -9.440764563877162630e+01 -1.155353203015010521e+01 -9.008432810456868367e+01 -3.997533973103380731e+02 -1.227820339892392525e+02 -7.468061279750958192e+01 4.469010367068252663e+02 -3.550682397280121361e+00 1.676030128582662826e+01
-1.891470135169019517e+00 6.559626931816787021e+00 2.717061373488961351e+01 3.874910352588253337e-01 1.890460185152202399e+01 7.777536365106882066e+00 1.232318448975891911e+01 1.613293053671755928e+01 1.180177677114608770e+01 2.213144214755093930e+00 5.744946842375601825e+00 -8.065207318064253617e-01 9.198424217700521766e+00 7.062382842943685013e+00 -2.388780259548066720e+00 1.869985481503964264e+00 1.001052691777962522e+01 -3.550682397280121805e+00 -5.022052937850659191e+02 1.452358319091265670e+01
2.316277402419189002e+00 7.912544632925521171e+01 2.105419690863903952e+02 5.966976558385324481e+00 1.484156008381205822e+02 6.604937108263627010e+01 1.146768574574703337e+02 1.273489034504596304e+02 1.080063957959070962e+02 2.873132406379912140e+01 4.989318780616730464e+01 2.783342484841409004e+00 7.379346235961634193e+01 6.453311478845037641e+01 1.989395710990112320e+01 2.668099169573501683e+01 8.633141121837851983e+01 1.676030128582664247e+01 1.452358319091265493e+01 -6.888803853154408898e+02
