-1.000000000000000000e+03
9.850000000000000000e+02
9.490000000000000000e+02
-9.400000000000000000e+02
-8.300000000000000000e+02
7.510000000000000000e+02
6.830000000000000000e+02
6.750000000000000000e+02
-6.740000000000000000e+02
-6.520000000000000000e+02
5.970000000000000000e+02
5.530000000000000000e+02
-4.460000000000000000e+02
-4.100000000000000000e+02
4.070000000000000000e+02
2.930000000000000000e+02
2.010000000000000000e+02
-1.860000000000000000e+02
1.570000000000000000e+02
9.500000000000000000e+01
