-3.443229822726038947e+02 1.200927339517433978e+01 -2.232115477222975031e+01 2.496559749425440344e+01 -7.079562586603738161e-01 -3.661434659448676143e+01 5.715670955877511616e+00 1.522749301085700147e+01 -1.331623220516513406e+01 1.846860446843909287e+01 4.369188400163316999e+01 2.148252369758217029e+01 -3.061822215540658121e+01 1.358750839372857122e+01 -1.973779299226586659e+01 7.316697383001691435e+01 7.001819464690274941e+00 -4.280922684482090546e+01 1.531144784521049651e+01 -1.271381994112905822e+01
1.200927339517433978e+01 -2.759736551805069098e+02 -6.376846538480028670e+01 5.969390728782800437e+01 -2.347291900532944897e+00 -1.021243705575335099e+02 1.368675644098717470e+01 3.674585081242186391e+01 -3.705752032064122403e+01 4.377927414125102246e+01 1.057292455718158379e+02 5.193793434500718575e+01 -8.532414346902720581e+01 2.552057708176610262e+01 -5.946445829112840187e+01 1.802602448727495243e+02 1.610148248315682906e+01 -1.195566786012098959e+02 3.250246054498711601e+01 -3.747344419851237518e+01
-2.232115477222975386e+01 -6.376846538480028670e+01 3.280424907723966612e+02 -1.553555475920763129e+01 -7.418724416407854072e+00 -1.522567105687866444e+02 -3.312739543359214167e+00 -5.438790211754159998e+00 -5.436567543555004534e+01 -1.605566820655868199e+01 -1.206022249390785461e+01 -6.497251258349502123e+00 -1.264111696924640427e+02 -9.212025224744817820e+01 -1.350541182432715743e+02 1.828430105736200417e+01 -1.204415080619574496e+01 -1.798618894267461030e+02 -5.885348892847873259e+01 -7.703011932303391518e+01
2.496559749425440344e+01 5.969390728782800437e+01 -1.553555475920762419e+01 -6.105642080303525745e+02 1.128620024056497861e+00 -3.785394939736965370e+01 1.716896082582864125e+01 4.433272862538562720e+01 -1.418634184415897614e+01 5.770179749106090128e+01 1.257288141118498288e+02 6.205456514819149305e+01 -3.203373642224005380e+01 7.584261347822271659e+01 1.620928375308778868e+00 1.945473929472494774e+02 2.435279997372454730e+01 -4.349166331794313578e+01 6.677375916711571335e+01 -3.098409157740558584e+00
-7.079562586603739271e-01 -2.347291900532944897e+00 -7.418724416407854960e+00 1.128620024056497861e+00 9.856450161169706803e+01 -1.064180633761790595e+01 2.709153027269660119e-01 8.956459348174800050e-01 -3.818535782690329672e+00 6.006439352960920575e-01 2.751864073273394329e+00 1.323909706439044598e+00 -8.852270839693067828e+00 -3.681100283491062886e+00 -8.456522331319662911e+00 6.583889191534999519e+00 -7.812168541098338248e-02 -1.253701633926060843e+01 -1.840179446591406753e+00 -4.935646110626268346e+00
-3.661434659448676854e+01 -1.021243705575335099e+02 -1.522567105687866160e+02 -3.785394939736966791e+01 -1.064180633761790418e+01 4.295954025756715282e+02 -8.302642055182394287e+00 -1.707101319795748040e+01 -7.320022309022466800e+01 -3.480472922949810055e+01 -4.369692772841665374e+01 -2.233086584344489012e+01 -1.704082091920522544e+02 -1.453153539795770541e+02 -1.896964879684669256e+02 -1.581534543530999848e+01 -2.207502323889095308e+01 -2.429069501929824639e+02 -9.674182933922887173e+01 -1.073390720449871054e+02
5.715670955877510728e+00 1.368675644098717115e+01 -3.312739543359212391e+00 1.716896082582864125e+01 2.709153027269660119e-01 -8.302642055182394287e+00 -6.920928318573130582e+02 1.008278239828597833e+01 -3.116807815173813445e+00 1.314091099270927465e+01 2.858846763993042117e+01 1.411115514776348512e+01 -7.030833626576971085e+00 1.741106418165946934e+01 6.322133525503752516e-01 4.416436672496669047e+01 5.556361528836372798e+00 -9.529548694543896303e+00 1.528565423790087507e+01 -5.533953126597923600e-01
1.522749301085700502e+01 3.674585081242186391e+01 -5.438790211754159998e+00 4.433272862538562720e+01 8.956459348174801161e-01 -1.707101319795748040e+01 1.008278239828597833e+01 -7.280655338066329705e+02 -6.484758913931132795e+00 3.404558081638644751e+01 7.344205969028558911e+01 3.626559318471301196e+01 -1.452501769009873556e+01 4.704547484731330087e+01 5.308790040129731658e+00 1.124464600698406400e+02 1.453913227499425354e+01 -1.945407344895821922e+01 4.070052424318049589e+01 6.905081716676999548e-01
-1.331623220516513406e+01 -3.705752032064121693e+01 -5.436567543555003823e+01 -1.418634184415897259e+01 -3.818535782690330116e+00 -7.320022309022466800e+01 -3.116807815173812113e+00 -6.484758913931134572e+00 6.349194529399812836e+02 -1.294510669239025091e+01 -1.670263140324681217e+01 -8.517138531799041345e+00 -6.072321180234037996e+01 -5.265322112989235848e+01 -6.791137344249156627e+01 -7.304479404585406677e+00 -8.107024248778380127e+00 -8.657573109868461358e+01 -3.519077573735047082e+01 -3.839347746281185891e+01
1.846860446843908932e+01 4.377927414125103667e+01 -1.605566820655867843e+01 5.770179749106090128e+01 6.006439352960920575e-01 -3.480472922949810055e+01 1.314091099270927465e+01 3.404558081638644751e+01 -1.294510669239025269e+01 -5.900156549748686530e+02 9.667714852955589322e+01 4.769594665069193695e+01 -2.936433612489493328e+01 5.521694734874999710e+01 -3.684025436788686214e+00 1.509444190206145038e+02 1.837086965762303592e+01 -4.016846583919984681e+01 4.942767093294351355e+01 -5.208709483928048556e+00
4.369188400163316999e+01 1.057292455718158379e+02 -1.206022249390785461e+01 1.257288141118498430e+02 2.751864073273394329e+00 -4.369692772841666795e+01 2.858846763993042117e+01 7.344205969028556069e+01 -1.670263140324681927e+01 9.667714852955589322e+01 -5.701240083527173965e+02 1.026650475646959819e+02 -3.727343796420433364e+01 1.356768029650448568e+02 1.902622936616715066e+01 3.171815485205385698e+02 4.144051891887491479e+01 -4.960757787320923029e+01 1.167569857733365097e+02 4.247268932425669163e+00
2.148252369758216318e+01 5.193793434500719286e+01 -6.497251258349501235e+00 6.205456514819148595e+01 1.323909706439045708e+00 -2.233086584344489012e+01 1.411115514776348689e+01 3.626559318471301196e+01 -8.517138531799041345e+00 4.769594665069193695e+01 1.026650475646959819e+02 -7.192987764961098947e+02 -1.903142558309414056e+01 6.659937683826734656e+01 8.747601303477079426e+00 1.568262311775290243e+02 2.041978801371827501e+01 -2.538540820615810389e+01 5.741118851767224385e+01 1.725600055569465496e+00
-3.061822215540658121e+01 -8.532414346902723423e+01 -1.264111696924640427e+02 -3.203373642224005380e+01 -8.852270839693066051e+00 -1.704082091920522544e+02 -7.030833626576970197e+00 -1.452501769009873556e+01 -6.072321180234039417e+01 -2.936433612489492972e+01 -3.727343796420434785e+01 -1.903142558309413346e+01 5.036303753390087650e+02 -1.213404218614856944e+02 -1.576557221301269749e+02 -1.462849338026750168e+01 -1.853093894812946019e+01 -2.015307172363415589e+02 -8.090515244576637599e+01 -8.917825912885199102e+01
1.358750839372856412e+01 2.552057708176609552e+01 -9.212025224744817820e+01 7.584261347822274502e+01 -3.681100283491063774e+00 -1.453153539795770826e+02 1.741106418165946934e+01 4.704547484731330087e+01 -5.265322112989235848e+01 5.521694734874996158e+01 1.356768029650448000e+02 6.659937683826731813e+01 -1.213404218614856944e+02 -2.390145378477942870e+02 -8.865151490932454692e+01 2.346992510620677592e+02 1.977384375167965658e+01 -1.702608161678280965e+02 3.690941957455207501e+01 -5.516353980186416095e+01
-1.973779299226586659e+01 -5.946445829112841608e+01 -1.350541182432715743e+02 1.620928375308778868e+00 -8.456522331319661134e+00 -1.896964879684668972e+02 6.322133525503763618e-01 5.308790040129728105e+00 -6.791137344249156627e+01 -3.684025436788686214e+00 1.902622936616712224e+01 8.747601303477079426e+00 -1.576557221301269749e+02 -8.865151490932453271e+01 7.804708303991260721e+01 7.304126747903146111e+01 -7.771673358662905429e+00 -2.237655828141096208e+02 -5.179131253561469350e+01 -9.172533414323896750e+01
7.316697383001691435e+01 1.802602448727495243e+02 1.828430105736200417e+01 1.945473929472494490e+02 6.583889191534999519e+00 -1.581534543530997006e+01 4.416436672496667626e+01 1.124464600698406258e+02 -7.304479404585401348e+00 1.509444190206145038e+02 3.171815485205385698e+02 1.568262311775290243e+02 -1.462849338026751589e+01 2.346992510620677876e+02 7.304126747903141847e+01 -5.160912899427684124e+02 6.639810096388470129e+01 -1.565132581910894771e+01 1.952615304929510955e+02 3.170859396799519203e+01
7.001819464690274053e+00 1.610148248315682906e+01 -1.204415080619574496e+01 2.435279997372454730e+01 -7.812168541098316044e-02 -2.207502323889096019e+01 5.556361528836372798e+00 1.453913227499425354e+01 -8.107024248778380127e+00 1.837086965762302881e+01 4.144051891887491479e+01 2.041978801371827146e+01 -1.853093894812946019e+01 1.977384375167966013e+01 -7.771673358662905429e+00 6.639810096388470129e+01 -5.005710069436501612e+02 -2.566622140627094595e+01 1.877945638171221887e+01 -5.782416308664166671e+00
-4.280922684482091256e+01 -1.195566786012098959e+02 -1.798618894267461314e+02 -4.349166331794312867e+01 -1.253701633926060843e+01 -2.429069501929824639e+02 -9.529548694543898080e+00 -1.945407344895821922e+01 -8.657573109868461358e+01 -4.016846583919986102e+01 -4.960757787320923029e+01 -2.538540820615810389e+01 -2.015307172363415305e+02 -1.702608161678280965e+02 -2.237655828141095924e+02 -1.565132581910896192e+01 -2.566622140627094595e+01 3.337632756957283959e+02 -1.130973222502569087e+02 -1.266790028878338035e+02
1.531144784521049118e+01 3.250246054498710890e+01 -5.885348892847873259e+01 6.677375916711569914e+01 -1.840179446591406753e+00 -9.674182933922887173e+01 1.528565423790087863e+01 4.070052424318050299e+01 -3.519077573735047082e+01 4.942767093294351355e+01 1.167569857733365097e+02 5.741118851767225095e+01 -8.090515244576636178e+01 3.690941957455207501e+01 -5.179131253561469350e+01 1.952615304929510955e+02 1.877945638171221177e+01 -1.130973222502569087e+02 -3.127127471400171430e+02 -3.342826197387128673e+01
-1.271381994112905822e+01 -3.747344419851236808e+01 -7.703011932303391518e+01 -3.098409157740565689e+00 -4.935646110626267458e+00 -1.073390720449870770e+02 -5.533953126597932481e-01 6.905081716677017312e-01 -3.839347746281185891e+01 -5.208709483928055661e+00 4.247268932425676269e+00 1.725600055569461944e+00 -8.917825912885199102e+01 -5.516353980186416095e+01 -9.172533414323896750e+01 3.170859396799519203e+01 -5.782416308664168447e+00 -1.266790028878338035e+02 -3.342826197387128673e+01 2.462846508709390889e+02
