2.827879776392018130e+02 3.149939039993934387e+01 2.228946402952640682e+00 3.105606634793874055e-03 -3.740181636736247128e+01 7.882061110710385066e+00 -7.890059196433238387e-02 -1.097176844679774206e+02 -5.716856073397698879e+01 -3.553540373748965919e+01 -8.072180260203865032e+00 -3.495008991944551724e+00 -2.183995258017478847e+00 -1.190804097618937050e+02 -1.847997522299728601e+01 -5.948476000730734370e+01 -1.417100447554562379e+02 -2.259485023848719436e+02 3.286660098294461818e+00 5.945646558206529875e+01
3.149939039993935097e+01 -7.712041951221940508e+02 3.386176167916431012e+01 2.937104745985077980e-01 1.049432738623482919e+02 1.693065712375940564e+02 1.465443383012915088e-03 1.954055970328285952e+01 -4.200393915815431534e+00 1.404942086324178696e+01 1.225456332583359824e+02 1.422065155272895822e+02 -2.846591892588741790e-01 5.998641744652860552e+01 1.367949505249124229e+02 5.979394202521505974e+01 1.407291706918542573e+01 -3.305273528102605241e+01 4.683952944215789671e+01 2.363008887270650007e+02
2.228946402952639794e+00 3.386176167916431012e+01 -6.461441670671097199e+02 6.726586272504457564e-02 2.195973687273551889e+01 3.910290509245072599e+01 -3.915311951714461891e-03 -1.446033264421599185e+00 -4.039053209952576218e+00 1.295444184218072170e+00 2.756090415158162443e+01 3.229901656136794230e+01 -1.826748610298636333e-01 7.289543586278076859e+00 3.025554996448849110e+01 1.045577822481542185e+01 -4.418438770033287000e+00 -1.972198735714319895e+01 1.087759767414978285e+01 5.718598193119565565e+01
3.105606634793908749e-03 2.937104745985077425e-01 6.726586272504457564e-02 -5.819994267838920905e+02 1.805213048096417361e-01 3.342671405565019738e-01 -4.691370151121836038e-05 -3.119504923796057039e-02 -4.422681069603597026e-02 4.912886241002986654e-03 2.332560219159087178e-01 2.743826999248830112e-01 -1.931135738517593707e-03 4.156560291486358083e-02 2.544061091548843745e-01 7.877923140247733436e-02 -6.200756103097063848e-02 -2.067960504743951433e-01 9.317431815825913399e-02 4.970977671606170434e-01
-3.740181636736245707e+01 1.049432738623482919e+02 2.195973687273551889e+01 1.805213048096417361e-01 -2.051202297341737051e+02 1.077961806474115463e+02 -4.750209976593020716e-02 -5.541144766436550384e+01 -3.761847575294561352e+01 -1.325147930242900074e+01 6.957362226224395840e+01 8.433753716261298905e+01 -1.512654858008030789e+00 -3.655736692656557096e+01 7.185560329904086529e+01 -1.217187200240275047e-01 -7.835888629218896995e+01 -1.586850308618313647e+02 3.050075392322166934e+01 1.801708782141546408e+02
7.882061110710395724e+00 1.693065712375940564e+02 3.910290509245071888e+01 3.342671405565019738e-01 1.077961806474115463e+02 -4.334739841552976714e+02 -2.218043961728773106e-02 -1.098004381473540292e+01 -2.204316957888654827e+01 5.205818973589593668e+00 1.366362355867780991e+02 1.603323536901424688e+02 -9.830541422663878759e-01 3.209210290798623788e+01 1.496624129428716401e+02 4.988331569156454037e+01 -2.685321683183813946e+01 -1.057922204324191853e+02 5.415086256952961463e+01 2.861427464184341147e+02
-7.890059196433238387e-02 1.465443383012908149e-03 -3.915311951714463626e-03 -4.691370151121836715e-05 -4.750209976593021410e-02 -2.218043961728772759e-02 6.929999367752968737e+02 -9.086248139080654873e-02 -4.492543760063820446e-02 -3.072693144391112213e-02 -2.705140144974483435e-02 -2.670423797101625918e-02 -1.695389311162268748e-03 -1.051374695544637361e-01 -3.775515204562773092e-02 -5.753599698099766402e-02 -1.154792260955154748e-01 -1.747931521314713132e-01 -5.253487641150357892e-03 7.719851691986884257e-03
-1.097176844679774206e+02 1.954055970328285241e+01 -1.446033264421597409e+00 -3.119504923796056345e-02 -5.541144766436548963e+01 -1.098004381473539937e+01 -9.086248139080653485e-02 3.845766469051595209e+02 -6.521286633034091551e+01 -4.250764340348037251e+01 -2.378318954325894197e+01 -2.084928401403637821e+01 -2.476609812504740660e+00 -1.439722725595984798e+02 -3.743260153190798434e+01 -7.544973271851117147e+01 -1.645484795855257119e+02 -2.557949279524886492e+02 -1.766384649188944778e+00 4.037032913471605866e+01
-5.716856073397698879e+01 -4.200393915815433310e+00 -4.039053209952573553e+00 -4.422681069603598414e-02 -3.761847575294561352e+01 -2.204316957888654471e+01 -4.492543760063820446e-02 -6.521286633034091551e+01 7.952725270084998783e+02 -2.232997983794418317e+01 -2.375967166376118556e+01 -2.424506694720631117e+01 -1.192631399527978475e+00 -7.684929487399499237e+01 -3.188653823736020598e+01 -4.305912342883156896e+01 -8.247998949196050944e+01 -1.228213658422962595e+02 -5.471796444339536158e+00 -3.316312246639782302e+00
-3.553540373748965919e+01 1.404942086324178163e+01 1.295444184218072614e+00 4.912886241002990123e-03 -1.325147930242900252e+01 5.205818973589591891e+00 -3.072693144391111519e-02 -4.250764340348037251e+01 -2.232997983794418317e+01 3.233299403302498263e+02 -1.600613691369716207e+00 4.308435421964222911e-01 -8.546319142766354293e-01 -4.564615345763229470e+01 -5.476610451483179709e+00 -2.242578284542554456e+01 -5.504312132436186289e+01 -8.846264599180190658e+01 1.871212985953980112e+00 2.614753226624611315e+01
-8.072180260203872137e+00 1.225456332583359824e+02 2.756090415158163864e+01 2.332560219159087178e-01 6.957362226224398682e+01 1.366362355867781559e+02 -2.705140144974483435e-02 -2.378318954325893841e+01 -2.375967166376118911e+01 -1.600613691369719760e+00 -4.000273059577434651e+02 1.111489439776554491e+02 -1.005844961382264424e+00 4.837293792830898553e+00 1.015140598139748107e+02 2.599265558498700202e+01 -3.954312457935800751e+01 -1.069088858912996898e+02 3.819656387849927626e+01 2.080274589814387696e+02
-3.495008991944544618e+00 1.422065155272895822e+02 3.229901656136794941e+01 2.743826999248830112e-01 8.433753716261298905e+01 1.603323536901425257e+02 -2.670423797101624530e-02 -2.084928401403637110e+01 -2.424506694720631117e+01 4.308435421964222911e-01 1.111489439776554775e+02 -4.089296599139550494e+02 -1.041780772149708323e+00 1.345222482055233115e+01 1.207045580917965424e+02 3.447342257948587019e+01 -3.731737488585336848e+01 -1.111312409600775766e+02 4.475022651344762892e+01 2.410129214598942440e+02
-2.183995258017478847e+00 -2.846591892588737904e-01 -1.826748610298636333e-01 -1.931135738517593924e-03 -1.512654858008030789e+00 -9.830541422663882090e-01 -1.695389311162268315e-03 -2.476609812504740660e+00 -1.192631399527978475e+00 -8.546319142766354293e-01 -1.005844961382264202e+00 -1.041780772149708323e+00 9.249552828346238584e+02 -2.951675750685744504e+00 -1.325076718535107778e+00 -1.677323287959497922e+00 -3.122825263305101462e+00 -4.601778691676016386e+00 -2.483402920235756040e-01 -3.369724110119802774e-01
-1.190804097618937050e+02 5.998641744652861973e+01 7.289543586278082188e+00 4.156560291486351144e-02 -3.655736692656557096e+01 3.209210290798623788e+01 -1.051374695544637361e-01 -1.439722725595984798e+02 -7.684929487399499237e+01 -4.564615345763229470e+01 4.837293792830898553e+00 1.345222482055231694e+01 -2.951675750685744504e+00 1.176824230949443120e+02 -7.240619392378334851e+00 -7.178803772908251801e+01 -1.873753826764180133e+02 -3.058290616884926294e+02 1.035490421021027707e+01 1.094739820411167557e+02
-1.847997522299728601e+01 1.367949505249123945e+02 3.025554996448849820e+01 2.544061091548843190e-01 7.185560329904086529e+01 1.496624129428716401e+02 -3.775515204562773092e-02 -3.743260153190796302e+01 -3.188653823736020598e+01 -5.476610451483171715e+00 1.015140598139748107e+02 1.207045580917965424e+02 -1.325076718535107778e+00 -7.240619392378349062e+00 -3.153646927726834974e+02 2.206408340986444827e+01 -5.796039328772198473e+01 -1.401897118911804512e+02 4.195181981704556762e+01 2.328451065739886303e+02
-5.948476000730732949e+01 5.979394202521506685e+01 1.045577822481542007e+01 7.877923140247733436e-02 -1.217187200240239520e-01 4.988331569156452616e+01 -5.753599698099766402e-02 -7.544973271851117147e+01 -4.305912342883156896e+01 -2.242578284542554456e+01 2.599265558498699846e+01 3.447342257948585598e+01 -1.677323287959497922e+00 -7.178803772908250380e+01 2.206408340986443761e+01 2.490854978925832697e+01 -1.003581074601314498e+02 -1.744684000903852450e+02 1.461237868147204999e+01 1.051912405155802901e+02
-1.417100447554562379e+02 1.407291706918542573e+01 -4.418438770033285223e+00 -6.200756103097066624e-02 -7.835888629218896995e+01 -2.685321683183813946e+01 -1.154792260955154887e-01 -1.645484795855257403e+02 -8.247998949196050944e+01 -5.504312132436186289e+01 -3.954312457935800040e+01 -3.731737488585338269e+01 -3.122825263305101906e+00 -1.873753826764180133e+02 -5.796039328772198473e+01 -1.003581074601314498e+02 3.850006785914624174e+02 -3.222603351814394728e+02 -5.814918179111398189e+00 3.323676888431273824e+01
-2.259485023848719152e+02 -3.305273528102606662e+01 -1.972198735714319184e+01 -2.067960504743951988e-01 -1.586850308618313647e+02 -1.057922204324192279e+02 -1.747931521314713132e-01 -2.557949279524886492e+02 -1.228213658422962595e+02 -8.846264599180189236e+01 -1.069088858912996898e+02 -1.111312409600775766e+02 -4.601778691676016386e+00 -3.058290616884926294e+02 -1.401897118911804228e+02 -1.744684000903852734e+02 -3.222603351814394728e+02 4.815366996546329688e+02 -2.683260878280589168e+01 -4.096232184228671258e+01
3.286660098294465371e+00 4.683952944215789671e+01 1.087759767414978285e+01 9.317431815825912012e-02 3.050075392322167644e+01 5.415086256952961463e+01 -5.253487641150357892e-03 -1.766384649188944778e+00 -5.471796444339535270e+00 1.871212985953981001e+00 3.819656387849927626e+01 4.475022651344764313e+01 -2.483402920235754929e-01 1.035490421021027352e+01 4.195181981704556051e+01 1.461237868147204821e+01 -5.814918179111392860e+00 -2.683260878280589168e+01 -6.449387409331984600e+02 7.908941936924173888e+01
5.945646558206529875e+01 2.363008887270650007e+02 5.718598193119564144e+01 4.970977671606170434e-01 1.801708782141546408e+02 2.861427464184341716e+02 7.719851691986884257e-03 4.037032913471607287e+01 -3.316312246639775196e+00 2.614753226624609894e+01 2.080274589814387696e+02 2.410129214598942440e+02 -3.369724110119807214e-01 1.094739820411167841e+02 2.328451065739886303e+02 1.051912405155803043e+02 3.323676888431276666e+01 -4.096232184228668416e+01 7.908941936924173888e+01 -5.718482601830818339e+02
