2.975872013962149367e+02 2.092276400027705847e+02 5.323785380779199983e+01 -1.827731858583063840e+01 -6.272006594784467381e+01 2.100419800268312542e+01 1.351226280033030775e+02 -1.249664512207596800e+01 -1.683408841863715679e+02 -1.772460434085239456e+01 1.355085029279365756e+02 2.668002464181145328e+01 -2.914453189581537629e+01 -8.189415242860171418e+01 -8.163913457706993171e+00 7.043417724903241606e+01 -2.883845587253901854e+01 -2.047092313936261121e+02 -8.946058241667606126e+01 -1.193522947232490736e+02
2.092276400027706416e+02 -5.864125182367026810e+02 1.197048505032580010e+02 4.382710769112586746e+01 8.198806485926250787e+01 4.944817884373234307e+01 2.969620797540445665e+02 1.235908712564936991e+02 5.506885626963933333e+01 9.882514889986389051e+01 2.120066165895447625e+02 5.193928349849743853e+01 1.152906610534462573e+02 1.217274802000925717e+02 4.338040128419401498e+01 2.041468014588520816e+02 7.901629779092803574e+01 7.383758197293573744e+01 5.061348662970667078e+01 1.723240217221446073e+02
5.323785380779199983e+01 1.197048505032580010e+02 -3.817237163480226627e+02 1.095505124287494958e+01 1.707708737757177531e+01 1.734539371763118609e+01 1.052437927759281564e+02 3.556904059124619266e+01 -3.645823898991107370e+00 2.751551457643719090e+01 7.981131526412534072e+01 1.877225690004641834e+01 3.108592145978515120e+01 2.669881198053383642e+01 1.203231207376504130e+01 6.966048578750078946e+01 2.024366293381032023e+01 -2.372613419324174799e+00 4.465073533587875509e+00 3.738687066940062920e+01
-1.827731858583064195e+01 4.382710769112585325e+01 1.095505124287494780e+01 3.928149762436713104e+02 -1.401969912621306236e+01 4.311065515371196533e+00 2.783918946579012399e+01 -3.328844690270518214e+00 -3.680519056004062151e+01 -4.339672594852598486e+00 2.834708212494108182e+01 5.530291876133325957e+00 -6.900022992033954417e+00 -1.837891436528040146e+01 -1.988167967282771231e+00 1.426508830959480889e+01 -6.652496967878581025e+00 -4.479088823915139272e+01 -1.966579123842076626e+01 -2.676000611345142843e+01
-6.272006594784467381e+01 8.198806485926249366e+01 1.707708737757177175e+01 -1.401969912621306236e+01 5.094608831795923720e+02 6.524237822062426417e+00 4.400213655384565925e+01 -1.857829655312070116e+01 -9.564412279420464813e+01 -1.900559110890313619e+01 5.236921015693073400e+01 9.331393252420397744e+00 -2.671659792379425369e+01 -5.564752210504359198e+01 -8.548555167081580919e+00 1.819635146489595456e+01 -2.306816813452997650e+01 -1.169670907521758920e+02 -5.287821531772798522e+01 -8.061248054872783086e+01
2.100419800268312542e+01 4.944817884373234307e+01 1.734539371763118965e+01 4.311065515371195644e+00 6.524237822062426417e+00 -3.828882185827098397e+02 4.319495505343172681e+01 1.426547595952448155e+01 -2.433445470289342882e+00 1.098935735440847949e+01 3.294594055092993301e+01 7.719415016489096004e+00 1.236311383360671456e+01 1.029273643644302183e+01 4.803191835805954213e+00 2.848177547047105307e+01 7.994611053178363846e+00 -2.128485815687614746e+00 1.287523213784789622e+00 1.438635639335090666e+01
1.351226280033030775e+02 2.969620797540446233e+02 1.052437927759281564e+02 2.783918946579012399e+01 4.400213655384567346e+01 4.319495505343173392e+01 -1.800489156684735121e+02 8.956002132818531436e+01 -6.179274067893359756e+00 6.942441871769034378e+01 1.980653645822061151e+02 4.667840938853473887e+01 7.859424862376664578e+01 6.850826605345605458e+01 3.036604458258221229e+01 1.737206396902856795e+02 5.135627376688292145e+01 -2.337985732853102405e+00 1.279751362310372365e+01 9.601615894912737303e+01
-1.249664512207596800e+01 1.235908712564936991e+02 3.556904059124619266e+01 -3.328844690270517326e+00 -1.857829655312070116e+01 1.426547595952448155e+01 8.956002132818531436e+01 2.065166556433445351e+02 -6.712096339780597987e+01 2.662928851776667827e+00 8.084122032649293033e+01 1.698330191260351185e+01 -5.589712852773551788e-01 -2.272293394530071708e+01 1.002891001385934011e+00 5.184610034483356600e+01 -4.220552827046274658e+00 -8.090303312779276723e+01 -3.343683588477826163e+01 -3.364780612016170380e+01
-1.683408841863715395e+02 5.506885626963931202e+01 -3.645823898991098488e+00 -3.680519056004062151e+01 -9.564412279420459129e+01 -2.433445470289344659e+00 -6.179274067893331335e+00 -6.712096339780600829e+01 7.942268025127505098e+02 -6.093244440655190175e+01 3.225429348715886846e+01 1.780591458232164692e+00 -7.903602640488007580e+01 -1.314596794350157154e+02 -2.710713569733040984e+01 -2.533717956632337120e+01 -6.249291178982002037e+01 -2.253389022260797105e+02 -1.066972066622599442e+02 -1.893118824437088961e+02
-1.772460434085239811e+01 9.882514889986389051e+01 2.751551457643719090e+01 -4.339672594852598486e+00 -1.900559110890313619e+01 1.098935735440847949e+01 6.942441871769034378e+01 2.662928851776669603e+00 -6.093244440655190175e+01 2.541785174837446561e+02 6.446296001137528719e+01 1.330522437999473873e+01 -4.189532688744508349e+00 -2.393330708489411762e+01 -5.069543515588734728e-01 3.915599106137410956e+01 -6.254050989765039148e+00 -7.368306257100088885e+01 -3.109726097571570236e+01 -3.518588691246800693e+01
1.355085029279365756e+02 2.120066165895447625e+02 7.981131526412534072e+01 2.834708212494108182e+01 5.236921015693073400e+01 3.294594055092993301e+01 1.980653645822061151e+02 8.084122032649293033e+01 3.225429348715886846e+01 6.446296001137528719e+01 -6.956941400821308434e+02 3.471254353329292996e+01 7.500738449046042433e+01 7.801220402626998407e+01 2.828786132085812710e+01 1.356405671533954944e+02 5.120240886157324667e+01 4.373335915836570109e+01 3.115482719810783507e+01 1.103592049604271494e+02
2.668002464181145328e+01 5.193928349849743142e+01 1.877225690004642189e+01 5.530291876133327733e+00 9.331393252420397744e+00 7.719415016489097781e+00 4.667840938853473887e+01 1.698330191260351185e+01 1.780591458232164692e+00 1.330522437999473873e+01 3.471254353329292996e+01 -5.437275329101465786e+02 1.522103980976491222e+01 1.425339800211685848e+01 5.826842820109087384e+00 3.129077604455151373e+01 1.011686706917692113e+01 3.134243571193116473e+00 3.956608151234651594e+00 2.005635250500694866e+01
-2.914453189581537629e+01 1.152906610534462573e+02 3.108592145978515120e+01 -6.900022992033959746e+00 -2.671659792379425369e+01 1.236311383360671279e+01 7.859424862376664578e+01 -5.589712852773551788e-01 -7.903602640488007580e+01 -4.189532688744515454e+00 7.500738449046043854e+01 1.522103980976491222e+01 2.940142555363678412e+02 -3.423225531296571944e+01 -2.024668157264737367e+00 4.316029711754175935e+01 -1.044886639750496649e+01 -9.580572908426387357e+01 -4.105345333675768416e+01 -5.011569136292622773e+01
-8.189415242860174260e+01 1.217274802000925717e+02 2.669881198053384352e+01 -1.837891436528039790e+01 -5.564752210504359198e+01 1.029273643644302361e+01 6.850826605345605458e+01 -2.272293394530069932e+01 -1.314596794350157438e+02 -2.393330708489410341e+01 7.801220402627002670e+01 1.425339800211686025e+01 -3.423225531296571944e+01 4.407485384859685382e+02 -1.079166329282056935e+01 3.035680177958846926e+01 -3.006891531929951356e+01 -1.606056787465136892e+02 -7.217695095796587168e+01 -1.076626263881174026e+02
-8.163913457706994947e+00 4.338040128419400077e+01 1.203231207376504130e+01 -1.988167967282772786e+00 -8.548555167081580919e+00 4.803191835805954213e+00 3.036604458258221229e+01 1.002891001385934011e+00 -2.710713569733040984e+01 -5.069543515588734728e-01 2.828786132085813065e+01 5.826842820109086496e+00 -2.024668157264737367e+00 -1.079166329282056935e+01 2.607125481255380919e+02 1.707383555684783261e+01 -2.888091170669874863e+00 -3.278998035273236411e+01 -1.386677172262371727e+01 -1.585594254363982358e+01
7.043417724903240185e+01 2.041468014588520816e+02 6.966048578750077525e+01 1.426508830959481067e+01 1.819635146489596167e+01 2.848177547047104952e+01 1.737206396902856795e+02 5.184610034483356600e+01 -2.533717956632339963e+01 3.915599106137411667e+01 1.356405671533954660e+02 3.129077604455151729e+01 4.316029711754175935e+01 3.035680177958846926e+01 1.707383555684782905e+01 -1.532581410904408017e+02 2.694288499101803680e+01 -2.772161167162369466e+01 -3.866794368432344697e+00 4.195744853929009821e+01
-2.883845587253903275e+01 7.901629779092803574e+01 2.024366293381032023e+01 -6.652496967878580136e+00 -2.306816813452998360e+01 7.994611053178360294e+00 5.135627376688290724e+01 -4.220552827046269329e+00 -6.249291178982003458e+01 -6.254050989765038260e+00 5.120240886157324667e+01 1.011686706917691936e+01 -1.044886639750496649e+01 -3.006891531929951356e+01 -2.888091170669874419e+00 2.694288499101803325e+01 3.585380581908808608e+02 -7.596980615782038626e+01 -3.313553334241453285e+01 -4.384014491571339533e+01
-2.047092313936261689e+02 7.383758197293573744e+01 -2.372613419324183681e+00 -4.479088823915139983e+01 -1.169670907521758920e+02 -2.128485815687625404e+00 -2.337985732853102405e+00 -8.090303312779276723e+01 -2.253389022260797105e+02 -7.368306257100090306e+01 4.373335915836570109e+01 3.134243571193109368e+00 -9.580572908426390200e+01 -1.606056787465136892e+02 -3.278998035273236411e+01 -2.772161167162370532e+01 -7.596980615782041468e+01 6.712887024402269844e+02 -1.312152962300029913e+02 -2.313375191009632204e+02
-8.946058241667606126e+01 5.061348662970667078e+01 4.465073533587886168e+00 -1.966579123842077337e+01 -5.287821531772798522e+01 1.287523213784787846e+00 1.279751362310372187e+01 -3.343683588477826163e+01 -1.066972066622599584e+02 -3.109726097571570591e+01 3.115482719810784218e+01 3.956608151234649817e+00 -4.105345333675768416e+01 -7.217695095796588589e+01 -1.386677172262371727e+01 -3.866794368432346474e+00 -3.313553334241453996e+01 -1.312152962300029913e+02 7.497400847364467609e+02 -1.041055262301462392e+02
-1.193522947232490594e+02 1.723240217221446073e+02 3.738687066940064341e+01 -2.676000611345143199e+01 -8.061248054872783086e+01 1.438635639335090488e+01 9.601615894912737303e+01 -3.364780612016168959e+01 -1.893118824437088961e+02 -3.518588691246799982e+01 1.103592049604271210e+02 2.005635250500694156e+01 -5.011569136292622773e+01 -1.076626263881174026e+02 -1.585594254363982003e+01 4.195744853929009821e+01 -4.384014491571338823e+01 -2.313375191009632204e+02 -1.041055262301462392e+02 3.669259589438792091e+02
