9.770000000000000000e+02
9.490000000000000000e+02
-9.020000000000000000e+02
-8.380000000000000000e+02
8.110000000000000000e+02
-5.520000000000000000e+02
5.510000000000000000e+02
5.230000000000000000e+02
5.150000000000000000e+02
-4.420000000000000000e+02
-4.240000000000000000e+02
3.970000000000000000e+02
-3.900000000000000000e+02
3.770000000000000000e+02
3.690000000000000000e+02
3.030000000000000000e+02
-2.660000000000000000e+02
2.610000000000000000e+02
2.550000000000000000e+02
1.990000000000000000e+02
