9.870000000000000000e+02
9.310000000000000000e+02
9.090000000000000000e+02
8.670000000000000000e+02
-8.520000000000000000e+02
-8.020000000000000000e+02
-7.300000000000000000e+02
-6.840000000000000000e+02
-5.620000000000000000e+02
5.170000000000000000e+02
-5.040000000000000000e+02
4.850000000000000000e+02
4.350000000000000000e+02
3.850000000000000000e+02
-2.520000000000000000e+02
-1.900000000000000000e+02
-1.640000000000000000e+02
3.700000000000000000e+01
-8.000000000000000000e+00
-4.000000000000000000e+00
