9.790000000000000000e+02
-9.440000000000000000e+02
-9.260000000000000000e+02
-7.520000000000000000e+02
-6.200000000000000000e+02
5.450000000000000000e+02
5.090000000000000000e+02
-5.020000000000000000e+02
3.830000000000000000e+02
-3.780000000000000000e+02
3.070000000000000000e+02
2.970000000000000000e+02
-2.080000000000000000e+02
-1.800000000000000000e+02
-1.280000000000000000e+02
9.900000000000000000e+01
5.700000000000000000e+01
-1.400000000000000000e+01
1.300000000000000000e+01
9.000000000000000000e+00
