8.630000000000000000e+02
-8.520000000000000000e+02
8.250000000000000000e+02
-8.000000000000000000e+02
-7.780000000000000000e+02
-6.340000000000000000e+02
-5.820000000000000000e+02
5.710000000000000000e+02
5.430000000000000000e+02
4.310000000000000000e+02
3.070000000000000000e+02
2.630000000000000000e+02
2.610000000000000000e+02
-2.540000000000000000e+02
-2.340000000000000000e+02
-2.260000000000000000e+02
-1.860000000000000000e+02
-1.500000000000000000e+02
1.030000000000000000e+02
-9.800000000000000000e+01
