-7.769911643449103167e+02 -6.671029688609671382e+00 -9.888346682720519087e-01 -4.579062425784121704e-01 -2.757212156301362405e-01 3.534314189263160211e-01 1.550660016856858281e+00 5.273240595015314947e-01 1.538428136253265421e+01 8.937479297647167087e+00 3.087310478737162800e+00 8.528076160714970655e+00 9.822820028000469605e+00 -3.117156857848141227e-02 2.145494493772582345e+01 4.143888971073365290e+00 4.515319845193782378e+00 -1.062395544217183074e+00 2.145664245487652000e+00 4.382873752854390403e-01
-6.671029688609671382e+00 5.268586792978728681e+02 -9.960391100942803178e+01 -4.190082360312815979e+01 -1.464907656139843972e+01 -1.678498017466078238e+02 -1.421594785217297385e+02 -1.585398405764203922e+01 -1.475790912225275235e+02 -4.799322959659257748e+01 -1.217852688626979898e+02 -2.118522891489255073e+02 -1.071385310129888069e+02 -2.242105473633007762e+02 -1.335730226436942587e+02 -1.111813225443089976e+02 -1.184862581452805728e+02 -1.894415540062305467e+02 -7.180155643899287554e+01 -2.185576589451892175e+02
-9.888346682720519087e-01 -9.960391100942801756e+01 5.143409730880396182e+02 -1.209241656119852060e+01 -4.327762406763722147e+00 -4.654699832268000392e+01 -3.833952941212465504e+01 -3.968945737574841370e+00 -2.787737266335137321e+01 -5.659984942038412292e+00 -3.132216196002734421e+01 -5.175336473196377085e+01 -2.140318697400316239e+01 -6.261224711146699917e+01 -1.871275034894184586e+01 -2.744759852750162921e+01 -2.916514371486757184e+01 -5.379963598050689910e+01 -1.818503081055326120e+01 -6.062793826157621169e+01
-4.579062425784120594e-01 -4.190082360312815268e+01 -1.209241656119852060e+01 5.658993008989057216e+02 -1.821130416400702501e+00 -1.971650523862177806e+01 -1.628908688479910083e+01 -1.700567830977959050e+00 -1.240012346443672975e+01 -2.744367970993671246e+00 -1.337866038941010416e+01 -2.223911111984874367e+01 -9.442783871229325499e+00 -2.650170992738724962e+01 -8.757624558613875010e+00 -1.177981737647078475e+01 -1.252131749029402030e+01 -2.273123071898013592e+01 -7.781163410920004075e+00 -2.568008801446473299e+01
-2.757212156301362405e-01 -1.464907656139843795e+01 -4.327762406763722147e+00 -1.821130416400702501e+00 8.243617888309873933e+02 -7.266474610842746706e+00 -6.137850873479841596e+00 -6.798496812381970011e-01 -6.190762325624548978e+00 -1.961533429378090165e+00 -5.235054815381348092e+00 -9.065160742395208970e+00 -4.512022195354149723e+00 -9.713033765978337897e+00 -5.504223303431737158e+00 -4.761810058202917695e+00 -5.073371136259188674e+00 -8.220425263240688452e+00 -3.082179067505433245e+00 -9.461983420174462367e+00
3.534314189263160211e-01 -1.678498017466077954e+02 -4.654699832268000392e+01 -1.971650523862177806e+01 -7.266474610842747595e+00 1.890813426626815499e+02 -5.687110158339679344e+01 -5.198225614764805158e+00 -1.456693822646921177e+01 7.965549700592637450e+00 -4.304162752356113231e+01 -6.467894623677146626e+01 -1.492013535426475102e+01 -9.769244575408222886e+01 1.112917284759338266e+01 -3.501479966807784194e+01 -3.699520898846806460e+01 -8.588799937534251683e+01 -2.432548187586974109e+01 -9.371622861796974746e+01
1.550660016856858281e+00 -1.421594785217297101e+02 -3.833952941212465504e+01 -1.628908688479910083e+01 -6.137850873479842484e+00 -5.687110158339678634e+01 5.962703688707861716e+01 -3.479423800454320315e+00 7.742409784947462903e+00 1.759041617433747717e+01 -3.041862521021349508e+01 -4.081869644034317446e+01 4.652880187359937914e-01 -7.789534226320330390e+01 3.585711689569468064e+01 -2.269258642367533696e+01 -2.380366163163460058e+01 -6.978492622656293065e+01 -1.668724282032846418e+01 -7.413596825853629468e+01
5.273240595015318277e-01 -1.585398405764203922e+01 -3.968945737574841370e+00 -1.700567830977959050e+00 -6.798496812381970011e-01 -5.198225614764806934e+00 -3.479423800454320315e+00 -1.861265764257292403e+02 6.550305875781177178e+00 5.032895945582469110e+00 -1.683103533244395100e+00 -5.983331306396602045e-01 3.762489824945419947e+00 -7.314992462451071376e+00 1.148456122938389967e+01 -5.587226802564415618e-01 -5.222714494745215319e-01 -6.945004384998676450e+00 -7.521999377055008651e-01 -6.784792291549460508e+00
1.538428136253265066e+01 -1.475790912225274951e+02 -2.787737266335138031e+01 -1.240012346443672975e+01 -6.190762325624548978e+00 -1.456693822646922243e+01 7.742409784947463791e+00 6.550305875781180731e+00 -4.049249724330063032e+02 1.376316562006231834e+02 3.485742291341950505e+01 1.113048057939838031e+02 1.447071754148101945e+02 -2.753427252161347738e+01 3.281788462682221166e+02 5.309074755683364799e+01 5.817025539242432330e+01 -3.988991901089341496e+01 2.577372388774824685e+01 -1.931933997817858994e+01
8.937479297647167087e+00 -4.799322959659256327e+01 -5.659984942038414069e+00 -2.744367970993673023e+00 -1.961533429378091054e+00 7.965549700592633897e+00 1.759041617433747362e+01 5.032895945582467334e+00 1.376316562006231834e+02 -7.731454772272201126e+02 3.031200894313738203e+01 8.009274053038052443e+01 8.825449921314496748e+01 6.278788987703741498e+00 1.898312671043690329e+02 3.915864883691229892e+01 4.259085813935083564e+01 -3.673416869821283459e+00 2.069168497551029517e+01 1.018203241291772798e+01
3.087310478737162800e+00 -1.217852688626979756e+02 -3.132216196002733710e+01 -1.337866038941010416e+01 -5.235054815381348092e+00 -4.304162752356113231e+01 -3.041862521021348797e+01 -1.683103533244395100e+00 3.485742291341951216e+01 3.031200894313738559e+01 -1.155757566154778289e+02 -1.534496775702438320e+01 1.881483180842921143e+01 -5.992153961087390712e+01 6.787060476775745599e+01 -9.652926417238708368e+00 -9.808868082932153953e+00 -5.562633194344564203e+01 -8.792489457627050697e+00 -5.615031971800102184e+01
8.528076160714970655e+00 -2.118522891489255073e+02 -5.175336473196375664e+01 -2.223911111984874367e+01 -9.065160742395208970e+00 -6.467894623677148047e+01 -4.081869644034316735e+01 -5.983331306396602045e-01 1.113048057939838031e+02 8.009274053038055285e+01 -1.534496775702438498e+01 -2.454654754525615488e+02 6.578992404612498035e+01 -9.201188321565106776e+01 1.847602064781942772e+02 7.783034677414661928e-01 1.935809992676068347e+00 -8.930243758806223298e+01 -5.415878465922062901e+00 -8.446314176256450423e+01
9.822820028000469605e+00 -1.071385310129888211e+02 -2.140318697400315529e+01 -9.442783871229327275e+00 -4.512022195354149723e+00 -1.492013535426475102e+01 4.652880187359937914e-01 3.762489824945419947e+00 1.447071754148101661e+02 8.825449921314495327e+01 1.881483180842920433e+01 6.578992404612496614e+01 -4.910370375028898593e+02 -2.519954222981230174e+01 2.098230496876626034e+02 3.105396472809622210e+01 3.413259806390484385e+01 -3.213968260345617978e+01 1.450047324408486027e+01 -1.965702138821217915e+01
-3.117156857848091267e-02 -2.242105473633007762e+02 -6.261224711146699917e+01 -2.650170992738724962e+01 -9.713033765978337897e+00 -9.769244575408221465e+01 -7.789534226320330390e+01 -7.314992462451069599e+00 -2.753427252161346317e+01 6.278788987703742386e+00 -5.992153961087390712e+01 -9.201188321565106776e+01 -2.519954222981229464e+01 1.745557619517657031e+02 4.235535370584765147e+00 -4.957259936811403378e+01 -5.244572486948386114e+01 -1.159170201152959123e+02 -3.406815076450098445e+01 -1.272904394826936425e+02
2.145494493772583056e+01 -1.335730226436942871e+02 -1.871275034894184941e+01 -8.757624558613875010e+00 -5.504223303431735381e+00 1.112917284759336845e+01 3.585711689569468774e+01 1.148456122938389790e+01 3.281788462682220597e+02 1.898312671043690614e+02 6.787060476775745599e+01 1.847602064781942488e+02 2.098230496876625750e+02 4.235535370584750936e+00 -3.438980665908582068e+02 8.995693722621562927e+01 9.796200884505314832e+01 -1.830562056547111283e+01 4.688947282606024203e+01 1.402838716328550817e+01
4.143888971073365290e+00 -1.111813225443089976e+02 -2.744759852750162921e+01 -1.177981737647078475e+01 -4.761810058202917695e+00 -3.501479966807784194e+01 -2.269258642367532985e+01 -5.587226802564411177e-01 5.309074755683364799e+01 3.915864883691231313e+01 -9.652926417238704815e+00 7.783034677414670810e-01 3.105396472809622566e+01 -4.957259936811404799e+01 8.995693722621564348e+01 -2.274372659732449904e+02 -9.798913809231244443e-01 -4.765039020078670973e+01 -3.880080477084674406e+00 -4.571481597679910180e+01
4.515319845193783266e+00 -1.184862581452805728e+02 -2.916514371486757184e+01 -1.252131749029402030e+01 -5.073371136259187786e+00 -3.699520898846807881e+01 -2.380366163163459348e+01 -5.222714494745215319e-01 5.817025539242430909e+01 4.259085813935084985e+01 -9.808868082932159282e+00 1.935809992676073676e+00 3.413259806390485096e+01 -5.244572486948386114e+01 9.796200884505314832e+01 -9.798913809231244443e-01 -2.344475937944029909e+02 -5.054678611861758242e+01 -3.824748311513902266e+00 -4.830342927021926869e+01
-1.062395544217183518e+00 -1.894415540062305467e+02 -5.379963598050689910e+01 -2.273123071898013592e+01 -8.220425263240690228e+00 -8.588799937534253104e+01 -6.978492622656293065e+01 -6.945004384998676450e+00 -3.988991901089341496e+01 -3.673416869821283459e+00 -5.562633194344564203e+01 -8.930243758806223298e+01 -3.213968260345617978e+01 -1.159170201152959123e+02 -1.830562056547110572e+01 -4.765039020078670973e+01 -5.054678611861758242e+01 3.306098971307143302e+02 -3.202667980843977347e+01 -1.118867839937704787e+02
2.145664245487652000e+00 -7.180155643899287554e+01 -1.818503081055325765e+01 -7.781163410920005852e+00 -3.082179067505433689e+00 -2.432548187586974819e+01 -1.668724282032846418e+01 -7.521999377055008651e-01 2.577372388774824685e+01 2.069168497551028807e+01 -8.792489457627050697e+00 -5.415878465922066454e+00 1.450047324408486560e+01 -3.406815076450099156e+01 4.688947282606024203e+01 -3.880080477084674406e+00 -3.824748311513902266e+00 -3.202667980843977347e+01 -1.541655362809417511e+02 -3.174284434190955295e+01
4.382873752854394844e-01 -2.185576589451892175e+02 -6.062793826157620458e+01 -2.568008801446473299e+01 -9.461983420174462367e+00 -9.371622861796974746e+01 -7.413596825853629468e+01 -6.784792291549461396e+00 -1.931933997817857573e+01 1.018203241291774575e+01 -5.615031971800101473e+01 -8.446314176256450423e+01 -1.965702138821217204e+01 -1.272904394826936425e+02 1.402838716328549395e+01 -4.571481597679910180e+01 -4.830342927021926869e+01 -1.118867839937704645e+02 -3.174284434190955295e+01 1.408801418931975604e+02
