-1.000000000000000000e+03
-9.080000000000000000e+02
-8.920000000000000000e+02
8.290000000000000000e+02
7.370000000000000000e+02
-7.240000000000000000e+02
7.170000000000000000e+02
6.470000000000000000e+02
6.010000000000000000e+02
5.070000000000000000e+02
4.970000000000000000e+02
-4.660000000000000000e+02
-3.980000000000000000e+02
2.990000000000000000e+02
-1.500000000000000000e+02
-6.200000000000000000e+01
-5.000000000000000000e+01
-3.200000000000000000e+01
-2.800000000000000000e+01
-4.000000000000000000e+00
