-1.305415939134148289e+02 -1.686385695958131237e+01 -1.019428618257690644e+01 1.346906224661347196e+01 -1.063884325606145964e+01 1.916608635662000282e+01 -9.589675268076540415e-02 -4.908926253630487013e-02 2.345221671355687221e+01 -2.754921556548622696e+00 2.570959918698403968e+01 4.742097263975660582e+01 -4.972623021429582124e+00 2.265733264553189841e+01 6.034478069699225067e+00 1.483062048319558457e+01 1.433076657244343899e+01 5.850827098223624345e-01 2.516762442193879679e+01 2.004581448880917094e+01
-1.686385695958131237e+01 6.527377980569666533e+02 -3.256073797140090278e+02 9.421121793731943583e+00 -2.305841315562879004e+02 -9.778191855780758601e+01 -4.694338599778578924e+00 -2.818310172633792465e+00 -9.989886832699313857e+01 -9.235540298432060524e+01 1.285237211108161226e+01 6.170446660639831293e+01 -8.589425934091430292e+01 -2.211529176271722008e+01 4.961618498719813530e+00 -1.543685455180974841e+01 -6.630692661486844486e+01 -4.017362180189594056e+01 -7.358217584890965668e+01 -1.531912334451276934e+02
-1.019428618257690289e+01 -3.256073797140090846e+02 3.176815599477670276e+02 3.034549391333569446e+01 -2.666418676601989546e+02 -7.773865746612345617e+01 -5.248308098375706443e+00 -3.138233194515906543e+00 -7.364472112730868503e+01 -1.045497929635027816e+02 5.234354250954638132e+01 1.378710868247553094e+02 -1.008326130819919371e+02 9.760518258925829471e+00 1.440109267663913961e+01 5.343714808114312653e+00 -5.072459551774046105e+01 -4.281662819851847246e+01 -4.246481548043174570e+01 -1.366847569352041489e+02
1.346906224661347196e+01 9.421121793731948912e+00 3.034549391333569446e+01 -7.226956765456333187e+02 1.469351566514189322e+01 5.328808384620900540e+01 5.390053631361855224e-01 3.404597287796220506e-01 6.213539736062092089e+01 8.878667383660559409e+00 4.909800596406162043e+01 8.465484101792381466e+01 3.466997911136007637e+00 4.846655603613907459e+01 1.122185005151080439e+01 3.187371095261399745e+01 3.878649496983035050e+01 7.406561480299592937e+00 6.145448989793045058e+01 6.364814964308814638e+01
-1.063884325606145964e+01 -2.305841315562879288e+02 -2.666418676601989546e+02 1.469351566514188789e+01 6.063618432696196123e+02 -6.830000119423175420e+01 -3.817166802712113949e+00 -2.287194215476830106e+00 -6.772805365372816766e+01 -7.555804892097009429e+01 2.393046173917707975e+01 7.462636129903802384e+01 -7.154888102970967623e+01 -5.741675610426868914e+00 7.177359065999007193e+00 -4.529338181978782352e+00 -4.560827225503595628e+01 -3.192223583120325614e+01 -4.570492943605706415e+01 -1.122900840660431072e+02
1.916608635662000282e+01 -9.778191855780758601e+01 -7.773865746612342775e+01 5.328808384620900540e+01 -6.830000119423176841e+01 5.876783616562687484e+01 -9.228941706787673338e-01 -5.212048980037112811e-01 7.912441619014882122e+01 -2.152065015261025138e+01 1.011131036871685893e+02 1.909647193891723589e+02 -2.935352424591187770e+01 8.518095938340005091e+01 2.396140067174105326e+01 5.564330913502666220e+01 4.773184605105552691e+01 -2.451876134746734159e+00 8.886123396365124449e+01 5.966796119350411942e+01
-9.589675268076540415e-02 -4.694338599778578924e+00 -5.248308098375706443e+00 5.390053631361855224e-01 -3.817166802712113505e+00 -9.228941706787673338e-01 6.169258352091061397e+02 -4.427653163505367723e-02 -8.291108477199583549e-01 -1.484618138012142152e+00 9.508709896801235129e-01 2.331384844343979967e+00 -1.451590991977862455e+00 3.297190930288015354e-01 2.527457190196532033e-01 2.012152547299529692e-01 -5.866200810004336130e-01 -5.933825995698367439e-01 -3.787268950598975392e-01 -1.739176789759107278e+00
-4.908926253630487013e-02 -2.818310172633792465e+00 -3.138233194515906099e+00 3.404597287796220506e-01 -2.287194215476830550e+00 -5.212048980037115031e-01 -4.427653163505367723e-02 5.989735787517375911e+02 -4.591271609041972512e-01 -8.875412084198752716e-01 6.034610499529361460e-01 1.456762310620835166e+00 -8.711285766716053702e-01 2.293439821038148196e-01 1.592341449573535517e-01 1.414274430293839813e-01 -3.281533412305238651e-01 -3.522735461641806065e-01 -1.885905368193169784e-01 -1.005698088061246942e+00
2.345221671355687221e+01 -9.989886832699313857e+01 -7.364472112730868503e+01 6.213539736062090668e+01 -6.772805365372816766e+01 7.912441619014882122e+01 -8.291108477199583549e-01 -4.591271609041971402e-01 4.646968898463913433e+01 -2.026648695704818337e+01 1.181745856133539689e+02 2.211469595150185796e+02 -2.982754736460791278e+01 1.013499145548502867e+02 2.790012327717664320e+01 6.625944705803500767e+01 5.973130994233090263e+01 -6.925873260769688233e-01 1.084823204930102349e+02 7.850054778057898375e+01
-2.754921556548623141e+00 -9.235540298432060524e+01 -1.045497929635027674e+02 8.878667383660554080e+00 -7.555804892097009429e+01 -2.152065015261026559e+01 -1.484618138012141930e+00 -8.875412084198753826e-01 -2.026648695704818337e+01 6.474061469903886064e+02 1.537149561188276614e+01 4.002487363869676074e+01 -2.859450400956052718e+01 3.273908816831075264e+00 4.205400345210450475e+00 1.847764566174706857e+00 -1.400062043693445268e+01 -1.208057789648173141e+01 -1.142031252407218744e+01 -3.815041410108396036e+01
2.570959918698404678e+01 1.285237211108161048e+01 5.234354250954640975e+01 4.909800596406162043e+01 2.393046173917708686e+01 1.011131036871685893e+02 9.508709896801237349e-01 6.034610499529361460e-01 1.181745856133539689e+02 1.537149561188277325e+01 -5.928403768506298093e+02 1.648414848032724080e+02 5.035658644174828780e+00 9.326061999716904438e+01 2.178896890850466761e+01 6.131491016181319509e+01 7.369100077582000097e+01 1.353810868443970605e+01 1.173688731805128498e+02 1.200650002187229859e+02
4.742097263975660582e+01 6.170446660639830583e+01 1.378710868247553094e+02 8.465484101792381466e+01 7.462636129903800963e+01 1.909647193891723873e+02 2.331384844343979967e+00 1.456762310620835166e+00 2.211469595150185796e+02 4.002487363869676074e+01 1.648414848032724080e+02 -6.920468442543134415e+02 2.100576417241589056e+01 1.664765366837477245e+02 3.745781028142587132e+01 1.095785356398425137e+02 1.384714810699124428e+02 2.941058111413281395e+01 2.160021526776750420e+02 2.320186950337283349e+02
-4.972623021429582124e+00 -8.589425934091430292e+01 -1.008326130819919371e+02 3.466997911136007637e+00 -7.154888102970969044e+01 -2.935352424591187770e+01 -1.451590991977862677e+00 -8.711285766716053702e-01 -2.982754736460791989e+01 -2.859450400956052718e+01 5.035658644174829668e+00 2.100576417241589766e+01 8.723054128450163489e+02 -5.874617429265267532e+00 1.781717409100808558e+00 -4.141652505412162455e+00 -1.984928260382489640e+01 -1.236391665660908146e+01 -2.164072934307449358e+01 -4.640337451142874414e+01
2.265733264553189841e+01 -2.211529176271721298e+01 9.760518258925841906e+00 4.846655603613907459e+01 -5.741675610426867138e+00 8.518095938340006512e+01 3.297190930288016464e-01 2.293439821038148474e-01 1.013499145548502867e+02 3.273908816831078816e+00 9.326061999716904438e+01 1.664765366837477245e+02 -5.874617429265265756e+00 -2.889345679414735173e+02 2.160621544184661147e+01 5.712983749708295278e+01 6.269854162958490207e+01 8.023508872952499260e+00 1.038598032086583629e+02 9.651657353713925147e+01
6.034478069699225067e+00 4.961618498719817083e+00 1.440109267663913961e+01 1.122185005151080439e+01 7.177359065999008969e+00 2.396140067174105326e+01 2.527457190196533143e-01 1.592341449573535794e-01 2.790012327717664320e+01 4.205400345210449586e+00 2.178896890850466761e+01 3.745781028142587132e+01 1.781717409100808114e+00 2.160621544184661147e+01 -7.830255779618752285e+02 1.421168587775185443e+01 1.742702259152649802e+01 3.404871191839369704e+00 2.752373945653474863e+01 2.872183102275307931e+01
1.483062048319558457e+01 -1.543685455180974841e+01 5.343714808114312653e+00 3.187371095261399034e+01 -4.529338181978778799e+00 5.564330913502666220e+01 2.012152547299529415e-01 1.414274430293841756e-01 6.625944705803499346e+01 1.847764566174706857e+00 6.131491016181319509e+01 1.095785356398425137e+02 -4.141652505412166008e+00 5.712983749708294567e+01 1.421168587775185266e+01 -3.285160787007407635e+02 4.097557824763369894e+01 5.139593847222366563e+00 6.799485695845142175e+01 6.290895338614126331e+01
1.433076657244343899e+01 -6.630692661486845907e+01 -5.072459551774046105e+01 3.878649496983034339e+01 -4.560827225503594917e+01 4.773184605105554112e+01 -5.866200810004336130e-01 -3.281533412305238095e-01 5.973130994233090263e+01 -1.400062043693445091e+01 7.369100077581998676e+01 1.384714810699124428e+02 -1.984928260382489640e+01 6.269854162958490207e+01 1.742702259152649802e+01 4.097557824763369894e+01 6.146464667721997621e+00 -1.038083552541941401e+00 6.635635097403820737e+01 4.650616950717291331e+01
5.850827098223614353e-01 -4.017362180189594056e+01 -4.281662819851845825e+01 7.406561480299592937e+00 -3.192223583120326325e+01 -2.451876134746730163e+00 -5.933825995698365219e-01 -3.522735461641805510e-01 -6.925873260769652706e-01 -1.208057789648173141e+01 1.353810868443969895e+01 2.941058111413281750e+01 -1.236391665660908146e+01 8.023508872952501036e+00 3.404871191839369704e+00 5.139593847222365675e+00 -1.038083552541943178e+00 4.325800299646671192e+02 3.185356788329288147e+00 -8.514041324601762994e+00
2.516762442193878968e+01 -7.358217584890968510e+01 -4.246481548043175991e+01 6.145448989793044348e+01 -4.570492943605704994e+01 8.886123396365124449e+01 -3.787268950598983719e-01 -1.885905368193169507e-01 1.084823204930102349e+02 -1.142031252407218034e+01 1.173688731805128498e+02 2.160021526776750989e+02 -2.164072934307448293e+01 1.038598032086583629e+02 2.752373945653474152e+01 6.799485695845142175e+01 6.635635097403820737e+01 3.185356788329295696e+00 -3.401014193559930732e+01 9.358722708694935477e+01
2.004581448880916383e+01 -1.531912334451277218e+02 -1.366847569352041205e+02 6.364814964308813217e+01 -1.122900840660431072e+02 5.966796119350410521e+01 -1.739176789759107722e+00 -1.005698088061246720e+00 7.850054778057896954e+01 -3.815041410108394615e+01 1.200650002187229859e+02 2.320186950337283349e+02 -4.640337451142872283e+01 9.651657353713923726e+01 2.872183102275307931e+01 6.290895338614126331e+01 4.650616950717291331e+01 -8.514041324601762994e+00 9.358722708694935477e+01 1.492546632504233344e+02
