6.504505097373908029e+02 -1.422182600114785771e+02 -8.094314892175686893e+00 -2.958575706300623054e+00 -4.171958279979421746e+01 -9.928354612775174814e+01 -1.005317303082465585e+01 -2.053905737103381455e+02 -9.956531545424507357e-01 -3.119322972734906685e+01 -7.369608031473313758e+01 -1.450799593117920772e+01 -1.345015469257339760e+02 -2.033479385990112931e+01 -1.306228526291481842e+02 -2.934171769174444080e+02 -3.417398249596069082e+00 -9.645028036876391297e+01 -6.218920529392705276e+01 -6.084854190554239040e+01
-1.422182600114785771e+02 -1.350591232565733435e+00 8.268838700407270537e+00 -7.976703716839026459e-01 6.725290470026453704e+01 -4.384614844106910425e+01 8.887417641561889070e+00 -1.691048878146870891e+02 2.784259323283981402e+00 8.305075294791629403e+01 4.295716949940577933e+01 -2.658391536564060242e+00 -1.047298023857665328e+02 -1.704984078752072207e+01 -8.495118543217722618e+01 -2.488312039094989245e+02 9.675748799114177956e+00 -2.857867996656830556e+01 -1.546462217085967694e+01 7.481132206170133259e+01
-8.094314892175688669e+00 8.268838700407261655e+00 -7.846391810113377687e+02 5.047846660958503762e-01 3.701114941633415611e+01 1.043622731623389654e+01 6.131700490355725286e+00 -8.264557900933787948e+00 1.332338736841238491e+00 4.015024156878686057e+01 3.649809246754722381e+01 2.952515574341271876e+00 -3.123588712372253884e+00 -9.353430661536825674e-01 3.348082610977574980e+00 -1.456779589506687600e+01 4.618433903790315043e+00 1.547576178203773267e+01 1.110651344082872782e+01 4.511705059620281588e+01
-2.958575706300623942e+00 -7.976703716839030900e-01 5.047846660958503762e-01 -2.799791551743835498e+02 3.657129299452138049e+00 -3.215893007241699131e-02 5.677141026480336805e-01 -3.425354773252314633e+00 1.378006533251987797e-01 4.138197485014224242e+00 3.210886667436457120e+00 1.559053129792699888e-01 -1.985643736935584158e+00 -3.523042685095318927e-01 -1.210405818812935852e+00 -5.204054171650009941e+00 4.780861637904800787e-01 5.692508129187878740e-01 4.939558241118645610e-01 4.336683298618637217e+00
-4.171958279979419615e+01 6.725290470026456546e+01 3.701114941633417743e+01 3.657129299452137605e+00 -6.195843841854766652e+02 7.859617954076574620e+01 4.239560483589970374e+01 -3.998825560910675136e+01 9.118871613950581434e+00 2.748918234954975333e+02 2.534395613080676526e+02 2.117162716367636222e+01 -1.065738939832017707e+01 -4.753707071999572875e+00 3.295357826548773517e+01 -7.586318668781825636e+01 3.160709895251000390e+01 1.125709961239375900e+02 8.023815560773886091e+01 3.109186685487186423e+02
-9.928354612775174814e+01 -4.384614844106910425e+01 1.043622731623389122e+01 -3.215893007241665824e-02 7.859617954076574620e+01 -1.182765548132453119e+02 1.156966149881436223e+01 -1.167562767877043086e+02 3.063212046402234545e+00 9.176097652612330080e+01 6.246460361464634303e+01 1.104212050180374050e+00 -7.040692431943558915e+01 -1.186919024495897190e+01 -5.150097607484815398e+01 -1.740976210700550268e+02 1.063403689539694419e+01 -3.640814433456810661e+00 6.355157840702894134e-01 9.119295192472843326e+01
-1.005317303082465585e+01 8.887417641561889070e+00 6.131700490355725286e+00 5.677141026480336805e-01 4.239560483589969664e+01 1.156966149881436223e+01 -7.569900612728623628e+02 -1.041102791143975992e+01 1.528395841642804065e+00 4.605322522831193766e+01 4.166475451020191656e+01 3.332892316699822111e+00 -4.184938880217649704e+00 -1.165472719983997596e+00 3.277377831346794501e+00 -1.804959473393742542e+01 5.298197711158874057e+00 1.737979553324495896e+01 1.250389896435612158e+01 5.163683157330920892e+01
-2.053905737103381739e+02 -1.691048878146871459e+02 -8.264557900933784396e+00 -3.425354773252314633e+00 -3.998825560910673715e+01 -1.167562767877043086e+02 -1.041102791143976170e+01 4.871604117211857670e+02 -8.294489990037365867e-01 -2.642866205545899305e+01 -7.866970544758123651e+01 -1.666423240511112880e+01 -1.629728605221607154e+02 -2.476805842717887529e+01 -1.564983528209018289e+02 -3.576841288181547611e+02 -2.834300062016480659e+00 -1.119400304085119302e+02 -7.186296511075144622e+01 -6.078857630368538878e+01
-9.956531545424516239e-01 2.784259323283982290e+00 1.332338736841238491e+00 1.378006533251988353e-01 9.118871613950581434e+00 3.063212046402234545e+00 1.528395841642804065e+00 -8.294489990037372529e-01 -9.696745811161538313e+02 9.813233554270778924e+00 9.175442562922022205e+00 7.902839296861849938e-01 6.179040972974725321e-03 -1.102309536188660621e-01 1.537877590076573098e+00 -1.847751020421685153e+00 1.127844867394084627e+00 4.257007742128198657e+00 3.015617808873951589e+00 1.117217826592361263e+01
-3.119322972734906330e+01 8.305075294791630824e+01 4.015024156878687478e+01 4.138197485014224242e+00 2.748918234954974764e+02 9.176097652612330080e+01 4.605322522831193055e+01 -2.642866205545900371e+01 9.813233554270780701e+00 -6.660830520319823336e+02 2.763811700627426262e+02 2.374922699073268006e+01 -7.295300272159011001e-01 -3.464873660926091503e+00 4.551823926823036004e+01 -5.775697336428676465e+01 3.401117630539563663e+01 1.278048890074417159e+02 9.057736990598364457e+01 3.367232294090356390e+02
-7.369608031473313758e+01 4.295716949940579354e+01 3.649809246754721670e+01 3.210886667436458008e+00 2.534395613080676526e+02 6.246460361464635014e+01 4.166475451020191656e+01 -7.866970544758123651e+01 9.175442562922022205e+00 2.763811700627426262e+02 -4.474210752448372546e+02 1.906825322500738551e+01 -3.558120892978762839e+01 -8.604210406568849834e+00 9.883475354719898576e+00 -1.316138741082608306e+02 3.180934709736540356e+01 9.784902416266957914e+01 7.094634916606648289e+01 3.079185745166414563e+02
-1.450799593117920772e+01 -2.658391536564062463e+00 2.952515574341272764e+00 1.559053129792700443e-01 2.117162716367636222e+01 1.104212050180374050e+00 3.332892316699820334e+00 -1.666423240511113590e+01 7.902839296861849938e-01 2.374922699073268006e+01 1.906825322500738551e+01 -3.489326072395326150e+02 -9.460170609740595538e+00 -1.724178107747957434e+00 -5.136955026977227945e+00 -2.555875284753590648e+01 2.741336229830312110e+00 4.460327589691210903e+00 3.591906486399149667e+00 2.525297849368556058e+01
-1.345015469257339760e+02 -1.047298023857665612e+02 -3.123588712372252996e+00 -1.985643736935584158e+00 -1.065738939832017707e+01 -7.040692431943558915e+01 -4.184938880217647927e+00 -1.629728605221607154e+02 6.179040972974392254e-03 -7.295300272159082056e-01 -3.558120892978763550e+01 -9.460170609740593761e+00 4.736037069562402735e+02 -1.620314755486193548e+01 -9.865460041348164566e+01 -2.344219442616839615e+02 4.756126074522537550e-02 -6.530121426613573021e+01 -4.145046560578340689e+01 -2.068654860237515436e+01
-2.033479385990112931e+01 -1.704984078752072207e+01 -9.353430661536825674e-01 -3.523042685095318927e-01 -4.753707071999575540e+00 -1.186919024495897190e+01 -1.165472719983997374e+00 -2.476805842717887174e+01 -1.102309536188660344e-01 -3.464873660926090615e+00 -8.604210406568849834e+00 -1.724178107747957656e+00 -1.620314755486193192e+01 7.945469870949759752e+02 -1.569015680288380565e+01 -3.540297774063880354e+01 -3.780221718889855143e-01 -1.149222928786640452e+01 -7.401874978502488212e+00 -6.996864675575574566e+00
-1.306228526291481842e+02 -8.495118543217725460e+01 3.348082610977578533e+00 -1.210405818812935852e+00 3.295357826548770674e+01 -5.150097607484815398e+01 3.277377831346789172e+00 -1.564983528209018289e+02 1.537877590076573542e+00 4.551823926823035293e+01 9.883475354719891470e+00 -5.136955026977227057e+00 -9.865460041348161724e+01 -1.569015680288380743e+01 1.558690503000278227e+02 -2.281911329090851837e+02 5.354495013418543614e+00 -4.109998096505982801e+01 -2.461280647358950802e+01 3.323026158021113474e+01
-2.934171769174444080e+02 -2.488312039094989530e+02 -1.456779589506687600e+01 -5.204054171650010829e+00 -7.586318668781828478e+01 -1.740976210700550268e+02 -1.804959473393742897e+01 -3.576841288181548180e+02 -1.847751020421685153e+00 -5.775697336428676465e+01 -1.316138741082608021e+02 -2.555875284753590293e+01 -2.344219442616839615e+02 -3.540297774063881064e+01 -2.281911329090852121e+02 3.262481021138512460e+02 -6.345836908751677718e+00 -1.695721015576878585e+02 -1.094302581984032656e+02 -1.099121543372739040e+02
-3.417398249596069082e+00 9.675748799114177956e+00 4.618433903790315043e+00 4.780861637904800232e-01 3.160709895251000390e+01 1.063403689539694419e+01 5.298197711158873169e+00 -2.834300062016478883e+00 1.127844867394084849e+00 3.401117630539564374e+01 3.180934709736541066e+01 2.741336229830312110e+00 4.756126074522493141e-02 -3.780221718889855698e-01 5.354495013418545390e+00 -6.345836908751678607e+00 -9.680910936722442557e+02 1.477026277643791730e+01 1.046190012217914500e+01 3.872599786903474239e+01
-9.645028036876391297e+01 -2.857867996656831622e+01 1.547576178203773267e+01 5.692508129187880961e-01 1.125709961239375900e+02 -3.640814433456803556e+00 1.737979553324495896e+01 -1.119400304085119302e+02 4.257007742128198657e+00 1.278048890074416590e+02 9.784902416266957914e+01 4.460327589691210903e+00 -6.530121426613571600e+01 -1.149222928786640452e+01 -4.109998096505982090e+01 -1.695721015576878585e+02 1.477026277643791552e+01 -2.408707915127735077e+02 1.370010587033711857e+01 1.331858671067552677e+02
-6.218920529392703145e+01 -1.546462217085967694e+01 1.110651344082873493e+01 4.939558241118650050e-01 8.023815560773886091e+01 6.355157840703000716e-01 1.250389896435612158e+01 -7.186296511075144622e+01 3.015617808873951589e+00 9.057736990598364457e+01 7.094634916606648289e+01 3.591906486399150999e+00 -4.145046560578339978e+01 -7.401874978502488212e+00 -2.461280647358950802e+01 -1.094302581984032372e+02 1.046190012217914322e+01 1.370010587033712568e+01 -2.864014052505912105e+02 9.530081569428506327e+01
-6.084854190554239040e+01 7.481132206170133259e+01 4.511705059620281588e+01 4.336683298618637217e+00 3.109186685487186423e+02 9.119295192472843326e+01 5.163683157330920181e+01 -6.078857630368538878e+01 1.117217826592361263e+01 3.367232294090356390e+02 3.079185745166414563e+02 2.525297849368556058e+01 -2.068654860237516857e+01 -6.996864675575572790e+00 3.323026158021113474e+01 -1.099121543372738472e+02 3.872599786903474950e+01 1.331858671067552962e+02 9.530081569428506327e+01 -4.445842341656861549e+02
