-9.880000000000000000e+02
-7.780000000000000000e+02
-7.700000000000000000e+02
-7.540000000000000000e+02
-6.960000000000000000e+02
-6.860000000000000000e+02
6.610000000000000000e+02
6.450000000000000000e+02
6.350000000000000000e+02
-6.340000000000000000e+02
6.210000000000000000e+02
-5.080000000000000000e+02
4.390000000000000000e+02
-3.540000000000000000e+02
-3.500000000000000000e+02
-3.000000000000000000e+02
2.990000000000000000e+02
-2.640000000000000000e+02
2.370000000000000000e+02
9.900000000000000000e+01
