-9.680000000000000000e+02
9.550000000000000000e+02
9.250000000000000000e+02
-9.120000000000000000e+02
8.270000000000000000e+02
6.930000000000000000e+02
-6.600000000000000000e+02
-6.540000000000000000e+02
-6.280000000000000000e+02
5.950000000000000000e+02
-5.820000000000000000e+02
-5.400000000000000000e+02
5.130000000000000000e+02
-4.940000000000000000e+02
-4.240000000000000000e+02
3.750000000000000000e+02
3.370000000000000000e+02
2.690000000000000000e+02
-2.460000000000000000e+02
5.300000000000000000e+01
