-9.760000000000000000e+02
-9.720000000000000000e+02
8.070000000000000000e+02
-7.260000000000000000e+02
6.490000000000000000e+02
-6.000000000000000000e+02
-5.760000000000000000e+02
5.590000000000000000e+02
3.850000000000000000e+02
-3.240000000000000000e+02
2.390000000000000000e+02
2.330000000000000000e+02
-1.960000000000000000e+02
-1.820000000000000000e+02
-1.640000000000000000e+02
-1.480000000000000000e+02
-1.020000000000000000e+02
-8.600000000000000000e+01
3.500000000000000000e+01
1.900000000000000000e+01
