-5.365506347720612439e+02 4.566147930180159875e+01 2.353104513261511599e+01 1.153740863490353235e+02 1.509136579319978466e+02 1.478210196959582845e+02 4.315828291406268136e+01 7.120398623217117517e+01 2.890110171345544998e+01 1.676502832444077455e+02 9.843832931685117416e+00 1.439866525497002669e+02 1.767412733865715211e+02 2.226469378645476738e+01 -4.705504451503668406e+01 1.675575329608230390e+02 -4.414350205365863644e+00 3.670789990537670633e-01 5.725429267968537239e+00 2.077935945802427682e+02
4.566147930180158454e+01 2.302323737480037664e+02 -8.067683581832843842e+00 -1.767967607262429652e+01 -1.624619674277515813e+01 4.230783331670993164e+01 -2.762881865251857860e+01 -8.341738893751328376e+00 1.349640214285889872e+00 4.198902825970914421e+01 -6.178783597500459024e+01 1.711293509482563735e+01 3.940098869581693464e+01 3.740363084518013359e+00 -1.611261370598885492e+02 2.420705719174101489e+01 -1.192203336603998025e+02 -1.186612446522414359e+02 -2.565470360031102715e+01 2.652283529354267344e+01
2.353104513261511244e+01 -8.067683581832847395e+00 3.622226774459474541e+01 1.900160861366209542e+00 4.282167292151921600e+00 1.939976205533792353e+01 -4.777684715207818122e+00 1.843739112240893263e+00 1.985103272142376696e+00 2.043665655059835018e+01 -1.558077850712798806e+01 1.260311807702906428e+01 2.027429983963374482e+01 2.234587039505703032e+00 -4.473874322714421226e+01 1.578737807840704477e+01 -3.138561577320290041e+01 -3.096949795094870694e+01 -6.376696273940241966e+00 1.866511538594188124e+01
1.153740863490353235e+02 -1.767967607262430718e+01 1.900160861366209542e+00 -8.406969195497698877e+01 4.238729641033856410e+01 9.105598972540151692e+01 -7.432901408356428874e+00 1.942357503481452952e+01 1.191304354850480607e+01 9.817047975247662350e+01 -4.890557496741409693e+01 6.819077768560475761e+01 9.935454373301287490e+01 1.147534367319964943e+01 -1.546203524727532113e+02 8.300617293069026914e+01 -1.030826213806690106e+02 -1.008259972081056048e+02 -1.969572872449841583e+01 9.996315092620191933e+01
1.509136579319978466e+02 -1.624619674277514747e+01 4.282167292151921600e+00 4.238729641033857831e+01 -9.582886790926457365e+01 1.178272495482844420e+02 -4.693442089469602507e+00 2.867207459196309571e+01 1.626823825001082113e+01 1.277718077327198500e+02 -5.532629890072786338e+01 9.120774211363625739e+01 1.299432871194791801e+02 1.517340134340724056e+01 -1.818918111534669322e+02 1.103361394525253161e+02 -1.188601207322458180e+02 -1.158403285892912749e+02 -2.212450199389285288e+01 1.334118774702000678e+02
1.478210196959582845e+02 4.230783331670992453e+01 1.939976205533792353e+01 9.105598972540151692e+01 1.178272495482844704e+02 -8.533981673260876732e+02 3.796379160356578097e+01 5.571878842505556406e+01 2.173647951509374110e+01 1.197465368346703372e+02 1.896199321227016554e+01 1.063630873445730458e+02 1.271432496946184045e+02 1.624377774079906800e+01 -5.879283570468976095e+00 1.229778283270538282e+02 1.877917533908757619e+01 2.231292803396482682e+01 9.119439127522403155e+00 1.531582063360199299e+02
4.315828291406266715e+01 -2.762881865251857860e+01 -4.777684715207819899e+00 -7.432901408356427098e+00 -4.693442089469600731e+00 3.796379160356577387e+01 1.688568290729234320e+02 -2.708972046973619374e+00 2.362204514846690806e+00 3.867453612382739436e+01 -4.469989347473618579e+01 1.936320168070153258e+01 3.721531289769887252e+01 3.794013339278623054e+00 -1.200268012461663858e+02 2.567106469352112441e+01 -8.736309375192821847e+01 -8.672680781836463382e+01 -1.848170834884408720e+01 2.927904142144835475e+01
7.120398623217117517e+01 -8.341738893751330153e+00 1.843739112240892819e+00 1.942357503481453662e+01 2.867207459196310282e+01 5.571878842505556406e+01 -2.708972046973615821e+00 -1.347930416296761109e+02 7.608261016315626790e+00 6.034803541542934369e+01 -2.695399848731028669e+01 4.283577261002237435e+01 6.131135262003315489e+01 7.143055066186878577e+00 -8.782185212477537561e+01 5.188557240675245197e+01 -5.765143106291362329e+01 -5.623332536589234110e+01 -1.079652264840489906e+01 6.268510949029679580e+01
2.890110171345544998e+01 1.349640214285889650e+00 1.985103272142376252e+00 1.191304354850480607e+01 1.626823825001082469e+01 2.173647951509374110e+01 2.362204514846689030e+00 7.608261016315626790e+00 -3.564399887344043805e+02 2.405498775621479268e+01 -4.990294091868240578e+00 1.877138470114614321e+01 2.487461012495976931e+01 3.011657640423061721e+00 -2.163314478920499795e+01 2.227205471120003821e+01 -1.240329434432651645e+01 -1.178086012786387826e+01 -1.877832364184890412e+00 2.727182339931320598e+01
1.676502832444077455e+02 4.198902825970914421e+01 2.043665655059835018e+01 9.817047975247665192e+01 1.277718077327198500e+02 1.197465368346703372e+02 3.867453612382740147e+01 6.034803541542934369e+01 2.405498775621479268e+01 -6.936335525861815086e+02 1.397402603461290838e+01 1.188782825478875651e+02 1.442128391798737823e+02 1.828056521911691945e+01 -2.440550899444602706e+01 1.379402220557951466e+02 7.378446180562990619e+00 1.132694376639945766e+01 7.172723097625736344e+00 1.713889668002834128e+02
9.843832931685117416e+00 -6.178783597500459024e+01 -1.558077850712798806e+01 -4.890557496741411114e+01 -5.532629890072789181e+01 1.896199321227015844e+01 -4.469989347473618579e+01 -2.695399848731027959e+01 -4.990294091868238802e+00 1.397402603461291370e+01 5.390865964427490553e+02 -1.180820281154046469e+01 8.619017856910661024e+00 -4.510672938489056483e-01 -1.915682103701026904e+02 -8.347468784144867371e+00 -1.487784797606207405e+02 -1.491821445647263715e+02 -3.355954500038203037e+01 -1.474609596600627981e+01
1.439866525497002669e+02 1.711293509482563735e+01 1.260311807702906073e+01 6.819077768560475761e+01 9.120774211363624318e+01 1.063630873445730458e+02 1.936320168070153613e+01 4.283577261002237435e+01 1.877138470114614677e+01 1.188782825478875651e+02 -1.180820281154046647e+01 -3.934422365338754730e+02 1.239020101950212336e+02 1.525070324321636406e+01 -7.703482943671114924e+01 1.136196775162512438e+02 -3.766810264800238883e+01 -3.446435241903993330e+01 -3.861188839319173560e+00 1.398808935239492541e+02
1.767412733865715211e+02 3.940098869581694885e+01 2.027429983963373772e+01 9.935454373301288911e+01 1.299432871194791801e+02 1.271432496946184045e+02 3.721531289769887252e+01 6.131135262003314068e+01 2.487461012495976931e+01 1.442128391798738107e+02 8.619017856910646813e+00 1.239020101950212336e+02 -5.919556281727772102e+02 1.915642292087843401e+01 -4.012499443195200399e+01 1.441748861507693675e+02 -3.519005945456342488e+00 5.954851946379466909e-01 4.988823992749185976e+00 1.788042445397789777e+02
2.226469378645476738e+01 3.740363084518013359e+00 2.234587039505703032e+00 1.147534367319964943e+01 1.517340134340723878e+01 1.624377774079907155e+01 3.794013339278623054e+00 7.143055066186878577e+00 3.011657640423060833e+00 1.828056521911691590e+01 -4.510672938489060924e-01 1.525070324321636406e+01 1.915642292087843757e+01 -5.956158197304768009e+02 -8.674055251944096767e+00 1.784911775226674635e+01 -3.283664445534901777e+00 -2.777445504980962987e+00 -1.839065487798785536e-02 2.205230562557862228e+01
-4.705504451503671248e+01 -1.611261370598885492e+02 -4.473874322714421226e+01 -1.546203524727532113e+02 -1.818918111534669038e+02 -5.879283570468970765e+00 -1.200268012461663574e+02 -8.782185212477537561e+01 -2.163314478920499084e+01 -2.440550899444601285e+01 -1.915682103701026335e+02 -7.703482943671113503e+01 -4.012499443195198978e+01 -8.674055251944096767e+00 5.579275797940554185e+02 -7.694281392845199719e+01 -3.488767835189437960e+02 -3.514621019184548913e+02 -8.099295960514525916e+01 -1.057678478038208709e+02
1.675575329608230390e+02 2.420705719174101489e+01 1.578737807840704477e+01 8.300617293069025493e+01 1.103361394525253161e+02 1.229778283270538282e+02 2.567106469352112441e+01 5.188557240675243776e+01 2.227205471120003821e+01 1.379402220557951466e+02 -8.347468784144869147e+00 1.136196775162512438e+02 1.441748861507693391e+02 1.784911775226674635e+01 -7.694281392845201140e+01 -4.106817740740075351e+02 -3.386574225676932315e+01 -3.009507459276656149e+01 -2.223052961733530619e+00 1.644371503491314286e+02
-4.414350205365877855e+00 -1.192203336603998025e+02 -3.138561577320289331e+01 -1.030826213806690390e+02 -1.188601207322458180e+02 1.877917533908755843e+01 -8.736309375192821847e+01 -5.765143106291362329e+01 -1.240329434432651468e+01 7.378446180562976409e+00 -1.487784797606207405e+02 -3.766810264800240304e+01 -3.519005945456344264e+00 -3.283664445534903109e+00 -3.488767835189437960e+02 -3.386574225676933736e+01 4.765146486392668521e+02 -2.757575494012391459e+02 -6.265448827002418142e+01 -5.011920410339453724e+01
3.670789990537564051e-01 -1.186612446522414643e+02 -3.096949795094870694e+01 -1.008259972081056333e+02 -1.158403285892913033e+02 2.231292803396481972e+01 -8.672680781836463382e+01 -5.623332536589234820e+01 -1.178086012786387826e+01 1.132694376639945766e+01 -1.491821445647264284e+02 -3.446435241903991908e+01 5.954851946379466909e-01 -2.777445504980966540e+00 -3.514621019184549482e+02 -3.009507459276656149e+01 -2.757575494012390891e+02 4.440765500516214956e+02 -6.278756755938189116e+01 -4.547766429877839300e+01
5.725429267968537239e+00 -2.565470360031102715e+01 -6.376696273940241966e+00 -1.969572872449841938e+01 -2.212450199389284577e+01 9.119439127522401378e+00 -1.848170834884408364e+01 -1.079652264840490083e+01 -1.877832364184891301e+00 7.172723097625736344e+00 -3.355954500038203747e+01 -3.861188839319173560e+00 4.988823992749185088e+00 -1.839065487798829945e-02 -8.099295960514528758e+01 -2.223052961733534616e+00 -6.265448827002418852e+01 -6.278756755938188405e+01 5.689189628397588194e+02 -4.606357662557513777e+00
2.077935945802427398e+02 2.652283529354267344e+01 1.866511538594188480e+01 9.996315092620190512e+01 1.334118774702000678e+02 1.531582063360199299e+02 2.927904142144835475e+01 6.268510949029679580e+01 2.727182339931320243e+01 1.713889668002834128e+02 -1.474609596600627981e+01 1.398808935239492257e+02 1.788042445397789777e+02 2.205230562557861873e+01 -1.057678478038208993e+02 1.644371503491314286e+02 -5.011920410339453724e+01 -4.547766429877842143e+01 -4.606357662557513777e+00 -3.054264049091847255e+02
