-9.300000000000000000e+02
8.670000000000000000e+02
-8.400000000000000000e+02
-8.340000000000000000e+02
-7.100000000000000000e+02
-7.000000000000000000e+02
6.990000000000000000e+02
6.570000000000000000e+02
6.110000000000000000e+02
5.070000000000000000e+02
4.970000000000000000e+02
-4.800000000000000000e+02
-4.580000000000000000e+02
4.390000000000000000e+02
4.290000000000000000e+02
3.010000000000000000e+02
-2.000000000000000000e+02
-1.900000000000000000e+02
3.900000000000000000e+01
-1.800000000000000000e+01
