-9.720000000000000000e+02
-8.980000000000000000e+02
-8.780000000000000000e+02
8.590000000000000000e+02
-8.080000000000000000e+02
-7.520000000000000000e+02
6.710000000000000000e+02
5.030000000000000000e+02
4.730000000000000000e+02
-4.300000000000000000e+02
4.190000000000000000e+02
3.910000000000000000e+02
3.050000000000000000e+02
2.910000000000000000e+02
-2.860000000000000000e+02
2.170000000000000000e+02
2.070000000000000000e+02
1.530000000000000000e+02
-7.000000000000000000e+01
5.100000000000000000e+01
