8.930000000000000000e+02
8.410000000000000000e+02
8.010000000000000000e+02
7.690000000000000000e+02
6.990000000000000000e+02
6.590000000000000000e+02
-5.800000000000000000e+02
5.590000000000000000e+02
4.990000000000000000e+02
-4.800000000000000000e+02
-4.120000000000000000e+02
-3.680000000000000000e+02
-3.540000000000000000e+02
-3.320000000000000000e+02
-2.540000000000000000e+02
-2.140000000000000000e+02
-1.980000000000000000e+02
-1.600000000000000000e+02
4.100000000000000000e+01
-2.200000000000000000e+01
