8.710000000000000000e+02
-8.660000000000000000e+02
8.130000000000000000e+02
7.970000000000000000e+02
-7.960000000000000000e+02
7.630000000000000000e+02
6.650000000000000000e+02
5.870000000000000000e+02
5.750000000000000000e+02
-5.480000000000000000e+02
-4.880000000000000000e+02
-4.280000000000000000e+02
4.090000000000000000e+02
3.710000000000000000e+02
-3.680000000000000000e+02
3.290000000000000000e+02
-3.180000000000000000e+02
-2.000000000000000000e+02
-1.220000000000000000e+02
-2.400000000000000000e+01
