-9.420000000000000000e+02
9.110000000000000000e+02
-8.740000000000000000e+02
8.730000000000000000e+02
-8.140000000000000000e+02
-7.960000000000000000e+02
6.930000000000000000e+02
6.490000000000000000e+02
-6.420000000000000000e+02
-5.420000000000000000e+02
-4.880000000000000000e+02
-4.760000000000000000e+02
-3.820000000000000000e+02
-3.760000000000000000e+02
3.250000000000000000e+02
3.070000000000000000e+02
2.650000000000000000e+02
2.450000000000000000e+02
-2.160000000000000000e+02
-1.080000000000000000e+02
