9.930000000000000000e+02
-9.720000000000000000e+02
-9.280000000000000000e+02
8.950000000000000000e+02
8.650000000000000000e+02
-8.120000000000000000e+02
7.030000000000000000e+02
5.750000000000000000e+02
4.930000000000000000e+02
-4.220000000000000000e+02
-4.180000000000000000e+02
4.150000000000000000e+02
3.790000000000000000e+02
-3.720000000000000000e+02
-3.560000000000000000e+02
2.850000000000000000e+02
-1.240000000000000000e+02
-6.800000000000000000e+01
1.500000000000000000e+01
-2.000000000000000000e+00
