-6.817905716353862999e+01 -5.083373968278760202e+00 -8.948213774083125571e+00 -2.525751080025419260e+00 -3.949374546575572076e+00 1.051662592646856709e+01 -8.215921046928688298e+00 3.318404144997142868e+00 2.217120156133899656e+01 -2.773062521503038447e+00 4.175200005147471138e+00 1.731774695982576873e+01 -6.488383938786048688e+00 8.402606281505921260e+00 2.654684334064231521e+01 6.211412412062510491e+00 4.615732886678411084e+00 -4.816109616623402090e+00 -9.266724164194195534e-01 -6.702668777751927820e-01
-5.083373968278761090e+00 8.262444012591057572e+02 -4.761993745537333211e+01 -2.384307944349040653e+01 -2.282044170835083108e+01 -8.680189093134767830e+00 -4.658947485447647097e+01 -1.643888827140092213e+00 -1.464327439545576226e+01 -5.600368507816197905e+01 -4.340441764306790873e+01 -9.722814236103980434e+00 -7.345473735058553189e+01 -1.766037917819668834e+01 -1.410450119572921768e+00 -3.626799953303196133e+01 -2.794353319080195774e+01 -4.388454003405004045e+01 -5.067740152577717083e+01 -1.191000649722626648e+01
-8.948213774083123795e+00 -4.761993745537333211e+01 6.876387340099670382e+02 -4.517774385337756371e+01 -4.368399744029458986e+01 -1.313311848286507377e+01 -8.922817397177381338e+01 -2.102733375400989146e+00 -2.087152766735584208e+01 -1.051998974259310131e+02 -7.970011671071586079e+01 -1.310578746210657286e+01 -1.388070067470845288e+02 -3.048568124509879596e+01 5.063748994605476561e+00 -6.580707121868211118e+01 -5.075186849022250613e+01 -8.320068774149258672e+01 -9.473612645362874218e+01 -2.239564181939555709e+01
-2.525751080025419260e+00 -2.384307944349039943e+01 -4.517774385337756371e+01 4.959968846038837000e+02 -2.136978534166133059e+01 1.815691223672248000e+00 -4.375445504884075376e+01 1.441561119636178390e+00 6.728219221605686862e+00 -4.671893105938544721e+01 -3.097582160831175457e+01 6.615714741483032846e+00 -6.363583254169189729e+01 -7.056875120570545334e+00 2.084537085130744671e+01 -2.363019146468327492e+01 -1.834708713944868919e+01 -3.879586279899740475e+01 -4.096623294125040360e+01 -1.000209929390193864e+01
-3.949374546575572964e+00 -2.282044170835082753e+01 -4.368399744029458986e+01 -2.136978534166133059e+01 7.021528553301940292e+02 -4.839160138040150549e+00 -4.260019844854481619e+01 -5.753143617847021885e-01 -7.024472990759436541e+00 -4.938187990357707946e+01 -3.664611864727908142e+01 -3.996435660655246469e+00 -6.550268594740001049e+01 -1.318679201627669784e+01 5.600360617778688876e+00 -2.992078513597929756e+01 -2.309688422260317608e+01 -3.937532592413986521e+01 -4.427841569009283518e+01 -1.052249042156391212e+01
1.051662592646856709e+01 -8.680189093134766054e+00 -1.313311848286506667e+01 1.815691223672248888e+00 -4.839160138040152326e+00 -2.902414230183777022e+02 -1.053635655927226189e+01 1.511936031790374280e+01 1.029599758632628408e+02 1.782927028293226357e+01 4.097006512575006099e+01 7.951068409873658993e+01 1.114412495018237514e+01 4.545061665208667989e+01 1.147196288014049657e+02 4.592291517151101488e+01 3.465256458395723627e+01 2.623538915243861958e+00 2.292824814225994956e+01 3.445906491252149095e+00
-8.215921046928688298e+00 -4.658947485447647097e+01 -8.922817397177381338e+01 -4.375445504884075376e+01 -4.260019844854481619e+01 -1.053635655927225478e+01 6.479566649556154516e+02 -1.369805950616794554e+00 -1.568568257349890160e+01 -1.012825436221427680e+02 -7.551454940825101403e+01 -9.190555893999151849e+00 -1.341872155845176167e+02 -2.756419065429521353e+01 1.000019577407610605e+01 -6.181481252628485379e+01 -4.770683696075830227e+01 -8.061145595099455363e+01 -9.090367641599333126e+01 -2.157719672435161584e+01
3.318404144997141980e+00 -1.643888827140092213e+00 -2.102733375400989146e+00 1.441561119636179500e+00 -5.753143617847021885e-01 1.511936031790374280e+01 -1.369805950616794554e+00 -4.254434991684565261e+02 3.115934941429496874e+01 7.418132008014592493e+00 1.382032329555987715e+01 2.400279293522754287e+01 6.090996523246626992e+00 1.417845752026998163e+01 3.415446284374505836e+01 1.502266197564110328e+01 1.135761813191469294e+01 2.439742906649835064e+00 8.732374236807498136e+00 1.474798514634518831e+00
2.217120156133899656e+01 -1.464327439545576226e+01 -2.087152766735584208e+01 6.728219221605681533e+00 -7.024472990759431212e+00 1.029599758632628408e+02 -1.568568257349889450e+01 3.115934941429496874e+01 -1.693751943924964394e+02 4.357221956372872995e+01 8.935391407562801191e+01 1.639989526527373869e+02 3.209060551173104159e+01 9.527502880484203729e+01 2.350274767281033519e+02 9.859190826473499669e+01 7.446838555174471708e+01 1.091310501929945964e+01 5.333796768594090310e+01 8.558467803106530880e+00
-2.773062521503038447e+00 -5.600368507816197905e+01 -1.051998974259310131e+02 -4.671893105938544721e+01 -4.938187990357707946e+01 1.782927028293226712e+01 -1.012825436221427822e+02 7.418132008014590717e+00 4.357221956372872285e+01 2.868892800755461963e+02 -5.832278896467381912e+01 3.684079604578506917e+01 -1.399913400769173109e+02 -3.308795032626386856e+00 7.856022708234846164e+01 -4.043951270325862168e+01 -3.167542640202715987e+01 -8.649854828235564241e+01 -8.576840489755909402e+01 -2.153534473713395059e+01
4.175200005147473803e+00 -4.340441764306790873e+01 -7.970011671071584658e+01 -3.097582160831174036e+01 -3.664611864727908142e+01 4.097006512575006099e+01 -7.551454940825101403e+01 1.382032329555988071e+01 8.935391407562801191e+01 -5.832278896467380491e+01 1.406917723479468521e+02 7.119162124592240559e+01 -8.952252681517089172e+01 2.399139841047674793e+01 1.201317109796092808e+02 -1.188060097256410819e+00 -1.692009433674882768e+00 -5.777717896944943021e+01 -4.554544987711294368e+01 -1.277112617896182911e+01
1.731774695982576873e+01 -9.722814236103980434e+00 -1.310578746210656931e+01 6.615714741483031958e+00 -3.996435660655252686e+00 7.951068409873658993e+01 -9.190555893999151849e+00 2.400279293522754287e+01 1.639989526527373869e+02 3.684079604578506917e+01 7.119162124592239138e+01 -2.836023693571332274e+02 2.909772230038556629e+01 7.416332122971961383e+01 1.803769487017928270e+02 7.784280791997598214e+01 5.882971338287423890e+01 1.104852017940992148e+01 4.400724637507027381e+01 7.291775435833857344e+00
-6.488383938786050464e+00 -7.345473735058551767e+01 -1.388070067470845288e+02 -6.363583254169189729e+01 -6.550268594740001049e+01 1.114412495018238047e+01 -1.341872155845176167e+02 6.090996523246626992e+00 3.209060551173104159e+01 -1.399913400769172824e+02 -8.952252681517089172e+01 2.909772230038553786e+01 2.808322785692992625e+02 -1.631194792477931088e+01 7.633053095096457241e+01 -6.663482699893748418e+01 -5.185039656575131772e+01 -1.176273622631319427e+02 -1.219289987444799550e+02 -3.001283716319843364e+01
8.402606281505919483e+00 -1.766037917819668479e+01 -3.048568124509879596e+01 -7.056875120570545334e+00 -1.318679201627669784e+01 4.545061665208667279e+01 -2.756419065429521353e+01 1.417845752026998163e+01 9.527502880484203729e+01 -3.308795032626384192e+00 2.399139841047674082e+01 7.416332122971961383e+01 -1.631194792477931088e+01 -9.608949455273447882e+01 1.116786374204945389e+02 3.147921361369470361e+01 2.354009719438103687e+01 -1.369115256972848726e+01 3.651372828172623652e+00 -1.041823291048563860e+00
2.654684334064231521e+01 -1.410450119572922656e+00 5.063748994605475673e+00 2.084537085130745027e+01 5.600360617778691541e+00 1.147196288014049657e+02 1.000019577407609894e+01 3.415446284374505836e+01 2.350274767281033519e+02 7.856022708234844742e+01 1.201317109796092666e+02 1.803769487017928270e+02 7.633053095096457241e+01 1.116786374204945247e+02 -3.486832918775618282e+02 1.258854446219114465e+02 9.539892406478566045e+01 3.679966298822899518e+01 8.591458670557528876e+01 1.595256134699766015e+01
6.211412412062510491e+00 -3.626799953303196133e+01 -6.580707121868211118e+01 -2.363019146468327847e+01 -2.992078513597930467e+01 4.592291517151100066e+01 -6.181481252628485379e+01 1.502266197564110328e+01 9.859190826473499669e+01 -4.043951270325862879e+01 -1.188060097256414371e+00 7.784280791997598214e+01 -6.663482699893746997e+01 3.147921361369470361e+01 1.258854446219114607e+02 8.698858903662964792e+01 8.426378290251623326e+00 -4.429046868592882191e+01 -2.904763724892575993e+01 -8.984031108401445920e+00
4.615732886678411084e+00 -2.794353319080194709e+01 -5.075186849022250613e+01 -1.834708713944867853e+01 -2.309688422260316187e+01 3.465256458395722916e+01 -4.770683696075830227e+01 1.135761813191469294e+01 7.446838555174471708e+01 -3.167542640202716697e+01 -1.692009433674882768e+00 5.882971338287423890e+01 -5.185039656575131772e+01 2.354009719438102977e+01 9.539892406478567466e+01 8.426378290251623326e+00 8.687791079508633629e+01 -3.437357937788091533e+01 -2.294295200885204622e+01 -7.027308142732611174e+00
-4.816109616623402090e+00 -4.388454003405004045e+01 -8.320068774149258672e+01 -3.879586279899739765e+01 -3.937532592413986521e+01 2.623538915243861958e+00 -8.061145595099455363e+01 2.439742906649833287e+00 1.091310501929946142e+01 -8.649854828235565662e+01 -5.777717896944944442e+01 1.104852017940991438e+01 -1.176273622631319427e+02 -1.369115256972848016e+01 3.679966298822898807e+01 -4.429046868592882191e+01 -3.437357937788092244e+01 4.553489843980329965e+02 -7.595434242589226415e+01 -1.851312375820909750e+01
-9.266724164194186653e-01 -5.067740152577716373e+01 -9.473612645362871376e+01 -4.096623294125040360e+01 -4.427841569009283518e+01 2.292824814225994956e+01 -9.090367641599331705e+01 8.732374236807498136e+00 5.333796768594090310e+01 -8.576840489755910824e+01 -4.554544987711294368e+01 4.400724637507028092e+01 -1.219289987444799550e+02 3.651372828172627205e+00 8.591458670557527455e+01 -2.904763724892576704e+01 -2.294295200885204622e+01 -7.595434242589226415e+01 2.546256905111116282e+02 -1.850639996184165170e+01
-6.702668777751930040e-01 -1.191000649722626825e+01 -2.239564181939555709e+01 -1.000209929390193864e+01 -1.052249042156390857e+01 3.445906491252149095e+00 -2.157719672435161229e+01 1.474798514634518831e+00 8.558467803106534433e+00 -2.153534473713395414e+01 -1.277112617896182911e+01 7.291775435833857344e+00 -3.001283716319843009e+01 -1.041823291048563860e+00 1.595256134699766370e+01 -8.984031108401447696e+00 -7.027308142732611174e+00 -1.851312375820909750e+01 -1.850639996184165170e+01 3.963702836378802203e+02
