3.664091364172224417e+02 3.231669236587841443e+00 3.105287236246210725e+00 1.030028320501846473e+01 4.179228304722798271e+00 -1.697547714767527438e+01 -7.040935127179801079e+00 -7.248708651997252117e-01 -1.330281773363769737e+00 9.686322090565924192e-02 -8.706650886742904660e+00 -1.648383743833502280e+00 -4.997106835774016531e+01 -9.183567137433481520e+00 -1.745929520398550139e+01 1.021609187525663032e+01 -3.806662503449665280e+01 -4.774335652167743582e+00 4.846851382522173735e-01 -6.166560396212299455e-01
3.231669236587840999e+00 -4.656859638576737552e+02 3.540592772422473899e+01 3.887587976180526539e+01 7.006617064119423333e+01 1.953061713058344528e+00 6.309163870591227852e-01 -2.029002455634634494e-01 6.672284619463805200e+01 8.216947792317411681e-01 4.924461876593793086e+00 1.448673524785834887e+00 -1.294840581274610969e+01 4.787704711263411639e+01 -1.031723415935295263e+00 6.043888306696893409e+01 -1.333130570780553370e+01 5.537781161132016194e+01 1.958287527874330802e+00 -1.311615158564863881e-01
3.105287236246208504e+00 3.540592772422473899e+01 -3.126295506078040489e+02 6.355176030795092146e+01 1.087887979397869742e+02 -3.800566820268571622e+00 -1.850262104239506433e+00 -5.999842474137614401e-01 1.014748979824009325e+02 1.294941024935419405e+00 4.047846126378623843e+00 1.555761599277915241e+00 -3.977304546262748630e+01 6.952363111399824902e+01 -8.557163489869505923e+00 9.648388973498474286e+01 -3.559928635575817424e+01 8.275360927548675249e+01 3.187621026287539294e+00 -4.470472190116158151e-01
1.030028320501846473e+01 3.887587976180526539e+01 6.355176030795092146e+01 -8.025808343869855435e+02 1.275798784873644962e+02 1.933433281031117090e+01 7.683237686828543467e+00 2.885270547374840233e-01 1.263940933713753765e+02 1.452008357305355934e+00 1.727521508715674159e+01 4.239253230755594792e+00 2.183972193647118942e+01 9.829066540186008183e+01 1.418177053505863761e+01 1.039471440017361914e+02 1.013209286885561156e+01 1.082911345844399591e+02 3.226144476443822739e+00 3.232061713741913866e-01
4.179228304722795606e+00 7.006617064119423333e+01 1.087887979397869742e+02 1.275798784873644962e+02 -1.050329291562755003e+02 -1.422787848644042619e+01 -6.433253847991787566e+00 -1.457605957561380006e+00 1.965404162875189797e+02 2.554005352929149986e+00 4.349779397915956025e+00 2.356642890144723612e+00 -9.739901419008272399e+01 1.313195978726292310e+02 -2.366092263100478377e+01 1.915042404383599148e+02 -8.449164444766118720e+01 1.587922428080536577e+02 6.386246714284324000e+00 -1.116936924230448325e+00
-1.697547714767527083e+01 1.953061713058345861e+00 -3.800566820268576951e+00 1.933433281031117446e+01 -1.422787848644040842e+01 5.162944490508847366e+02 -2.427652249284217589e+01 -2.390395425132358920e+00 -3.166425315528176654e+01 -3.610979478809392147e-03 -3.170461326341107622e+01 -6.212386714814844169e+00 -1.652112655860757400e+02 -5.079387988280207367e+01 -5.914263006809833456e+01 1.028072589665270442e+01 -1.244438019763693717e+02 -3.880128379894571111e+01 8.573574062749907965e-01 -2.050387690113596229e+00
-7.040935127179804631e+00 6.309163870591234513e-01 -1.850262104239505989e+00 7.683237686828543467e+00 -6.433253847991785790e+00 -2.427652249284217589e+01 5.769623187527469099e+02 -9.862704711782240841e-01 -1.361273826684818999e+01 -7.981470173601273171e-03 -1.314137745480908137e+01 -2.578818378743907846e+00 -6.817419574661900583e+01 -2.136956111586238194e+01 -2.443358136341032605e+01 3.771386346445074977e+00 -5.132330250483074963e+01 -1.647264622518700605e+01 3.388528028935043346e-01 -8.463228534238964595e-01
-7.248708651997252117e-01 -2.029002455634634494e-01 -5.999842474137614401e-01 2.885270547374841899e-01 -1.457605957561379784e+00 -2.390395425132359808e+00 -9.862704711782240841e-01 8.129062311971588315e+02 -2.118073121153013716e+00 -1.051540215283626976e-02 -1.339796679136215252e+00 -2.686324989293697452e-01 -6.494361156893139864e+00 -2.651132800558524849e+00 -2.370340732050814747e+00 -3.484476618612133980e-01 -4.846659955621691829e+00 -2.262509309050239725e+00 9.836425895013167081e-03 -8.097234128830183009e-02
-1.330281773363762854e+00 6.672284619463805200e+01 1.014748979824009325e+02 1.263940933713754049e+02 1.965404162875189797e+02 -3.166425315528177364e+01 -1.361273826684819888e+01 -2.118073121153012828e+00 -2.437724795353550533e+01 2.408897206412461411e+00 -5.745357257973783049e+00 2.937343343408729268e-01 -1.432354091208954117e+02 1.081357206772040911e+02 -4.070128441568731148e+01 1.839018610383807868e+02 -1.183901793182304232e+02 1.377853796032599405e+02 6.292573114744178575e+00 -1.690977110935679484e+00
9.686322090565920029e-02 8.216947792317411681e-01 1.294941024935419405e+00 1.452008357305355934e+00 2.554005352929149986e+00 -3.610979478809392147e-03 -7.981470173601273171e-03 -1.051540215283626109e-02 2.408897206412461411e+00 -4.279698387075546293e+02 1.401132135794445344e-01 4.521379533027151953e-02 -6.873039825916570367e-01 1.692492518331139228e+00 -1.137486395591420368e-01 2.232011240267806507e+00 -6.490616734953974509e-01 1.983244278230329671e+00 7.299220889261967549e-02 -7.445556610483721610e-03
-8.706650886742904660e+00 4.924461876593793086e+00 4.047846126378630949e+00 1.727521508715674514e+01 4.349779397915959578e+00 -3.170461326341107622e+01 -1.314137745480908492e+01 -1.339796679136214808e+00 -5.745357257973782161e+00 1.401132135794445899e-01 3.925466869521154649e+02 -3.140310696952262948e+00 -9.241365610872929892e+01 -1.944532030192638672e+01 -3.245929426600993395e+01 1.606221434671846993e+01 -7.022840127612005290e+01 -1.160258808788509732e+01 8.065770854998102202e-01 -1.141810826594437778e+00
-1.648383743833501835e+00 1.448673524785835331e+00 1.555761599277916574e+00 4.239253230755594792e+00 2.356642890144724500e+00 -6.212386714814842392e+00 -2.578818378743907402e+00 -2.686324989293697452e-01 2.937343343408738150e-01 4.521379533027151953e-02 -3.140310696952263836e+00 3.284115162407607613e+02 -1.850677367952185293e+01 -2.811844808726270184e+00 -6.425096883538522263e+00 4.461166868600628277e+00 -1.413862483381759816e+01 -1.104332926266716308e+00 2.009924086610410665e-01 -2.280427763623070758e-01
-4.997106835774016531e+01 -1.294840581274610969e+01 -3.977304546262747209e+01 2.183972193647118942e+01 -9.739901419008272399e+01 -1.652112655860757400e+02 -6.817419574661900583e+01 -6.494361156893139864e+00 -1.432354091208954117e+02 -6.873039825916569256e-01 -9.241365610872929892e+01 -1.850677367952185293e+01 3.472587245865389036e+02 -1.810134456972111536e+02 -1.639692646007620453e+02 -2.116323972905891537e+01 -3.358142809603640444e+02 -1.537744206377292926e+02 7.752764882895569754e-01 -5.605949318836604967e+00
-9.183567137433479743e+00 4.787704711263411639e+01 6.952363111399827744e+01 9.829066540186008183e+01 1.313195978726292026e+02 -5.079387988280207367e+01 -2.136956111586237839e+01 -2.651132800558524405e+00 1.081357206772040911e+02 1.692492518331139451e+00 -1.944532030192639382e+01 -2.811844808726270184e+00 -1.810134456972111536e+02 2.737555517072518896e+01 -5.736225039344504495e+01 1.343386283871157616e+02 -1.437312306580905954e+02 7.805590648686789734e+01 4.842316065210782838e+00 -2.185542948426574039e+00
-1.745929520398550139e+01 -1.031723415935291710e+00 -8.557163489869502371e+00 1.418177053505864471e+01 -2.366092263100478377e+01 -5.914263006809833456e+01 -2.443358136341032250e+01 -2.370340732050814747e+00 -4.070128441568730437e+01 -1.137486395591420923e-01 -3.245929426600993395e+01 -6.425096883538522263e+00 -1.639692646007620169e+02 -5.736225039344503074e+01 6.058190185348156547e+02 2.211163979686979975e+00 -1.230287327449350414e+02 -4.633912185034551356e+01 5.974602122662552306e-01 -2.038932293458032063e+00
1.021609187525663032e+01 6.043888306696893409e+01 9.648388973498474286e+01 1.039471440017361914e+02 1.915042404383599433e+02 1.028072589665269021e+01 3.771386346445074977e+00 -3.484476618612133425e-01 1.839018610383807868e+02 2.232011240267807395e+00 1.606221434671846282e+01 4.461166868600628277e+00 -2.116323972905891537e+01 1.343386283871157616e+02 2.211163979686974201e+00 -3.847207671317518702e+02 -2.565889485520333224e+01 1.536939735632686563e+02 5.245991317375934493e+00 -1.824280321573557018e-01
-3.806662503449665280e+01 -1.333130570780554081e+01 -3.559928635575816713e+01 1.013209286885562577e+01 -8.449164444766118720e+01 -1.244438019763693859e+02 -5.132330250483075673e+01 -4.846659955621691829e+00 -1.183901793182304090e+02 -6.490616734953976730e-01 -7.022840127612005290e+01 -1.413862483381759816e+01 -3.358142809603640444e+02 -1.437312306580905954e+02 -1.230287327449350698e+02 -2.565889485520334645e+01 6.208445070825821404e+02 -1.244767377561583857e+02 2.663105808434242383e-01 -4.190750670482506379e+00
-4.774335652167747135e+00 5.537781161132016905e+01 8.275360927548676671e+01 1.082911345844399733e+02 1.587922428080536577e+02 -3.880128379894571822e+01 -1.647264622518700250e+01 -2.262509309050239725e+00 1.377853796032599405e+02 1.983244278230329671e+00 -1.160258808788510443e+01 -1.104332926266717196e+00 -1.537744206377292926e+02 7.805590648686789734e+01 -4.633912185034552778e+01 1.536939735632686279e+02 -1.244767377561583714e+02 -1.692504335209788380e+01 5.368511744896779625e+00 -1.837060943471187091e+00
4.846851382522174845e-01 1.958287527874330580e+00 3.187621026287539738e+00 3.226144476443822295e+00 6.386246714284325776e+00 8.573574062749910185e-01 3.388528028935043346e-01 9.836425895013187898e-03 6.292573114744178575e+00 7.299220889261967549e-02 8.065770854998104422e-01 2.009924086610410388e-01 7.752764882895569754e-01 4.842316065210781950e+00 5.974602122662552306e-01 5.245991317375934493e+00 2.663105808434242383e-01 5.368511744896779625e+00 -7.958361319199597119e+02 1.224404770103539736e-02
-6.166560396212299455e-01 -1.311615158564862771e-01 -4.470472190116158151e-01 3.232061713741916087e-01 -1.116936924230448769e+00 -2.050387690113596229e+00 -8.463228534238964595e-01 -8.097234128830183009e-02 -1.690977110935679928e+00 -7.445556610483725080e-03 -1.141810826594437778e+00 -2.280427763623071036e-01 -5.605949318836604967e+00 -2.185542948426574483e+00 -2.038932293458032063e+00 -1.824280321573554797e-01 -4.190750670482506379e+00 -1.837060943471187091e+00 1.224404770103539736e-02 7.629301630880869425e+02
