9.310000000000000000e+02
-8.640000000000000000e+02
-6.400000000000000000e+02
5.750000000000000000e+02
-5.540000000000000000e+02
4.570000000000000000e+02
4.450000000000000000e+02
-3.600000000000000000e+02
-3.220000000000000000e+02
3.130000000000000000e+02
2.850000000000000000e+02
2.830000000000000000e+02
-2.120000000000000000e+02
2.050000000000000000e+02
1.950000000000000000e+02
1.910000000000000000e+02
1.870000000000000000e+02
-1.400000000000000000e+02
-6.200000000000000000e+01
-1.000000000000000000e+01
