4.222963262940141362e+02 1.080410630666889382e+01 4.052014865798226895e-01 1.398778100350755693e+01 -6.543175016602632788e+00 1.524323615302149548e+01 -3.425750690400386844e+01 -3.444964207286828639e+01 -1.229574350562287144e+00 -7.619588194215596388e+01 -1.277410814006882722e+00 -1.647394876199805225e+01 -5.396677712589016629e+00 -6.691892830699475780e+01 -9.071613734126049167e+01 -2.435878161860474478e+01 2.880694665809033594e+01 -3.529105892600093597e+01 1.827015751166515045e+01 6.769828505193640211e-01
1.080410630666889915e+01 -7.646069999509594481e+02 8.561259263831433941e+01 8.878288182111847959e+01 3.821911290670558259e+01 1.336099858787970334e+02 3.563811505671215230e+01 7.761488115207502148e+00 3.583553997764915788e+00 1.238061396178181894e+01 7.837693571988133101e+00 4.939042306140914107e+00 1.295079948609929765e+01 3.310472250115528681e+01 -4.416190225952042248e+00 1.256174287994622496e+01 1.566734694036962310e+02 2.368618897312128979e+01 1.654349079549515977e+02 4.240789951043353057e+01
4.052014865798244658e-01 8.561259263831432520e+01 -3.614617225229030169e+02 1.096504032613040636e+02 3.836990527510801741e+01 1.609316155615509274e+02 1.598647717061940909e+01 -1.549001613085677498e+01 3.164634017924683906e+00 -3.964206402377160998e+01 7.913897281518401883e+00 -6.027351658087850339e+00 1.076689894374225354e+01 -9.820957931446411493e+00 -6.873348823120767292e+01 -2.999819755764171703e+00 1.963962112489871004e+02 1.822507928116462894e+00 1.988398376978553870e+02 4.815468918014499167e+01
1.398778100350755338e+01 8.878288182111847959e+01 1.096504032613040636e+02 -7.264107673460529213e+02 4.901031769974327545e+01 1.709932826056698616e+02 4.595291406202540685e+01 1.024978786934600095e+01 4.600895346020174692e+00 1.654017937374257485e+01 1.005009689676191442e+01 6.473650492241084464e+00 1.663596582032465321e+01 4.300082088706191286e+01 -4.843313783980814691e+00 1.630759781746911585e+01 2.004118157940000060e+02 3.065395094336011539e+01 2.117280450537419370e+02 5.431067685406421930e+01
-6.543175016602631011e+00 3.821911290670558969e+01 3.836990527510801741e+01 4.901031769974327545e+01 -1.774401260526403235e+02 6.980990223357771640e+01 -7.421249727064369139e+00 -1.995591872348467533e+01 7.590235961195574976e-01 -4.626832123846433120e+01 2.619458205113686766e+00 -8.996815351676319850e+00 2.095450298336713146e+00 -3.074287781255622676e+01 -6.360922554387661876e+01 -1.096295131429586256e+01 8.928925673007583441e+01 -1.344175963007180918e+01 8.602773946190586685e+01 1.933003626679991527e+01
1.524323615302149548e+01 1.336099858787970334e+02 1.609316155615509274e+02 1.709932826056698616e+02 6.980990223357771640e+01 -4.544268173449594883e+02 5.658227165045720142e+01 4.162543592105071966e+00 6.359341889076563170e+00 2.164937535853064254e-01 1.433557593365542715e+01 4.296142389201514256e+00 2.269420622929817100e+01 4.194826712904418287e+01 -3.572384254644919110e+01 1.623008191434858105e+01 3.029952208204762201e+02 3.382005186943318620e+01 3.162662508719132006e+02 7.986091852385604284e+01
-3.425750690400386134e+01 3.563811505671215230e+01 1.598647717061940199e+01 4.595291406202540685e+01 -7.421249727064367363e+00 5.658227165045720852e+01 2.331203943610224201e+02 -7.321534778711222202e+01 -2.029649629480260842e+00 -1.627827530488884236e+02 -1.382433082966495475e+00 -3.479522752796089691e+01 -9.398464717954748693e+00 -1.390402451923488343e+02 -1.971841559569568858e+02 -5.052098773200661697e+01 9.001867367912574025e+01 -7.222661102774857511e+01 6.875226967748115214e+01 8.949988113551883728e+00
-3.444964207286827929e+01 7.761488115207509253e+00 -1.549001613085677143e+01 1.024978786934600805e+01 -1.995591872348467888e+01 4.162543592105075518e+00 -7.321534778711222202e+01 5.887116663487073538e+02 -3.065950002173146061e+00 -1.501305367755640816e+02 -3.967483471784960525e+00 -3.288909387217331926e+01 -1.292858442155310250e+01 -1.360783784267572685e+02 -1.750983533140805264e+02 -4.963036072990858116e+01 2.608384153827278595e+01 -7.294766314602485124e+01 3.982795350076651975e+00 -6.749235967946326298e+00
-1.229574350562286922e+00 3.583553997764915788e+00 3.164634017924683906e+00 4.600895346020174692e+00 7.590235961195573866e-01 6.359341889076562282e+00 -2.029649629480261286e+00 -3.065950002173145172e+00 -1.798872662125585364e+01 -6.956003307564268212e+00 1.619175625364457360e-01 -1.421340776155990859e+00 -5.191663081405925584e-02 -5.297553233547422913e+00 -8.980856019145470270e+00 -1.909661197154997936e+00 8.519958548100607487e+00 -2.566432403895810399e+00 7.815377415349636259e+00 1.613894351096055502e+00
-7.619588194215596388e+01 1.238061396178184381e+01 -3.964206402377159577e+01 1.654017937374257485e+01 -4.626832123846430989e+01 2.164937535852993200e-01 -1.627827530488884236e+02 -1.501305367755640816e+02 -6.956003307564268212e+00 3.692530630181059337e+02 -9.214657978144655814e+00 -7.238604200357964658e+01 -2.918830810841397039e+01 -3.003409484286343059e+02 -3.833298102655171533e+02 -1.095725363696593035e+02 4.670714310147074144e+01 -1.613998512554271372e+02 -2.298006711193983254e+00 -1.761284102310521149e+01
-1.277410814006883166e+00 7.837693571988136654e+00 7.913897281518401883e+00 1.005009689676191442e+01 2.619458205113686766e+00 1.433557593365543426e+01 -1.382433082966496363e+00 -3.967483471784960969e+00 1.619175625364457360e-01 -9.214657978144659367e+00 -1.994540700955412831e+02 -1.784589386234829878e+00 4.556912970587023715e-01 -6.052012121617413420e+00 -1.272909282805657583e+01 -2.156007269089359468e+00 1.829531799513852164e+01 -2.619973273127341962e+00 1.766816523901182379e+01 3.984821991796286156e+00
-1.647394876199805225e+01 4.939042306140914995e+00 -6.027351658087847674e+00 6.473650492241091570e+00 -8.996815351676321626e+00 4.296142389201524914e+00 -3.479522752796089691e+01 -3.288909387217331926e+01 -1.421340776155990637e+00 -7.238604200357964658e+01 -1.784589386234828545e+00 5.951804457566252040e+02 -6.030469940279441943e+00 -6.523677538111213892e+01 -8.474660572946874026e+01 -2.378475046287041650e+01 1.529061414767997107e+01 -3.487003403506783883e+01 4.753085511621266690e+00 -2.538965280070481612e+00
-5.396677712589014853e+00 1.295079948609929765e+01 1.076689894374225709e+01 1.663596582032465321e+01 2.095450298336713146e+00 2.269420622929817100e+01 -9.398464717954748693e+00 -1.292858442155309895e+01 -5.191663081405926278e-02 -2.918830810841396683e+01 4.556912970587028155e-01 -6.030469940279441943e+00 3.842811083862502386e+01 -2.288111931537380173e+01 -3.712314835402152369e+01 -8.265478011632845678e+00 3.101953137712641606e+01 -1.129548899777443616e+01 2.785630910532664473e+01 5.525374059171022978e+00
-6.691892830699477202e+01 3.310472250115525839e+01 -9.820957931446386624e+00 4.300082088706191286e+01 -3.074287781255623031e+01 4.194826712904417576e+01 -1.390402451923488627e+02 -1.360783784267572685e+02 -5.297553233547422913e+00 -3.003409484286343059e+02 -6.052012121617412532e+00 -6.523677538111212471e+01 -2.288111931537380528e+01 2.402632471659275382e+02 -3.550224858480837042e+02 -9.716150433314554391e+01 9.204496506385800103e+01 -1.414990102884524674e+02 4.957270088490172810e+01 -2.997788142764946429e+00
-9.071613734126049167e+01 -4.416190225952049353e+00 -6.873348823120772977e+01 -4.843313783980811138e+00 -6.360922554387661876e+01 -3.572384254644919110e+01 -1.971841559569568858e+02 -1.750983533140805264e+02 -8.980856019145472047e+00 -3.833298102655171533e+02 -1.272909282805657760e+01 -8.474660572946874026e+01 -3.712314835402152369e+01 -3.550224858480836474e+02 4.264443191300871945e+02 -1.296522242187423615e+02 1.164178483544685605e+01 -1.923725642104331826e+02 -4.719010654203954402e+01 -3.171478627743738343e+01
-2.435878161860474478e+01 1.256174287994622851e+01 -2.999819755764169926e+00 1.630759781746911585e+01 -1.096295131429586434e+01 1.623008191434858105e+01 -5.052098773200661697e+01 -4.963036072990856695e+01 -1.909661197154997936e+00 -1.095725363696593035e+02 -2.156007269089359468e+00 -2.378475046287041650e+01 -8.265478011632847455e+00 -9.716150433314554391e+01 -1.296522242187423615e+02 4.616114021246218613e+02 3.467868934830163852e+01 -5.150050052442037440e+01 1.923163215795563374e+01 -8.042952143290449385e-01
2.880694665809033594e+01 1.566734694036962310e+02 1.963962112489871288e+02 2.004118157939999776e+02 8.928925673007584862e+01 3.029952208204762201e+02 9.001867367912574025e+01 2.608384153827279306e+01 8.519958548100607487e+00 4.670714310147071302e+01 1.829531799513852519e+01 1.529061414767997107e+01 3.101953137712640896e+01 9.204496506385801524e+01 1.164178483544686316e+01 3.467868934830164562e+01 -5.773268395703688611e+02 6.283536401333683585e+01 3.753114433388593625e+02 9.716984477928865260e+01
-3.529105892600093597e+01 2.368618897312129334e+01 1.822507928116470000e+00 3.065395094336012960e+01 -1.344175963007181807e+01 3.382005186943318620e+01 -7.222661102774858932e+01 -7.294766314602485124e+01 -2.566432403895809955e+00 -1.613998512554271372e+02 -2.619973273127341962e+00 -3.487003403506783883e+01 -1.129548899777443616e+01 -1.414990102884524390e+02 -1.923725642104331826e+02 -5.150050052442038151e+01 6.283536401333686428e+01 3.544477020485455796e+02 4.059542915854136425e+01 1.912484925712561790e+00
1.827015751166516466e+01 1.654349079549515409e+02 1.988398376978553870e+02 2.117280450537419370e+02 8.602773946190586685e+01 3.162662508719132006e+02 6.875226967748113793e+01 3.982795350076644869e+00 7.815377415349636259e+00 -2.298006711193955276e+00 1.766816523901182379e+01 4.753085511621273795e+00 2.785630910532664473e+01 4.957270088490168547e+01 -4.719010654203954402e+01 1.923163215795561953e+01 3.753114433388593625e+02 4.059542915854136425e+01 -3.086473647629389916e+02 9.868856848946305149e+01
6.769828505193675738e-01 4.240789951043353767e+01 4.815468918014499167e+01 5.431067685406421219e+01 1.933003626679990816e+01 7.986091852385602863e+01 8.949988113551881952e+00 -6.749235967946329851e+00 1.613894351096055502e+00 -1.761284102310521149e+01 3.984821991796286156e+00 -2.538965280070483388e+00 5.525374059171021202e+00 -2.997788142764953534e+00 -3.171478627743737633e+01 -8.042952143290431621e-01 9.716984477928863839e+01 1.912484925712561790e+00 9.868856848946305149e+01 -4.559932428186617699e+02
