-7.990433954899749551e+02 -6.249661603008198618e+00 8.702020982481927547e+01 2.661811538058115545e+01 1.406348564366064977e+02 1.095990052623480864e+02 1.400750419708423511e+00 1.659405616260593774e+02 6.173320729887381475e+01 1.723676131426028917e+02 9.130572315347139067e+01 8.064509007800565143e+01 5.113392542072746494e+01 1.295750818017557151e+02 1.254155605785198588e+02 6.529503169305687038e+01 2.062792306753563665e+01 3.788046600123042396e+01 2.635739685804755705e+00 7.253122114891480621e+00
-6.249661603008196842e+00 7.484676654476209023e+02 -6.055838427337586438e+01 -1.444814329745070225e+01 -5.712091897260228990e+01 -9.737189162695348443e+01 -2.778925609014875064e+01 -2.271999375021947287e+01 -9.573323093321862132e+01 -5.988130644303415018e+00 -1.985806014090249505e+01 -4.876646549797440855e+01 -8.070225725469909150e+01 -2.634849162669988587e+01 -7.315494966980095626e+01 -6.027643074734072570e+01 -1.344128195981265037e+02 -2.121883119386348326e+01 -6.783219559403879551e+00 -4.866981673082322324e+00
8.702020982481928968e+01 -6.055838427337586438e+01 -9.831777646442492369e+01 2.146622428206938493e-01 1.990936675299604630e+01 -3.613176865852592101e+01 -2.639930994789661867e+01 6.714893954027834866e+01 -6.030349568644484037e+01 8.695862082390782177e+01 2.975895627863327420e+01 -4.228242069149509952e+00 -5.132346651639076640e+01 4.402278985859491911e+01 -3.952549651066487257e+00 -2.373999634299563510e+01 -1.202309891359686986e+02 -3.370254643800302818e-01 -5.208852362408576298e+00 -8.502642737538406159e-01
2.661811538058114834e+01 -1.444814329745070225e+01 2.146622428206947375e-01 -1.949988700506755777e+02 9.699620821686748329e+00 -4.572715027377753039e+00 -6.151064488047151002e+00 2.169984319798262362e+01 -1.196015901210082255e+01 2.658261163975348396e+01 1.025138548501224989e+01 1.887165028316616144e+00 -1.022935489427443834e+01 1.496875265388231746e+01 3.550969803724638663e+00 -3.244320340124827062e+00 -2.750503030580910035e+01 1.273792716546332970e+00 -1.129399535510762220e+00 5.933258493080018070e-02
1.406348564366064977e+02 -5.712091897260227569e+01 1.990936675299604275e+01 9.699620821686748329e+00 -2.557351877109716156e+02 6.387368953764893220e+00 -2.342775298209603463e+01 1.201184726798258566e+02 -3.261391127059391692e+01 1.403687103366221436e+02 5.957741137629371053e+01 2.496511239383200476e+01 -2.825943892999252327e+01 8.617153323809353083e+01 4.120206862529295933e+01 1.798597793633243125e+00 -1.016095829644532387e+02 1.322124829478239150e+01 -3.780031793209801538e+00 1.819347965413203649e+00
1.095990052623480864e+02 -9.737189162695348443e+01 -3.613176865852592101e+01 -4.572715027377753927e+00 6.387368953764900326e+00 -6.005180641000077912e+01 -4.321026691761921512e+01 7.856610693245777099e+01 -1.095279332279272637e+02 1.096077115909907604e+02 3.153396406373541438e+01 -2.179139993175649437e+01 -9.295765217688477833e+01 4.766458894992911866e+01 -2.962137955939976308e+01 -5.069832512715783679e+01 -1.994282075863209798e+02 -7.552828121694586727e+00 -8.962094936328274031e+00 -2.724544225344535775e+00
1.400750419708423955e+00 -2.778925609014875064e+01 -2.639930994789661511e+01 -6.151064488047151002e+00 -2.342775298209603108e+01 -4.321026691761922223e+01 6.359164452527868434e+02 -6.551092509105965078e+00 -4.364085390705415080e+01 1.509396986251778650e+00 -7.077628496316599183e+00 -2.099294327538712324e+01 -3.681165733762262704e+01 -9.178892065158242630e+00 -3.137999676130752746e+01 -2.681274907199652802e+01 -6.293486505014755750e+01 -9.064052024102862148e+00 -3.135924686753269519e+00 -2.115143922318307723e+00
1.659405616260593774e+02 -2.271999375021947287e+01 6.714893954027837708e+01 2.169984319798262007e+01 1.201184726798258282e+02 7.856610693245778521e+01 -6.551092509105965078e+00 -5.715508453619862621e+02 3.261611902802989960e+01 1.654438427539417091e+02 8.288888255250996906e+01 6.432309986678441760e+01 2.661593348886399824e+01 1.181520988035431543e+02 1.007963941390372469e+02 4.616186588705924976e+01 -1.825351985174684444e+01 3.069407640706488394e+01 6.252756121701376069e-01 5.648243319765310133e+00
6.173320729887380764e+01 -9.573323093321862132e+01 -6.030349568644484037e+01 -1.196015901210082255e+01 -3.261391127059391692e+01 -1.095279332279272921e+02 -4.364085390705415080e+01 3.261611902802989249e+01 1.062426747663459992e+02 6.190528899744217739e+01 6.239448037088653365e+00 -4.418091755840339374e+01 -1.072310199046421104e+02 1.177111054624790576e+01 -6.443638024375326268e+01 -6.885838042442570384e+01 -2.053438584300411378e+02 -1.806698002575103601e+01 -9.701887215568973488e+00 -4.738974811775014118e+00
1.723676131426028633e+02 -5.988130644303409689e+00 8.695862082390783598e+01 2.658261163975348040e+01 1.403687103366221436e+02 1.096077115909907604e+02 1.509396986251774653e+00 1.654438427539417376e+02 6.190528899744217739e+01 -8.042203547745913284e+02 9.106249301263676443e+01 8.055793862268362204e+01 5.128221011701051424e+01 1.292224118405245861e+02 1.252690506183512440e+02 6.530948316914710006e+01 2.110421061686523458e+01 3.783262891585052046e+01 2.654109421987113748e+00 7.247250450035995328e+00
9.130572315347139067e+01 -1.985806014090250216e+01 2.975895627863326709e+01 1.025138548501224633e+01 5.957741137629371764e+01 3.153396406373541083e+01 -7.077628496316602735e+00 8.288888255250996906e+01 6.239448037088651589e+00 9.106249301263676443e+01 -5.324651668462726093e+02 2.965165293872964369e+01 4.771953969122344041e+00 6.229826977558060719e+01 4.686940267140128924e+01 1.814822059984402713e+01 -2.677946754574411514e+01 1.440352617440440675e+01 -4.933207599788975162e-01 2.531286344971147795e+00
8.064509007800565143e+01 -4.876646549797441565e+01 -4.228242069149513505e+00 1.887165028316615922e+00 2.496511239383199410e+01 -2.179139993175650147e+01 -2.099294327538712324e+01 6.432309986678441760e+01 -4.418091755840339374e+01 8.055793862268362204e+01 2.965165293872964369e+01 -1.461786347726513213e+02 -3.769241382596640477e+01 4.350988826670151610e+01 4.927321019701626170e+00 -1.475069285282948606e+01 -9.469023243082196473e+01 2.172511514331435745e+00 -3.990043611368913279e+00 -2.115288855566711534e-01
5.113392542072746494e+01 -8.070225725469910572e+01 -5.132346651639076640e+01 -1.022935489427443834e+01 -2.825943892999253038e+01 -9.295765217688477833e+01 -3.681165733762262704e+01 2.661593348886397692e+01 -1.072310199046421246e+02 5.128221011701051424e+01 4.771953969122344041e+00 -3.769241382596640477e+01 1.482932076719509098e+02 9.231645288259194615e+00 -5.501496421442274709e+01 -5.842155773597988855e+01 -1.732856892574878884e+02 -1.543993418041263332e+01 -8.196149138973225945e+00 -4.035500701231615750e+00
1.295750818017557151e+02 -2.634849162669987166e+01 4.402278985859491911e+01 1.496875265388232101e+01 8.617153323809350240e+01 4.766458894992910444e+01 -9.178892065158242630e+00 1.181520988035431543e+02 1.177111054624791997e+01 1.292224118405245861e+02 6.229826977558060719e+01 4.350988826670151610e+01 9.231645288259194615e+00 -5.109145798859253773e+02 6.865444330429389197e+01 2.756128839624736315e+01 -3.383435621949293193e+01 2.105969292983906271e+01 -4.914794985296748742e-01 3.735869376505454476e+00
1.254155605785198588e+02 -7.315494966980095626e+01 -3.952549651066480152e+00 3.550969803724638663e+00 4.120206862529295933e+01 -2.962137955939976308e+01 -3.137999676130752746e+01 1.007963941390372327e+02 -6.443638024375326268e+01 1.252690506183512440e+02 4.686940267140129635e+01 4.927321019701622618e+00 -5.501496421442274709e+01 6.865444330429387776e+01 -1.532021327602440977e+02 -2.029360119274856444e+01 -1.411511829554061705e+02 4.285461546155717727e+00 -5.899586036260678235e+00 -1.185804458675787654e-01
6.529503169305687038e+01 -6.027643074734072570e+01 -2.373999634299562800e+01 -3.244320340124827950e+00 1.798597793633234243e+00 -5.069832512715782968e+01 -2.681274907199653157e+01 4.616186588705925686e+01 -6.885838042442570384e+01 6.530948316914710006e+01 1.814822059984402713e+01 -1.475069285282948961e+01 -5.842155773597988855e+01 2.756128839624735249e+01 -2.029360119274856444e+01 2.562388706599051602e+00 -1.239664955953783334e+02 -5.265162745667123723e+00 -5.597189637136418483e+00 -1.800758851640819724e+00
2.062792306753562244e+01 -1.344128195981265321e+02 -1.202309891359686844e+02 -2.750503030580910035e+01 -1.016095829644532671e+02 -1.994282075863209798e+02 -6.293486505014755750e+01 -1.825351985174684444e+01 -2.053438584300410810e+02 2.110421061686523103e+01 -2.677946754574410804e+01 -9.469023243082196473e+01 -1.732856892574878884e+02 -3.383435621949294614e+01 -1.411511829554061705e+02 -1.239664955953783476e+02 2.573835557570940864e+02 -4.063849908343098605e+01 -1.489995769326940689e+01 -9.610504876439748045e+00
3.788046600123041685e+01 -2.121883119386348326e+01 -3.370254643800302818e-01 1.273792716546332082e+00 1.322124829478238972e+01 -7.552828121694588503e+00 -9.064052024102862148e+00 3.069407640706488394e+01 -1.806698002575103246e+01 3.783262891585051335e+01 1.440352617440440675e+01 2.172511514331435745e+00 -1.543993418041263155e+01 2.105969292983905916e+01 4.285461546155715951e+00 -5.265162745667124611e+00 -4.063849908343097894e+01 -1.804093943625925647e+02 -1.682102468356957647e+00 3.290385367282244733e-02
2.635739685804755705e+00 -6.783219559403879551e+00 -5.208852362408576298e+00 -1.129399535510762220e+00 -3.780031793209802427e+00 -8.962094936328272254e+00 -3.135924686753269519e+00 6.252756121701376069e-01 -9.701887215568973488e+00 2.654109421987114636e+00 -4.933207599788975162e-01 -3.990043611368913279e+00 -8.196149138973225945e+00 -4.914794985296748742e-01 -5.899586036260680011e+00 -5.597189637136418483e+00 -1.489995769326940689e+01 -1.682102468356957425e+00 3.842789268527913009e+02 -4.136063994878064198e-01
7.253122114891480621e+00 -4.866981673082322324e+00 -8.502642737538401718e-01 5.933258493080001417e-02 1.819347965413203205e+00 -2.724544225344538440e+00 -2.115143922318307723e+00 5.648243319765310133e+00 -4.738974811775015006e+00 7.247250450035993552e+00 2.531286344971147351e+00 -2.115288855566718196e-01 -4.035500701231615750e+00 3.735869376505454031e+00 -1.185804458675787654e-01 -1.800758851640819724e+00 -9.610504876439746269e+00 3.290385367282266937e-02 -4.136063994878063643e-01 -1.020567195648780938e+02
