-6.727596618386450018e+02 1.029893404140123323e+02 1.921633867076377555e+01 -2.212784933994294079e+01 1.819924885969060142e+02 3.480140472320815093e+01 -2.766811196999801936e+00 5.495677851387724644e+01 5.405899148454267333e+01 2.574212507665076259e+02 5.104554143674139510e+01 1.983488168613638436e+02 5.033127402999043909e+01 5.325741966799167670e+00 1.746600460209143932e+02 -4.478958598312371464e+01 8.486516130993362594e+01 2.223112538549493777e+01 2.105206387770538967e+01 -3.558460828121631891e+00
1.029893404140123607e+02 -3.366974200707159071e+02 5.890765215545130218e+00 -4.536144429279186596e+01 8.444549627788617840e+01 -9.612915946819221347e+00 -1.514586453268654154e+01 -1.849855261238443660e+01 -2.644656672480059356e+01 1.280594154047693678e+02 2.556921076791687852e+01 8.353780165618485398e+01 2.201942613513779179e+01 2.222530393327242226e+00 6.706293213956992361e+01 -1.001491300719253985e+02 4.439041349786153035e+01 5.268885815579459120e+00 -1.196432628944981502e+01 -3.912166961238709462e+01
1.921633867076377555e+01 5.890765215545130218e+00 -2.153252622394993523e+02 -1.212669464629123262e+01 1.482078992617765856e+01 -4.744798011826390827e+00 -4.303545296475906667e+00 -8.469006970868816708e+00 -1.075787421428000279e+01 2.349783990589041238e+01 4.711175415529923249e+00 1.365292875294312225e+01 3.706163721886619022e+00 3.605577125311404396e-01 1.011065560998560287e+01 -2.699719386587939240e+01 8.385790279761289767e+00 3.257424387140006039e-01 -4.679346789682792718e+00 -1.131364754987172461e+01
-2.212784933994294789e+01 -4.536144429279188017e+01 -1.212669464629122906e+01 8.270060002358262636e+02 -4.208556524191691750e+01 -7.346026114193367107e+01 -3.455883107185844239e+01 -1.244308710260087878e+02 -1.433471561299004406e+02 -3.765419124784292393e+01 -7.020851569091962396e+00 -6.744391779729090786e+01 -1.502777149674145107e+01 -1.862927813231223695e+00 -7.588878954967373147e+01 -1.911707149336213263e+02 -6.897133363152025964e+00 -1.795498628648873662e+01 -6.005189442120742882e+01 -9.432263831149346345e+01
1.819924885969060142e+02 8.444549627788617840e+01 1.482078992617765500e+01 -4.208556524191688908e+01 -4.830522911245715250e+02 1.368782617502636612e+01 -1.140647363339235021e+01 1.946317012959207560e+01 1.379467324871662903e+01 2.304121509637377017e+02 4.580361613154712330e+01 1.677222484963434113e+02 4.309257656157110716e+01 4.490117279369947312e+00 1.434770554609692113e+02 -9.058999293904926731e+01 7.736990921717541880e+01 1.614330025667608481e+01 4.292021094868221809e+00 -2.740877864341764081e+01
3.480140472320814382e+01 -9.612915946819221347e+00 -4.744798011826392603e+00 -7.346026114193367107e+01 1.368782617502637677e+01 1.949151744814469964e+02 -2.856734878476316197e+01 -8.588025207894494883e+01 -1.013557363198235777e+02 3.698474506068516376e+01 7.693107095963580555e+00 -2.465573336716355257e+00 1.055200423438662494e+00 -1.081238928303966951e-01 -1.546476898641304842e+01 -1.657382636727707563e+02 1.663750298632698588e+01 -8.652157063717702101e+00 -4.287763200927245322e+01 -7.692557513355581023e+01
-2.766811196999806377e+00 -1.514586453268654154e+01 -4.303545296475906667e+00 -3.455883107185844239e+01 -1.140647363339235021e+01 -2.856734878476316908e+01 6.789749415517604803e+02 -4.851105348846270005e+01 -5.616900208367286496e+01 -7.310375308959734753e+00 -1.269783177717460410e+00 -2.113495225600983929e+01 -4.521483774777119713e+00 -5.884705959670734066e-01 -2.526646993917272965e+01 -7.848547040384022466e+01 -1.847973061770654679e-01 -6.562297420491968403e+00 -2.357947880586947775e+01 -3.815687510498123913e+01
5.495677851387721802e+01 -1.849855261238442239e+01 -8.469006970868818485e+00 -1.244308710260087594e+02 1.946317012959207204e+01 -8.588025207894494883e+01 -4.851105348846270005e+01 1.178401780005480788e+02 -1.734517732141473800e+02 5.749318831713164712e+01 1.201133278032284935e+01 -8.342392499883606760e+00 7.408020987434880134e-01 -2.952708978309211418e-01 -2.994735573956188546e+01 -2.808436666538805184e+02 2.651051146091290533e+01 -1.517521270002243483e+01 -7.333918781303712819e+01 -1.307110178230970803e+02
5.405899148454267333e+01 -2.644656672480060777e+01 -1.075787421427999924e+01 -1.433471561299004691e+02 1.379467324871661660e+01 -1.013557363198235635e+02 -5.616900208367286496e+01 -1.734517732141473800e+02 1.030767519011493079e+02 5.428790641494506275e+01 1.147382357588637092e+01 -1.926731005940232677e+01 -1.572418550245231028e+00 -6.000569513905095187e-01 -4.319764159562674877e+01 -3.237872464161865196e+02 2.666750528355577643e+01 -1.868689030734935130e+01 -8.613595407878204924e+01 -1.515333410060816846e+02
2.574212507665076259e+02 1.280594154047693394e+02 2.349783990589040528e+01 -3.765419124784293103e+01 2.304121509637376732e+02 3.698474506068516376e+01 -7.310375308959732976e+00 5.749318831713160449e+01 5.428790641494503433e+01 -4.677248963369676176e+02 6.514378360711934590e+01 2.487862537637740559e+02 6.335550614180359474e+01 6.674378145326744338e+00 2.172889723084560103e+02 -7.850534598561330313e+01 1.088205723350104677e+02 2.675968502836931862e+01 2.068380613234597476e+01 -1.479711145819341311e+01
5.104554143674139510e+01 2.556921076791687852e+01 4.711175415529923249e+00 -7.020851569091962396e+00 4.580361613154712330e+01 7.693107095963581443e+00 -1.269783177717458855e+00 1.201133278032285112e+01 1.147382357588636381e+01 6.514378360711936011e+01 -8.010750012503905282e+02 4.956865090868826940e+01 1.261209792840120691e+01 1.330089641816066592e+00 4.337987067578612255e+01 -1.455576182170093702e+01 2.156610025203384140e+01 5.386339425695861216e+00 4.399334556194012258e+00 -2.445644086886371582e+00
1.983488168613639004e+02 8.353780165618483977e+01 1.365292875294312225e+01 -6.744391779729089365e+01 1.677222484963434113e+02 -2.465573336716365027e+00 -2.113495225600984284e+01 -8.342392499883599655e+00 -1.926731005940232677e+01 2.487862537637740559e+02 4.956865090868826229e+01 -3.165961768116111443e+02 4.459547799241158827e+01 4.574784968424659759e+00 1.422211589475354572e+02 -1.476856543620653781e+02 8.493116030799177452e+01 1.372205901378196558e+01 -9.735923149939885946e+00 -5.351682030596857942e+01
5.033127402999043909e+01 2.201942613513779179e+01 3.706163721886619467e+00 -1.502777149674144930e+01 4.309257656157110716e+01 1.055200423438661606e+00 -4.521483774777120601e+00 7.408020987434842386e-01 -1.572418550245233249e+00 6.335550614180359474e+01 1.261209792840120336e+01 4.459547799241158117e+01 -5.304546812891305763e+02 1.191690257094545125e+00 3.745705862172977163e+01 -3.274199589002102329e+01 2.149263119828842505e+01 3.856389377429638721e+00 -1.076823439523257209e+00 -1.129372214747195535e+01
5.325741966799167670e+00 2.222530393327242670e+00 3.605577125311404396e-01 -1.862927813231223251e+00 4.490117279369947312e+00 -1.081238928303968894e-01 -5.884705959670731845e-01 -2.952708978309213639e-01 -6.000569513905096297e-01 6.674378145326744338e+00 1.330089641816066370e+00 4.574784968424660647e+00 1.191690257094544680e+00 -4.758779342668471486e+02 3.784566885932532543e+00 -4.083474274976894414e+00 2.281899914152674569e+00 3.591045895081479422e-01 -2.961733791493761925e-01 -1.493968887951039548e+00
1.746600460209143932e+02 6.706293213956992361e+01 1.011065560998560287e+01 -7.588878954967371726e+01 1.434770554609692397e+02 -1.546476898641304665e+01 -2.526646993917272965e+01 -2.994735573956187835e+01 -4.319764159562674166e+01 2.172889723084560387e+02 4.337987067578612255e+01 1.422211589475354572e+02 3.745705862172977163e+01 3.784566885932532543e+00 -2.675856935790350803e+02 -1.674839456030929341e+02 7.525259456443308181e+01 9.122143884359211086e+00 -1.959567161101916710e+01 -6.520702523100440828e+01
-4.478958598312374306e+01 -1.001491300719253985e+02 -2.699719386587939951e+01 -1.911707149336212979e+02 -9.058999293904930994e+01 -1.657382636727707848e+02 -7.848547040384021045e+01 -2.808436666538805184e+02 -3.237872464161865196e+02 -7.850534598561333155e+01 -1.455576182170093702e+01 -1.476856543620653781e+02 -3.274199589002103039e+01 -4.083474274976894414e+00 -1.674839456030929625e+02 4.380446237390865463e+02 -1.336476610413804700e+01 -4.013993744921386053e+01 -1.356859168548708965e+02 -2.141056883461312736e+02
8.486516130993361173e+01 4.439041349786152324e+01 8.385790279761287991e+00 -6.897133363152018859e+00 7.736990921717541880e+01 1.663750298632698588e+01 -1.847973061770670222e-01 2.651051146091289823e+01 2.666750528355577643e+01 1.088205723350104677e+02 2.156610025203384140e+01 8.493116030799177452e+01 2.149263119828842505e+01 2.281899914152674569e+00 7.525259456443308181e+01 -1.336476610413804700e+01 -9.062800420403899579e+02 9.811986928151132048e+00 1.050416952347580590e+01 1.167188713943506428e+00
2.223112538549493422e+01 5.268885815579458232e+00 3.257424387140006039e-01 -1.795498628648873662e+01 1.614330025667608126e+01 -8.652157063717702101e+00 -6.562297420491968403e+00 -1.517521270002243483e+01 -1.868689030734935130e+01 2.675968502836931862e+01 5.386339425695861216e+00 1.372205901378196558e+01 3.856389377429638721e+00 3.591045895081479422e-01 9.122143884359209309e+00 -4.013993744921386053e+01 9.811986928151130272e+00 -1.083276862122630035e+02 -8.036062029509134064e+00 -1.739079384910510839e+01
2.105206387770540033e+01 -1.196432628944981325e+01 -4.679346789682793606e+00 -6.005189442120744303e+01 4.292021094868229802e+00 -4.287763200927244611e+01 -2.357947880586947775e+01 -7.333918781303712819e+01 -8.613595407878206345e+01 2.068380613234598897e+01 4.399334556194013146e+00 -9.735923149939878840e+00 -1.076823439523258985e+00 -2.961733791493764700e-01 -1.959567161101915644e+01 -1.356859168548708965e+02 1.050416952347580413e+01 -8.036062029509132287e+00 2.886314237031315884e+02 -6.364526271472945496e+01
-3.558460828121631891e+00 -3.912166961238709462e+01 -1.131364754987172461e+01 -9.432263831149346345e+01 -2.740877864341764791e+01 -7.692557513355581023e+01 -3.815687510498123913e+01 -1.307110178230970519e+02 -1.515333410060816846e+02 -1.479711145819342732e+01 -2.445644086886369806e+00 -5.351682030596856521e+01 -1.129372214747195535e+01 -1.493968887951038882e+00 -6.520702523100439407e+01 -2.141056883461312736e+02 1.167188713943517087e+00 -1.739079384910510839e+01 -6.364526271472944785e+01 5.452676534471181640e+02
