-1.983784673278564128e+02 -3.949166707473391824e+01 -4.510674459310306084e+00 1.132938454579020657e+02 -4.448022501242866866e+01 3.689467297561473202e+01 9.689033948788539519e+00 -3.541930977994583341e+00 -4.021048762243029273e+01 5.965480176932035050e+01 -5.388558169933509845e+01 -1.503059723113867285e+01 1.403816201987008050e+01 -1.292298234328652384e+01 -4.734287088892751427e+01 -2.603929958556155455e+01 -3.040568450602742168e+00 -2.459917622703896001e+01 5.940204175025331068e+01 -8.264212318395275148e+00
-3.949166707473390403e+01 3.974897214990241991e+02 -8.538600991610758584e+00 1.074019387506199052e+01 -4.977350317125412005e+01 -4.558774668995041424e+01 -7.398515622783425272e+01 -6.994572055476189121e+01 -9.275837087183502661e+01 -8.328712616793421120e+00 -8.221437762148511297e+01 -3.503271451182040153e+01 -1.363066937164684944e+01 -2.879525106754849162e+01 -6.430609494284921368e+01 -5.946238256282634183e+01 -5.495606327607837294e+00 -4.672821288334669276e+01 -1.717825437483331186e+01 -5.488671963975097157e+01
-4.510674459310306084e+00 -8.538600991610758584e+00 2.838084029217679927e+02 4.621453365740498143e+00 -7.473780789426067273e+00 -4.592694378796156052e+00 -8.909776484412763153e+00 -8.791870653066073515e+00 -1.268974656338976992e+01 6.962477601676057004e-01 -1.177668981568563211e+01 -4.788101055923013050e+00 -1.285968757914932592e+00 -3.952091020393925014e+00 -9.362171611182397157e+00 -8.142328540242621315e+00 -7.709216311665935129e-01 -6.518623825686317375e+00 -4.104323088073029147e-01 -7.058163780379071994e+00
1.132938454579020657e+02 1.074019387506199052e+01 4.621453365740498143e+00 -5.829426034968136037e+02 -2.153795947260138988e+01 1.872139539699658997e+02 1.700525781866851105e+02 1.269099182982445058e+02 7.363749406593659330e+01 1.752507222845078445e+02 1.663107540608859480e+01 2.822698512026713402e+01 6.399133069620906156e+01 2.168578231264377720e+01 -8.389450292414628585e-01 4.650523243336622414e+01 2.608171252350419245e+00 2.552018512325737021e+01 1.918281449876259899e+02 8.496647368621053431e+01
-4.448022501242866156e+01 -4.977350317125412005e+01 -7.473780789426067273e+00 -2.153795947260139343e+01 8.926618471228857743e+02 -5.743247165101730900e+01 -7.878006186676758205e+01 -7.082725694683171014e+01 -8.371798983828198004e+01 -2.570456772489853492e+01 -6.895628010636824001e+01 -3.166321190933737739e+01 -1.803659741943882011e+01 -2.586223444972329233e+01 -5.244250292699727112e+01 -5.359161075507137184e+01 -4.770764252350141454e+00 -4.092558056118169674e+01 -3.472180553109964762e+01 -5.400167519294755181e+01
3.689467297561472492e+01 -4.558774668995042134e+01 -4.592694378796156052e+00 1.872139539699659565e+02 -5.743247165101730900e+01 -2.437187767548553552e+02 4.243192505992789165e+01 1.870095545773363455e+01 -3.507184106629728859e+01 1.035100183930653230e+02 -6.184595454902161293e+01 -1.298285815518793029e+01 2.847498951449662030e+01 -1.162979648757095141e+01 -5.713245967849926643e+01 -2.292525898510292137e+01 -3.187609568685694672e+00 -2.498913898627031571e+01 1.062054330445499346e+02 5.427811482530165321e+00
9.689033948788523531e+00 -7.398515622783425272e+01 -8.909776484412763153e+00 1.700525781866851673e+02 -7.878006186676758205e+01 4.243192505992789165e+01 -1.452130920463979180e+02 -2.367635188163598770e+01 -8.381546815998316902e+01 8.585274050749833918e+01 -1.012186466314114028e+02 -3.142495502437893862e+01 1.712493487968915673e+01 -2.666898997646644887e+01 -8.683832005051661440e+01 -5.411705649909267635e+01 -5.937320333071829381e+00 -4.863276001157110784e+01 8.314556160941161522e+01 -2.667447505986196532e+01
-3.541930977994586893e+00 -6.994572055476187700e+01 -8.791870653066075292e+00 1.269099182982445058e+02 -7.082725694683171014e+01 1.870095545773363455e+01 -2.367635188163597704e+01 -9.805710885419155431e+01 -8.604655889542880232e+01 6.037787169416856869e+01 -9.590687639912674456e+01 -3.232990271186305620e+01 8.828226556830589544e+00 -2.718568423741496076e+01 -8.060822466180589174e+01 -5.544240834643107974e+01 -5.806537500001107688e+00 -4.802181539452362102e+01 5.602622906216969767e+01 -3.419851003877820972e+01
-4.021048762243028563e+01 -9.275837087183502661e+01 -1.268974656338976992e+01 7.363749406593662172e+01 -8.371798983828198004e+01 -3.507184106629729570e+01 -8.381546815998316902e+01 -8.604655889542880232e+01 5.785720171852703686e+01 2.195034513006927313e+01 -1.277865833591691427e+02 -5.020139381573461890e+01 -8.875072491777581618e+00 -4.156788481385945744e+01 -1.027356092411052515e+02 -8.549135195017123579e+01 -8.241004835100927295e+00 -6.939968731255409295e+01 1.116842356643656231e+01 -7.046055862530792524e+01
5.965480176932035050e+01 -8.328712616793419343e+00 6.962477601676068106e-01 1.752507222845078445e+02 -2.570456772489854202e+01 1.035100183930653230e+02 8.585274050749833918e+01 6.037787169416856869e+01 2.195034513006927313e+01 -5.344918651912981886e+02 -1.040521643742273383e+01 8.545419856958304194e+00 3.586999415607166952e+01 6.093494819444781996e+00 -1.664041564361730252e+01 1.364153994645248602e+01 2.232350972948065615e-01 3.950804910850783891e+00 1.134668779346090446e+02 3.840252729489480288e+01
-5.388558169933509134e+01 -8.221437762148511297e+01 -1.177668981568563389e+01 1.663107540608859480e+01 -6.895628010636824001e+01 -6.184595454902160583e+01 -1.012186466314114028e+02 -9.590687639912674456e+01 -1.277865833591691427e+02 -1.040521643742274094e+01 3.314309196903191719e+02 -4.825943414744210003e+01 -1.844106133112905255e+01 -3.967659883034909996e+01 -8.891873407238428229e+01 -8.192151257124831432e+01 -7.582023131560768903e+00 -6.444747614248306888e+01 -2.253606699465502672e+01 -7.535120286344245244e+01
-1.503059723113867285e+01 -3.503271451182040153e+01 -4.788101055923011273e+00 2.822698512026712692e+01 -3.166321190933737739e+01 -1.298285815518792674e+01 -3.142495502437893862e+01 -3.232990271186306330e+01 -5.020139381573461890e+01 8.545419856958302418e+00 -4.825943414744210003e+01 1.680722648950323332e+02 -3.261507634305633285e+00 -1.567501292192535445e+01 -3.881917337194306583e+01 -3.223556764173756761e+01 -3.110064188694470211e+00 -2.618556947780849598e+01 4.495344379138358271e+00 -2.650105884190545424e+01
1.403816201987008405e+01 -1.363066937164685122e+01 -1.285968757914932370e+00 6.399133069620906156e+01 -1.803659741943882366e+01 2.847498951449660609e+01 1.712493487968916739e+01 8.828226556830589544e+00 -8.875072491777585171e+00 3.586999415607166242e+01 -1.844106133112905610e+01 -3.261507634305633285e+00 -3.497434108908702228e+02 -3.010314522592781206e+00 -1.743496318502920417e+01 -5.841483633956849886e+00 -9.073145978112173715e-01 -6.987804583588981266e+00 3.710017125144923966e+01 3.748678681170352966e+00
-1.292298234328652384e+01 -2.879525106754848807e+01 -3.952091020393925014e+00 2.168578231264377720e+01 -2.586223444972329233e+01 -1.162979648757094964e+01 -2.666898997646644887e+01 -2.718568423741496431e+01 -4.156788481385945744e+01 6.093494819444781108e+00 -3.967659883034909996e+01 -1.567501292192535445e+01 -3.010314522592781206e+00 1.920275730403933210e+02 -3.184090019093914847e+01 -2.668769987852363101e+01 -2.564982876329088057e+00 -2.161481431790492636e+01 2.684301064479481358e+00 -2.218458918331226926e+01
-4.734287088892751427e+01 -6.430609494284919947e+01 -9.362171611182395381e+00 -8.389450292414619703e-01 -5.244250292699725691e+01 -5.713245967849926643e+01 -8.683832005051661440e+01 -8.060822466180589174e+01 -1.027356092411052373e+02 -1.664041564361730252e+01 -8.891873407238428229e+01 -3.881917337194306583e+01 -1.743496318502920417e+01 -3.184090019093914137e+01 5.060588545663906643e+02 -6.582747827162764054e+01 -6.009564813842215081e+00 -5.124533793474344634e+01 -2.686187925765019813e+01 -6.261070981027750548e+01
-2.603929958556155455e+01 -5.946238256282634183e+01 -8.142328540242621315e+00 4.650523243336621704e+01 -5.359161075507137184e+01 -2.292525898510291782e+01 -5.411705649909267635e+01 -5.544240834643107974e+01 -8.549135195017123579e+01 1.364153994645247892e+01 -8.192151257124831432e+01 -3.223556764173756761e+01 -5.841483633956852550e+00 -2.668769987852363101e+01 -6.582747827162764054e+01 1.401076501040474511e+02 -5.286860058979635291e+00 -4.453064407836138372e+01 6.692789176424792430e+00 -4.535406849568077803e+01
-3.040568450602741724e+00 -5.495606327607837294e+00 -7.709216311665935129e-01 2.608171252350419245e+00 -4.770764252350141454e+00 -3.187609568685695116e+00 -5.937320333071829381e+00 -5.806537500001107688e+00 -8.241004835100925519e+00 2.232350972948061174e-01 -7.582023131560768903e+00 -3.110064188694470655e+00 -9.073145978112173715e-01 -2.564982876329088057e+00 -6.009564813842214193e+00 -5.286860058979635291e+00 3.125017280949333554e+02 -4.217626207847897213e+00 -5.084344250404116972e-01 -4.639920563927957708e+00
-2.459917622703896356e+01 -4.672821288334669276e+01 -6.518623825686317375e+00 2.552018512325737021e+01 -4.092558056118169674e+01 -2.498913898627032282e+01 -4.863276001157110784e+01 -4.802181539452362102e+01 -6.939968731255409295e+01 3.950804910850775897e+00 -6.444747614248306888e+01 -2.618556947780849598e+01 -6.987804583588981266e+00 -2.161481431790492636e+01 -5.124533793474344634e+01 -4.453064407836138372e+01 -4.217626207847897213e+00 2.473401024172820826e+02 -2.093478600555969127e+00 -3.856568502258058828e+01
5.940204175025331068e+01 -1.717825437483331186e+01 -4.104323088073038028e-01 1.918281449876259614e+02 -3.472180553109964762e+01 1.062054330445499204e+02 8.314556160941162943e+01 5.602622906216969767e+01 1.116842356643654810e+01 1.134668779346090446e+02 -2.253606699465504803e+01 4.495344379138354718e+00 3.710017125144923966e+01 2.684301064479484911e+00 -2.686187925765021234e+01 6.692789176424792430e+00 -5.084344250404099208e-01 -2.093478600555969127e+00 -4.330973829042098373e+02 3.421385256244583672e+01
-8.264212318395271595e+00 -5.488671963975097157e+01 -7.058163780379071994e+00 8.496647368621053431e+01 -5.400167519294755181e+01 5.427811482530174203e+00 -2.667447505986196532e+01 -3.419851003877820972e+01 -7.046055862530792524e+01 3.840252729489478867e+01 -7.535120286344246665e+01 -2.650105884190545424e+01 3.748678681170349414e+00 -2.218458918331226570e+01 -6.261070981027750548e+01 -4.535406849568077803e+01 -4.639920563927957708e+00 -3.856568502258058828e+01 3.421385256244583672e+01 -4.071355860411033945e+01
