8.510000000000000000e+02
7.790000000000000000e+02
7.350000000000000000e+02
7.230000000000000000e+02
-6.000000000000000000e+02
5.270000000000000000e+02
5.170000000000000000e+02
4.730000000000000000e+02
-4.300000000000000000e+02
-4.100000000000000000e+02
4.010000000000000000e+02
3.870000000000000000e+02
-3.820000000000000000e+02
-3.400000000000000000e+02
3.270000000000000000e+02
1.570000000000000000e+02
-1.340000000000000000e+02
8.100000000000000000e+01
7.500000000000000000e+01
-7.000000000000000000e+01
