-8.344796050604432480e+01 9.266584575061391149e+01 1.715709946093940275e+01 -3.484644828592406895e+01 6.146657467252363460e+01 1.656930110327075738e+02 -7.411061994295718769e+00 -4.741842768710391454e+01 3.161844477564316946e+01 8.103691003956221550e+00 -9.917279552648750496e+00 1.096399411463350617e+02 5.276206145032831785e+01 -2.190583322283728318e+00 4.823657767608997204e+01 1.878754695555366823e+02 4.650305272754655661e-01 -3.011752290026898748e+01 7.208703763638663986e+01 1.204601925015697645e+02
9.266584575061392570e+01 -4.185176651534594043e+02 1.224365984081034320e+01 5.171772833606548048e+00 4.909081716242986460e+01 1.126304981773463254e+02 6.749351446040511959e+00 -4.962269532767304980e+00 2.287195171030631613e+01 2.256166848406247993e+01 -2.563135708131851764e-01 7.684715176165066453e+01 3.598730008010810621e+01 1.271437012892683016e-01 3.711705810931983507e+01 1.288543969384312504e+02 2.839197198075550688e+01 1.483518599295745233e+01 4.697595382520727725e+01 8.105957039663687169e+01
1.715709946093940275e+01 1.224365984081034320e+01 -1.957462216353098086e+02 -5.036255029353296386e+00 7.994495793858542143e+00 2.185134737303805608e+01 -1.157382253851875209e+00 -6.669972698626459362e+00 4.148729220292872277e+00 8.082516271345667747e-01 -1.406920762514225487e+00 1.442373487008035227e+01 6.956317608969771804e+00 -3.135749486605494685e-01 6.295266135162512988e+00 2.475924516382487184e+01 -3.674723340741062882e-01 -4.511104902104451142e+00 9.537666403163239437e+00 1.589869150070039794e+01
-3.484644828592408317e+01 5.171772833606551600e+00 -5.036255029353297274e+00 5.699182264210987796e+02 -5.446439475273191277e+01 -9.536679020268680418e+00 -8.170536188763409768e+01 -1.872917156498156146e+02 -1.142997417116563597e+01 -1.192924084154740427e+02 -4.461652000750439839e+01 -2.246890475618864258e+01 -3.887400227094020444e+00 -1.113557592501694593e+01 -3.293406578890785852e+01 -1.879372217050906002e+01 -1.956587872649829194e+02 -2.442897963124782450e+02 9.964598191734147292e+00 -1.193474266512630777e+00
6.146657467252362039e+01 4.909081716242986460e+01 7.994495793858542143e+00 -5.446439475273192699e+01 6.298901002210758548e+01 8.434716900690756347e+01 -1.877280293190452909e+01 -5.884312593018756132e+01 1.434044189771225675e+01 -1.757652813190178165e+01 -1.330123967969876198e+01 5.286187425246027516e+01 2.670353983204445925e+01 -3.171902822305212144e+00 1.904730653662423023e+01 9.418182093265707522e+01 -3.549249969342267264e+01 -6.026395408197126358e+01 3.927404997647562368e+01 6.236937321075122043e+01
1.656930110327076022e+02 1.126304981773463396e+02 2.185134737303805608e+01 -9.536679020268680418e+00 8.434716900690757768e+01 -1.634817965554689465e+02 4.524865256033750782e+00 -2.689675721256482177e+01 4.062707731034954151e+01 2.978349280412972888e+01 -4.718770162953807024e+00 1.380206682180080691e+02 6.526687061219359975e+01 -8.291544044769028066e-01 6.455972978427013231e+01 2.332269362315772412e+02 3.314082970098117187e+01 3.780791386422981404e+00 8.662897568319776553e+01 1.477309304995480943e+02
-7.411061994295726763e+00 6.749351446040511959e+00 -1.157382253851874321e+00 -8.170536188763409768e+01 -1.877280293190452909e+01 4.524865256033743677e+00 6.258146421825769039e+02 -7.760455835630111210e+01 -2.995828820005968396e+00 -4.749747116705564309e+01 -1.841739328678324483e+01 -3.494862503122021735e+00 1.099272088386559432e+00 -4.582338457973490264e+00 -1.079362847162801842e+01 1.925867628678270105e+00 -7.855024787889119864e+01 -9.962179574471764454e+01 7.636444820865946781e+00 5.594622071592899815e+00
-4.741842768710392875e+01 -4.962269532767304980e+00 -6.669972698626459362e+00 -1.872917156498156146e+02 -5.884312593018754711e+01 -2.689675721256483598e+01 -7.760455835630112631e+01 7.183676203425494577e+02 -1.435374441658121825e+01 -1.153319151736780555e+02 -4.174848339271752451e+01 -3.330214007677152210e+01 -9.380986745638612234e+00 -1.045024206677192424e+01 -3.676728582531448808e+01 -3.815490647844251981e+01 -1.877892120398635143e+02 -2.311764006355101344e+02 1.840598819638475714e+00 -1.404671491040976150e+01
3.161844477564316946e+01 2.287195171030631613e+01 4.148729220292872277e+00 -1.142997417116564307e+01 1.434044189771225675e+01 4.062707731034954151e+01 -2.995828820005968396e+00 -1.435374441658122180e+01 -1.523852342851986919e+02 2.817127789549660477e-01 -3.080148991822841964e+00 2.665126224301886282e+01 1.292478001709263147e+01 -6.987357585049013275e-01 1.139456813726796192e+01 4.595157722717805626e+01 -2.693490318324322175e+00 -1.091533978710523911e+01 1.787791730598810958e+01 2.961859336997981629e+01
8.103691003956228656e+00 2.256166848406247993e+01 8.082516271345663306e-01 -1.192924084154740569e+02 -1.757652813190178875e+01 2.978349280412974309e+01 -4.749747116705565730e+01 -1.153319151736780555e+02 2.817127789549633832e-01 4.336660404532680673e+02 -2.718187143600366795e+01 1.062544051907243947e+01 9.005918461422353971e+00 -6.723797028021891720e+00 -8.280717385049186419e+00 2.928518449370567822e+01 -1.098787292133531679e+02 -1.437002560034438829e+02 2.089083430560623000e+01 2.487909950986236751e+01
-9.917279552648754049e+00 -2.563135708131875079e-01 -1.406920762514225931e+00 -4.461652000750440550e+01 -1.330123967969876375e+01 -4.718770162953816794e+00 -1.841739328678324839e+01 -4.174848339271753161e+01 -3.080148991822842408e+00 -2.718187143600367506e+01 8.310334353608913034e+02 -6.787351800662342782e+00 -1.695538523109872298e+00 -2.491886520379894332e+00 -8.213849135104734245e+00 -7.160527679292208347e+00 -4.438481201585799596e+01 -5.494315555581783173e+01 1.148172944972917664e+00 -2.128739783392850526e+00
1.096399411463350617e+02 7.684715176165066453e+01 1.442373487008035227e+01 -2.246890475618865679e+01 5.286187425246027516e+01 1.380206682180080691e+02 -3.494862503122025288e+00 -3.330214007677152210e+01 2.665126224301886282e+01 1.062544051907244302e+01 -6.787351800662340118e+00 -1.621440366672952962e+02 4.397802456689758799e+01 -1.457470245548182497e+00 4.116410276248268474e+01 1.567586936850729842e+02 6.767303367352566212e+00 -1.706431136468255616e+01 5.958752816547460895e+01 1.001549849091603619e+02
5.276206145032831074e+01 3.598730008010810621e+01 6.956317608969772692e+00 -3.887400227094022220e+00 2.670353983204446635e+01 6.526687061219358554e+01 1.099272088386560986e+00 -9.380986745638605129e+00 1.292478001709262969e+01 9.005918461422352195e+00 -1.695538523109870077e+00 4.397802456689758799e+01 -3.331752804518197877e+02 -3.118715224355437798e-01 2.047604481192435344e+01 7.439504974799703518e+01 9.754956958920287136e+00 1.739319393505631695e-01 2.770470952593100478e+01 4.716872349347838167e+01
-2.190583322283727430e+00 1.271437012892679685e-01 -3.135749486605494685e-01 -1.113557592501694415e+01 -3.171902822305211256e+00 -8.291544044769028066e-01 -4.582338457973490264e+00 -1.045024206677192424e+01 -6.987357585049012165e-01 -6.723797028021888167e+00 -2.491886520379893444e+00 -1.457470245548182275e+00 -3.118715224355432247e-01 8.003775617373403293e+02 -1.937574803079068930e+00 -1.389002847926967599e+00 -1.100544775026100375e+01 -1.368661023651113950e+01 4.330732395559204750e-01 -2.799746755997167824e-01
4.823657767608997204e+01 3.711705810931982796e+01 6.295266135162512988e+00 -3.293406578890786562e+01 1.904730653662423023e+01 6.455972978427010389e+01 -1.079362847162802908e+01 -3.676728582531448808e+01 1.139456813726796192e+01 -8.280717385049191748e+00 -8.213849135104730692e+00 4.116410276248269184e+01 2.047604481192435699e+01 -1.937574803079068708e+00 -6.108346603504095640e+00 7.243459876839004608e+01 -1.865035630406358180e+01 -3.541703938053780831e+01 2.944618580063283630e+01 4.748796930021953244e+01
1.878754695555366538e+02 1.288543969384312504e+02 2.475924516382486473e+01 -1.879372217050906002e+01 9.418182093265707522e+01 2.332269362315772696e+02 1.925867628678266552e+00 -3.815490647844251981e+01 4.595157722717805626e+01 2.928518449370569243e+01 -7.160527679292204795e+00 1.567586936850729842e+02 7.439504974799703518e+01 -1.389002847926967599e+00 7.243459876839004608e+01 -6.634866001374625455e+01 3.008935581159537520e+01 -5.376314334731746136e+00 9.934506539736091213e+01 1.686943103065452760e+02
4.650305272754646779e-01 2.839197198075550688e+01 -3.674723340741034017e-01 -1.956587872649829194e+02 -3.549249969342267974e+01 3.314082970098117187e+01 -7.855024787889119864e+01 -1.877892120398634859e+02 -2.693490318324325727e+00 -1.098787292133531821e+02 -4.438481201585799596e+01 6.767303367352555554e+00 9.754956958920285359e+00 -1.100544775026100375e+01 -1.865035630406357825e+01 3.008935581159538941e+01 3.755230072916730819e+02 -2.368781878937151930e+02 2.766183775480440232e+01 2.947953327559036651e+01
-3.011752290026900170e+01 1.483518599295746654e+01 -4.511104902104451142e+00 -2.442897963124782166e+02 -6.026395408197126358e+01 3.780791386422981404e+00 -9.962179574471764454e+01 -2.311764006355101628e+02 -1.091533978710524266e+01 -1.437002560034439114e+02 -5.494315555581782462e+01 -1.706431136468255971e+01 1.739319393505627254e-01 -1.368661023651113950e+01 -3.541703938053782252e+01 -5.376314334731715938e+00 -2.368781878937151930e+02 4.004057591121994619e+02 1.873497394346056666e+01 9.698895540523714942e+00
7.208703763638663986e+01 4.697595382520727725e+01 9.537666403163239437e+00 9.964598191734122423e+00 3.927404997647562368e+01 8.662897568319776553e+01 7.636444820865946781e+00 1.840598819638479711e+00 1.787791730598810958e+01 2.089083430560622645e+01 1.148172944972916776e+00 5.958752816547460895e+01 2.770470952593100478e+01 4.330732395559209191e-01 2.944618580063283630e+01 9.934506539736091213e+01 2.766183775480440943e+01 1.873497394346055955e+01 -5.442889583723134592e+02 6.217552880527782122e+01
1.204601925015697788e+02 8.105957039663687169e+01 1.589869150070039794e+01 -1.193474266512623672e+00 6.236937321075122043e+01 1.477309304995480943e+02 5.594622071592896262e+00 -1.404671491040976150e+01 2.961859336997981273e+01 2.487909950986236751e+01 -2.128739783392850526e+00 1.001549849091603619e+02 4.716872349347838167e+01 -2.799746755997167824e-01 4.748796930021954665e+01 1.686943103065452760e+02 2.947953327559038073e+01 9.698895540523722048e+00 6.217552880527782122e+01 -3.054511426795448870e+02
