3.830199016752505372e+02 -7.533358971091240619e+01 -1.774909244875574075e+02 2.121577369908433042e+01 -7.911978925761399495e+00 3.325125550050911016e+01 -2.709372231984128021e+01 -4.079575668711463265e+00 -5.904990592060632792e+01 7.046795728071953313e+00 -4.524549879344937153e+01 1.217723525907792848e+01 -5.148753748289696830e+01 -1.189268769887988952e+02 6.859135665130135351e+01 -8.551739295342606795e+01 -1.439775453492190316e+01 -8.253872841150173656e+01 -1.463449408950048394e+02 7.096650711272491208e+01
-7.533358971091240619e+01 2.626382286663975378e+02 -1.224316103220597540e+02 2.548109484983568152e+01 -2.945246184893119068e+00 3.689088445704523167e+01 -1.283591487751760241e+01 2.747042193547746081e+01 -3.283443161854928860e+01 7.599351058786075974e+00 -6.284006421497222661e+00 2.650106562691782841e+01 -3.192680268715838920e+01 -7.881403811367952983e+01 7.953824632091563274e+01 -4.423838594993064532e+01 -7.360318255742328120e+00 -4.914051280646771858e+01 -8.845571993358163354e+01 7.942801181428447421e+01
-1.774909244875574075e+02 -1.224316103220597540e+02 6.208762536068421696e+02 4.332499502378403200e+00 -1.620411643919166877e+01 1.356537645685716953e+01 -4.937073880991678010e+01 -7.284783672558302214e+01 -9.679209666123053069e+01 3.361567521460747443e+00 -1.161551786801217503e+02 -2.393335169119840344e+01 -7.706039365556318899e+01 -1.667186022142604429e+02 2.033212301223268881e+01 -1.475473725020320899e+02 -2.503622008058081150e+01 -1.280742355722865682e+02 -2.241285046754834411e+02 2.740878599579525599e+01
2.121577369908432331e+01 2.548109484983567441e+01 4.332499502378399647e+00 -7.258128480105045810e+02 6.378702480251292606e+00 3.354499822953584243e+01 1.507195656455425237e+01 7.466156026833010628e+01 2.088582516802036793e+01 6.570410284448044536e+00 6.247336864466438300e+01 4.426916469654451447e+01 1.009267925730728166e+01 1.083232976768817757e+01 7.766427025256922434e+01 3.840452173710662720e+01 6.681679661469090981e+00 2.120384791361633958e+01 3.432740370771165317e+01 7.330116893720212090e+01
-7.911978925761397718e+00 -2.945246184893119512e+00 -1.620411643919166522e+01 6.378702480251291718e+00 5.130650756187264960e+01 8.750169076431793869e+00 -7.664351975775773873e-02 1.202931363702365886e+01 -2.156830580732264302e+00 1.764795200708748180e+00 6.076676964910662448e+00 8.524377034916684082e+00 -3.230921887430283412e+00 -9.538608119913815742e+00 1.945832105979761550e+01 -1.766797249107924905e+00 -2.615530700132681630e-01 -4.343722505357493269e+00 -8.245177366895788396e+00 1.895909786086081539e+01
3.325125550050910306e+01 3.689088445704522456e+01 1.356537645685716953e+01 3.354499822953584243e+01 8.750169076431793869e+00 -8.552988147428962975e+02 2.104733157296048773e+01 9.849868342579047464e+01 3.011848933197763856e+01 8.340174903223617875e+00 8.427169171924631996e+01 5.775655209438183846e+01 1.557064605599818385e+01 1.953118343012942404e+01 9.923459133702669988e+01 5.436007605574131674e+01 9.436364811195085522e+00 3.157747218988199833e+01 5.168485428765603729e+01 9.338386181448703383e+01
-2.709372231984128021e+01 -1.283591487751760596e+01 -4.937073880991678720e+01 1.507195656455425237e+01 -7.664351975775773873e-02 2.104733157296049484e+01 1.504122813122518778e+02 2.447005921088379665e+01 -9.747992914093343231e+00 4.275500800553722947e+00 8.488844313682967879e+00 1.869146241541109887e+01 -1.128746185393435120e+01 -3.035763966730456076e+01 4.632444500259023101e+01 -1.131605051047886690e+01 -1.831044672027929865e+00 -1.636930762958047225e+01 -3.014576927700856146e+01 4.550672095787709281e+01
-4.079575668711463265e+00 2.747042193547745370e+01 -7.284783672558299372e+01 7.466156026833010628e+01 1.202931363702365886e+01 9.849868342579047464e+01 2.447005921088378955e+01 -1.035271366689024433e+02 2.378638813573328292e+01 1.954411978001586903e+01 1.329939588964447239e+02 1.150644891080111307e+02 6.900656044555359969e-01 -2.922801149803395404e+01 2.240961217533570107e+02 5.459399057714547610e+01 9.724621262379748998e+00 1.351524006726044647e+01 1.589212053484554943e+01 2.144385033615525913e+02
-5.904990592060632792e+01 -3.283443161854929571e+01 -9.679209666123053069e+01 2.088582516802036793e+01 -2.156830580732264302e+00 3.011848933197765987e+01 -9.747992914093343231e+00 2.378638813573328292e+01 2.655812296375411847e+02 6.194977214381476749e+00 -3.265273322587187721e+00 2.218777651867293343e+01 -2.499556103941026208e+01 -6.208886773777767587e+01 6.508274841001569655e+01 -3.396637120397475940e+01 -5.643288601998246889e+00 -3.831713168217650178e+01 -6.907807279186479832e+01 6.487614914225957818e+01
7.046795728071955089e+00 7.599351058786075974e+00 3.361567521460747443e+00 6.570410284448044536e+00 1.764795200708748180e+00 8.340174903223616099e+00 4.275500800553721170e+00 1.954411978001586547e+01 6.194977214381477637e+00 -9.703731314747428769e+02 1.687930021103020195e+01 1.140489608007316846e+01 3.282039826343640332e+00 4.322621206365205637e+00 1.941486219076982422e+01 1.110141036880076193e+01 1.925400354847360163e+00 6.573177996609416596e+00 1.080132944225234937e+01 1.824588404976806899e+01
-4.524549879344937864e+01 -6.284006421497231543e+00 -1.161551786801217787e+02 6.247336864466439721e+01 6.076676964910662448e+00 8.427169171924631996e+01 8.488844313682971432e+00 1.329939588964447239e+02 -3.265273322587187721e+00 1.687930021103020550e+01 1.204937005039818487e+01 8.905665397428845154e+01 -1.761824769862534268e+01 -6.340189354362393459e+01 1.892427960137859202e+02 1.011299567480320150e+01 2.095406327755952702e+00 -1.910160703057134413e+01 -3.981405055067884291e+01 1.829640909250458947e+02
1.217723525907793380e+01 2.650106562691782841e+01 -2.393335169119841055e+01 4.426916469654452158e+01 8.524377034916684082e+00 5.775655209438183846e+01 1.869146241541109532e+01 1.150644891080111449e+02 2.218777651867293343e+01 1.140489608007316846e+01 8.905665397428845154e+01 -3.592540438601380401e+02 6.758060499258816023e+00 -3.741280887616434292e+00 1.322701277029695461e+02 4.478125992053151094e+01 7.874127243164515733e+00 1.862456671811391828e+01 2.795491892270163703e+01 1.259149432623925691e+02
-5.148753748289696119e+01 -3.192680268715838920e+01 -7.706039365556318899e+01 1.009267925730728166e+01 -3.230921887430283412e+00 1.557064605599818385e+01 -1.128746185393435297e+01 6.900656044555288915e-01 -2.499556103941026208e+01 3.282039826343639888e+00 -1.761824769862534268e+01 6.758060499258819576e+00 4.509375705446536813e+02 -5.137217207873983682e+01 3.239893404633301088e+01 -3.592986230549733762e+01 -6.042045109051906060e+00 -3.520202026590297351e+01 -6.252266774593211096e+01 3.328803058680932736e+01
-1.189268769887988952e+02 -7.881403811367952983e+01 -1.667186022142604997e+02 1.083232976768817934e+01 -9.538608119913813965e+00 1.953118343012943114e+01 -3.035763966730455365e+01 -2.922801149803393983e+01 -6.208886773777767587e+01 4.322621206365205637e+00 -6.340189354362394880e+01 -3.741280887616434292e+00 -5.137217207873984393e+01 5.565902977299227814e+02 3.740543961543970397e+01 -9.269685327999380320e+01 -1.568001955952854587e+01 -8.406513397295246648e+01 -1.479382410474848655e+02 4.110277526635706380e+01
6.859135665130136772e+01 7.953824632091561853e+01 2.033212301223269591e+01 7.766427025256922434e+01 1.945832105979762261e+01 9.923459133702669988e+01 4.632444500259023812e+01 2.240961217533569823e+02 6.508274841001569655e+01 1.941486219076982778e+01 1.892427960137859202e+02 1.322701277029695177e+02 3.239893404633301799e+01 3.740543961543970397e+01 -5.779024583233248222e+02 1.187196480556809206e+02 2.063515954622657844e+01 6.700766304623758174e+01 1.090061905321985165e+02 2.169133865365865574e+02
-8.551739295342606795e+01 -4.423838594993064532e+01 -1.475473725020320899e+02 3.840452173710662720e+01 -1.766797249107924017e+00 5.436007605574133095e+01 -1.131605051047886690e+01 5.459399057714547610e+01 -3.396637120397475940e+01 1.110141036880076371e+01 1.011299567480321215e+01 4.478125992053152515e+01 -3.592986230549735183e+01 -9.269685327999377478e+01 1.187196480556809206e+02 1.741528320610977403e+02 -7.045891890611778230e+00 -5.369108577197800969e+01 -9.773819866091011477e+01 1.173460923241903799e+02
-1.439775453492190316e+01 -7.360318255742329896e+00 -2.503622008058081150e+01 6.681679661469090981e+00 -2.615530700132681630e-01 9.436364811195089075e+00 -1.831044672027929865e+00 9.724621262379748998e+00 -5.643288601998246889e+00 1.925400354847360607e+00 2.095406327755953146e+00 7.874127243164518397e+00 -6.042045109051906060e+00 -1.568001955952854587e+01 2.063515954622657134e+01 -7.045891890611779118e+00 2.058435708404846025e+02 -8.991807790750575791e+00 -1.639432992882690243e+01 2.037547507217475484e+01
-8.253872841150175077e+01 -4.914051280646771858e+01 -1.280742355722865682e+02 2.120384791361634313e+01 -4.343722505357493269e+00 3.157747218988199833e+01 -1.636930762958047225e+01 1.351524006726046068e+01 -3.831713168217650178e+01 6.573177996609413931e+00 -1.910160703057134413e+01 1.862456671811391828e+01 -3.520202026590297351e+01 -8.406513397295246648e+01 6.700766304623755332e+01 -5.369108577197803100e+01 -8.991807790750579343e+00 3.356773968964147912e+02 -9.881088935898539205e+01 6.777120517941180822e+01
-1.463449408950048394e+02 -8.845571993358163354e+01 -2.241285046754834411e+02 3.432740370771166738e+01 -8.245177366895788396e+00 5.168485428765603729e+01 -3.014576927700856146e+01 1.589212053484556364e+01 -6.907807279186479832e+01 1.080132944225234937e+01 -3.981405055067884291e+01 2.795491892270165124e+01 -6.252266774593211096e+01 -1.479382410474848655e+02 1.090061905321985165e+02 -9.773819866091010056e+01 -1.639432992882690243e+01 -9.881088935898539205e+01 2.428814481721013863e+02 1.107903999426210362e+02
7.096650711272491208e+01 7.942801181428447421e+01 2.740878599579525599e+01 7.330116893720210669e+01 1.895909786086081539e+01 9.338386181448703383e+01 4.550672095787708571e+01 2.144385033615525913e+02 6.487614914225957818e+01 1.824588404976806899e+01 1.829640909250458662e+02 1.259149432623925691e+02 3.328803058680932736e+01 4.110277526635707090e+01 2.169133865365865290e+02 1.173460923241903799e+02 2.037547507217475129e+01 6.777120517941180822e+01 1.107903999426210362e+02 -6.737984556747201168e+02
