9.930000000000000000e+02
-9.580000000000000000e+02
-8.300000000000000000e+02
7.510000000000000000e+02
-7.440000000000000000e+02
-7.420000000000000000e+02
7.210000000000000000e+02
6.190000000000000000e+02
-5.980000000000000000e+02
5.830000000000000000e+02
-5.440000000000000000e+02
-5.080000000000000000e+02
-4.900000000000000000e+02
-3.600000000000000000e+02
2.710000000000000000e+02
1.870000000000000000e+02
-1.580000000000000000e+02
-1.480000000000000000e+02
-1.120000000000000000e+02
3.700000000000000000e+01
