2.367818703182389228e+01 -2.238677147885069552e+00 -7.957859920891323213e+01 9.570367815976882753e+01 7.978505391633214572e+01 7.057588423137754319e+01 -4.629676046635869113e+01 -8.767044796298071674e+01 1.887600812849094467e+01 4.261636705669769043e+01 9.404110535854756847e+01 -3.886898159264639663e+00 -2.194299309711957413e+00 -1.439865280387607704e+01 8.978185509001741593e+01 3.984844663378248697e+01 -1.006706920065212962e+01 4.632031168616096295e+01 3.682243363340185738e+01 -6.481040795772881324e+01
-2.238677147885074881e+00 2.753205927852300192e+02 -6.112648357400136945e+01 3.897272955540675099e+01 2.410457831382841221e+01 2.142005809921544568e+01 -4.610910248242934983e+01 -6.833918332924156402e+01 -2.512147490663616090e+00 1.214142593947805437e+01 3.650549734320051698e+01 -4.465355935752839400e+00 -1.617918822831800441e+00 -2.060195342046758071e+01 2.498569096139206636e+01 1.742350155822856905e+00 -1.682631556858039801e+01 5.467592932907805903e+00 1.482124202437595351e+01 -5.616767313002094397e+01
-7.957859920891321792e+01 -6.112648357400136945e+01 6.724607275412671470e+02 2.955338984238845512e+01 -3.316409261235466488e+01 -2.866239332695968045e+01 -2.021688774570611429e+02 -2.520410011998393145e+02 -6.447081428324818830e+01 -2.277216628374271323e+01 1.670038690912285517e+01 -2.106916098007037519e+01 -5.670459871995344514e+00 -1.060370013390994757e+02 -5.206407927304831418e+01 -8.753711725905245089e+01 -9.083287124518625433e+01 -7.802707351426847993e+01 1.017353591607000851e+01 -2.252517629645305419e+02
9.570367815976887016e+01 3.897272955540675099e+01 2.955338984238844802e+01 -8.420359238904059112e+02 1.485290021531138223e+02 1.309167131383372862e+02 6.773328030762010599e+01 3.733647633744163841e+01 7.450370310494635362e+01 8.285135397693585446e+01 1.362844669373289435e+02 8.533936617555255566e+00 4.910693670886674966e-01 5.106981292844840681e+01 1.773892428833173085e+02 1.235211261901891220e+02 4.731241530148334107e+01 1.270880172623526363e+02 5.083658701230789490e+01 5.466428813582979274e+01
7.978505391633214572e+01 2.410457831382840865e+01 -3.316409261235465067e+01 1.485290021531138223e+02 -2.677989685836899980e+02 1.325566604030825602e+02 1.388244238311000878e+01 -3.339987466538096328e+01 6.137547147266265313e+01 8.253645866315621049e+01 1.515797841212518051e+02 3.034607720091004879e+00 -1.127045112161497720e+00 2.401355562340332028e+01 1.757492733547588841e+02 1.074054635272773055e+02 2.440819215352421878e+01 1.140217855177516952e+02 5.769358186998187676e+01 -6.925420492613099555e+00
7.057588423137755740e+01 2.142005809921544213e+01 -2.866239332695968045e+01 1.309167131383372578e+02 1.325566604030825602e+02 -3.050165931749401125e+02 1.277643439883430077e+01 -2.879258145517703937e+01 5.429980032022380243e+01 7.285274836613724858e+01 1.336412163158066164e+02 2.731894043455556531e+00 -9.790474225749337123e-01 2.145815357413362179e+01 1.551386541249505910e+02 9.495657972224108789e+01 2.176612762723176786e+01 1.007667545819282680e+02 5.085582794257682338e+01 -5.514143327661926719e+00
-4.629676046635869113e+01 -4.610910248242934273e+01 -2.021688774570611145e+02 6.773328030762012020e+01 1.388244238310999812e+01 1.277643439883428478e+01 4.038218105798745228e+02 -2.277898193386981802e+02 -3.843297395225720692e+01 3.688827732111327862e+00 5.746559918292271618e+01 -1.738901030873338627e+01 -5.231405042391088500e+00 -8.503589376210433670e+01 4.758978496357581633e+00 -4.535502171835224061e+01 -7.175430256945355723e+01 -3.524062408249984912e+01 2.517862455741249050e+01 -1.970750595803269789e+02
-8.767044796298071674e+01 -6.833918332924156402e+01 -2.520410011998393145e+02 3.733647633744161709e+01 -3.339987466538100591e+01 -2.879258145517703937e+01 -2.277898193386981802e+02 5.796578513822920513e+02 -7.111394575729312351e+01 -2.348651118083506972e+01 2.291275541333766341e+01 -2.369668035041923559e+01 -6.429747897243742294e+00 -1.190263758450031162e+02 -5.404470015405270544e+01 -9.591146592817428029e+01 -1.018568372027817333e+02 -8.500125624648666189e+01 1.302883208192466569e+01 -2.543985558860215690e+02
1.887600812849094467e+01 -2.512147490663611649e+00 -6.447081428324818830e+01 7.450370310494635362e+01 6.137547147266263892e+01 5.429980032022380243e+01 -3.843297395225720692e+01 -7.111394575729313772e+01 2.879969804241336817e+01 3.271868758499985574e+01 7.305232787710680498e+01 -3.278827263139241666e+00 -1.771787080917034851e+00 -1.250241747472616183e+01 6.887790555538757076e+01 2.975029387139534975e+01 -8.953823488366595029e+00 3.488415800918955512e+01 2.865040308116327594e+01 -5.306661442617574664e+01
4.261636705669769043e+01 1.214142593947805437e+01 -2.277216628374271679e+01 8.285135397693584025e+01 8.253645866315619628e+01 7.285274836613723437e+01 3.688827732111326085e+00 -2.348651118083507683e+01 3.271868758499985574e+01 -3.267356677364986695e+02 8.428678498592887536e+01 1.263899291607468500e+00 -7.364441594811910186e-01 1.120236585770835269e+01 9.631303066168685234e+01 5.775716097981347730e+01 1.172178964373447663e+01 6.160995519841367241e+01 3.215636746969602910e+01 -8.292879758352242447e+00
9.404110535854756847e+01 3.650549734320051698e+01 1.670038690912283741e+01 1.362844669373289150e+02 1.515797841212517483e+02 1.336412163158066164e+02 5.746559918292270197e+01 2.291275541333763499e+01 7.305232787710680498e+01 8.428678498592887536e+01 -6.699785109565655148e+02 7.514711056876710593e+00 1.545386949377754449e-01 4.622005067714808035e+01 1.802564065574226220e+02 1.223210078049667544e+02 4.328088741212002333e+01 1.266035870136160071e+02 5.322243781054319811e+01 4.250747412802734004e+01
-3.886898159264640107e+00 -4.465355935752838512e+00 -2.106916098007037519e+01 8.533936617555255566e+00 3.034607720091006655e+00 2.731894043455556087e+00 -1.738901030873338982e+01 -2.369668035041923559e+01 -3.278827263139240777e+00 1.263899291607468500e+00 7.514711056876713258e+00 4.912509864738946135e+02 -5.480804555160498914e-01 -8.454569554892744421e+00 2.374104486978894091e+00 -3.493930061988937297e+00 -7.089570703146369723e+00 -2.386640698097151958e+00 3.198964193098495556e+00 -2.026562427010016521e+01
-2.194299309711957413e+00 -1.617918822831800441e+00 -5.670459871995345402e+00 4.910693670886674411e-01 -1.127045112161498164e+00 -9.790474225749337123e-01 -5.231405042391088500e+00 -6.429747897243742294e+00 -1.771787080917034851e+00 -7.364441594811910186e-01 1.545386949377754171e-01 -5.480804555160500025e-01 9.928560252108467239e+02 -2.774270883880580296e+00 -1.660188357487493160e+00 -2.449448804711217953e+00 -2.383457589091470208e+00 -2.216576329109788190e+00 1.571165530696505830e-01 -5.788004233978645274e+00
-1.439865280387607704e+01 -2.060195342046757716e+01 -1.060370013390994899e+02 5.106981292844839970e+01 2.401355562340332028e+01 2.145815357413361113e+01 -8.503589376210433670e+01 -1.190263758450031162e+02 -1.250241747472616183e+01 1.120236585770835269e+01 4.622005067714808035e+01 -8.454569554892744421e+00 -2.774270883880579408e+00 3.746930616275157035e+02 2.228747967080878922e+01 -1.079793119718768679e+01 -3.354258790626077769e+01 -4.932236091287347080e+00 1.926487268633512429e+01 -1.004918634774666089e+02
8.978185509001741593e+01 2.498569096139206636e+01 -5.206407927304832128e+01 1.773892428833173085e+02 1.757492733547588841e+02 1.551386541249505910e+02 4.758978496357595844e+00 -5.404470015405269123e+01 6.887790555538757076e+01 9.631303066168685234e+01 1.802564065574226220e+02 2.374104486978894979e+00 -1.660188357487492272e+00 2.228747967080879278e+01 -1.511217011611770147e+02 1.219930325663683561e+02 2.363127840377929445e+01 1.303675777317114353e+02 6.882852283658691306e+01 -2.118465858120818268e+01
3.984844663378248697e+01 1.742350155822862234e+00 -8.753711725905245089e+01 1.235211261901891220e+02 1.074054635272773055e+02 9.495657972224105947e+01 -4.535502171835224061e+01 -9.591146592817426608e+01 2.975029387139534265e+01 5.775716097981348440e+01 1.223210078049667686e+02 -3.493930061988938185e+00 -2.449448804711217953e+00 -1.079793119718768324e+01 1.219930325663683561e+02 -8.917237868433293357e+00 -6.270044851545639730e+00 6.686007404005232502e+01 4.761708375207533805e+01 -6.791897638390136649e+01
-1.006706920065212785e+01 -1.682631556858039446e+01 -9.083287124518625433e+01 4.731241530148334817e+01 2.440819215352422233e+01 2.176612762723176786e+01 -7.175430256945355723e+01 -1.018568372027817333e+02 -8.953823488366595029e+00 1.172178964373448196e+01 4.328088741212003754e+01 -7.089570703146369723e+00 -2.383457589091470652e+00 -3.354258790626077769e+01 2.363127840377929090e+01 -6.270044851545646836e+00 3.512055675579838407e+02 -1.116792169585160366e+00 1.789225364290196651e+01 -8.542375089612966121e+01
4.632031168616097005e+01 5.467592932907800574e+00 -7.802707351426847993e+01 1.270880172623526363e+02 1.140217855177516810e+02 1.007667545819282680e+02 -3.524062408249983491e+01 -8.500125624648669032e+01 3.488415800918955512e+01 6.160995519841368662e+01 1.266035870136160355e+02 -2.386640698097153734e+00 -2.216576329109788190e+00 -4.932236091287339974e+00 1.303675777317114353e+02 6.686007404005232502e+01 -1.116792169585169248e+00 -4.959478963817601027e+01 4.906491449879676736e+01 -5.740017379994876023e+01
3.682243363340185027e+01 1.482124202437595351e+01 1.017353591607001206e+01 5.083658701230789490e+01 5.769358186998188387e+01 5.085582794257681627e+01 2.517862455741249050e+01 1.302883208192466036e+01 2.865040308116327594e+01 3.215636746969602200e+01 5.322243781054319811e+01 3.198964193098494668e+00 1.571165530696505830e-01 1.926487268633512073e+01 6.882852283658691306e+01 4.761708375207533095e+01 1.789225364290196296e+01 4.906491449879677447e+01 -9.081232091568582518e+02 1.994494488572270186e+01
-6.481040795772881324e+01 -5.616767313002094397e+01 -2.252517629645305419e+02 5.466428813582979984e+01 -6.925420492613113765e+00 -5.514143327661926719e+00 -1.970750595803269789e+02 -2.543985558860215690e+02 -5.306661442617574664e+01 -8.292879758352242447e+00 4.250747412802734004e+01 -2.026562427010016876e+01 -5.788004233978644386e+00 -1.004918634774666089e+02 -2.118465858120819689e+01 -6.791897638390136649e+01 -8.542375089612966121e+01 -5.740017379994877444e+01 1.994494488572270896e+01 4.795780939336029292e+02
