2.049300960395026207e+07
1.949784478042157367e+07
1.691137633166829124e+07
1.218438243409744650e+07
1.117316779264283925e+07
8.327510142485527322e+06
7.501581204676023684e+06
7.368857010151720606e+06
5.150590553601053543e+06
4.572624730432857759e+06
4.139558752445463091e+06
3.445059121192752849e+06
3.096754221156574320e+06
1.822237881909368094e+06
1.225887359796257922e+06
8.004802626054156572e+05
3.196774014841078897e+05
1.758553199348118505e+05
9.879909569109161384e+04
1.167099965668751429e+04
