2.173468017669394240e+07
1.822924956208503246e+07
1.687345431472972035e+07
1.350265966601407900e+07
1.259105148656080477e+07
9.115824996863799170e+06
8.529415956366222352e+06
6.989102323647923768e+06
5.830052808121907525e+06
5.146814631561473943e+06
4.328747843140411191e+06
3.720400917228311766e+06
3.138266374047644436e+06
2.587761039431877434e+06
1.879895305403158767e+06
1.066936506668992341e+06
8.025292013646299019e+05
3.416385266420217231e+05
6.225565451721451245e+04
1.354070891082825619e+04
