2.587964650581427291e+07
1.919995719349280000e+07
1.551953118178154901e+07
1.327619882865638472e+07
1.267297844090493768e+07
1.001849664801469073e+07
8.560829909536279738e+06
7.730133703031083569e+06
6.907685083463474177e+06
5.218429548885955475e+06
3.704272208951446693e+06
3.259944011822410394e+06
2.308345230540388729e+06
1.787776386469274992e+06
8.200587989489589818e+05
7.005900384118804941e+05
3.901307793204814079e+05
1.815759498844358022e+05
6.062544418548721296e+04
1.957107883974036667e+03
