1.897298026287389174e+07
1.752380367680827901e+07
1.593777050778515823e+07
1.337184885186392069e+07
1.192707818233775534e+07
1.134178917369514704e+07
9.427907165626354516e+06
7.962697109593665227e+06
6.006299172410174273e+06
5.789016683300561272e+06
4.317319684266642667e+06
3.304661073822582606e+06
2.938889289740633219e+06
2.316077228634235915e+06
1.612708742595378309e+06
6.882955832932479680e+05
6.490751556296494091e+05
3.961572796330550336e+05
1.116774782479177957e+05
2.866978417712189753e+02
