2.435528320025269687e+07
1.800192795981586352e+07
1.747427080208484456e+07
1.582067740749826096e+07
1.201213565432018600e+07
9.573595158547734842e+06
7.960788230395589955e+06
6.851345648571478203e+06
5.826773523482701741e+06
4.736447159865386784e+06
4.234423029751421884e+06
3.072870809357107151e+06
2.351387201887420379e+06
1.620913230262477417e+06
8.784289109961895738e+05
7.536817640710779233e+05
4.875901411562988651e+05
2.087692917634265323e+05
1.695186785821051744e+05
5.122219733787709993e+04
