2.460007086166913807e+07
1.876743570192101970e+07
1.693921988189354166e+07
1.465331287854214944e+07
1.122213367225184664e+07
9.967925195502921939e+06
8.023136151367255487e+06
6.740000156982275657e+06
6.193450948739237152e+06
5.121487903048285283e+06
4.336275263814346865e+06
3.234401673991772346e+06
2.120295710794514511e+06
1.788722752349560149e+06
1.309017983783786418e+06
9.328942331643488724e+05
5.099259224508088082e+05
1.278434919445955311e+05
1.096656008146707754e+05
1.972301497385143011e+04
