1.886492497200309485e+07
1.834252741790581867e+07
1.606994543880642019e+07
1.380047986691535823e+07
1.255163766055710800e+07
1.131242340809464641e+07
8.945679114271834493e+06
7.707254427704961039e+06
5.887029331416218542e+06
5.404403668532478623e+06
3.682318902189430315e+06
3.273140629430427216e+06
3.185749973428129219e+06
1.960832329741555266e+06
1.027364567113228026e+06
9.265787774132929044e+05
5.212069939711252227e+05
2.822649842458370840e+05
1.156034462548127340e+05
7.495090004246380886e+03
