1.913671606056133285e+07
1.785286276990881562e+07
1.501492662891025096e+07
1.369810274666314386e+07
1.254373904089138843e+07
9.708367439063262194e+06
7.921783665763415396e+06
6.330897965306500904e+06
5.756045082042491995e+06
5.381302487285608426e+06
4.296599347935435362e+06
3.474462929953586310e+06
2.575880878622013610e+06
1.933817603760282509e+06
1.432549464725264581e+06
1.174141901671854081e+06
5.097421478369649849e+05
2.845719998421677737e+05
1.045939566295629775e+05
7.131988262675427541e+04
