8.810194000000000000e+06 -1.033479000000000000e+06 -1.880870000000000000e+05 3.047297000000000000e+06 9.112420000000000000e+05 -1.182998000000000000e+06 1.732848000000000000e+06 -3.369600000000000000e+06 3.094238000000000000e+06 5.160160000000000000e+05 -1.273182000000000000e+06 -1.490496000000000000e+06 7.355780000000000000e+05 -4.962600000000000000e+05 -1.177509000000000000e+06 -2.117389000000000000e+06 8.780970000000000000e+05 8.483370000000000000e+05 4.469360000000000000e+05 -2.629326000000000000e+06
-1.033479000000000000e+06 6.612145000000000000e+06 9.455670000000000000e+05 1.525600000000000000e+05 -1.656570000000000000e+06 6.829090000000000000e+05 5.454640000000000000e+05 3.889190000000000000e+05 1.140782000000000000e+06 -8.173000000000000000e+04 1.377214000000000000e+06 -3.666700000000000000e+04 -1.735528000000000000e+06 -2.543495000000000000e+06 -9.239810000000000000e+05 2.732352000000000000e+06 -2.599736000000000000e+06 -1.016859000000000000e+06 9.580940000000000000e+05 6.677260000000000000e+05
-1.880870000000000000e+05 9.455670000000000000e+05 7.036177000000000000e+06 2.930820000000000000e+05 -1.555191000000000000e+06 7.288220000000000000e+05 -8.829880000000000000e+05 -8.557030000000000000e+05 1.717675000000000000e+06 -1.733942000000000000e+06 -2.155141000000000000e+06 2.599703000000000000e+06 1.484338000000000000e+06 -8.882660000000000000e+05 -2.557620000000000000e+05 -9.026380000000000000e+05 1.771860000000000000e+05 -7.846760000000000000e+05 -5.269900000000000000e+04 -2.690890000000000000e+05
3.047297000000000000e+06 1.525600000000000000e+05 2.930820000000000000e+05 6.575552000000000000e+06 -8.438340000000000000e+05 2.032971000000000000e+06 1.556274000000000000e+06 -3.193324000000000000e+06 1.178556000000000000e+06 -4.041880000000000000e+05 -8.382300000000000000e+05 1.646470000000000000e+06 -4.682220000000000000e+05 -1.076268000000000000e+06 8.359500000000000000e+05 -5.443060000000000000e+05 -2.689850000000000000e+06 6.769010000000000000e+05 -8.051040000000000000e+05 -2.998020000000000000e+05
9.112420000000000000e+05 -1.656570000000000000e+06 -1.555191000000000000e+06 -8.438340000000000000e+05 7.408193000000000000e+06 -1.528413000000000000e+06 -7.701720000000000000e+05 -2.233966000000000000e+06 -2.540545000000000000e+06 2.518300000000000000e+05 1.705690000000000000e+06 -1.323154000000000000e+06 -2.255180000000000000e+05 -1.110870000000000000e+05 -2.314560000000000000e+05 1.754090000000000000e+05 5.373770000000000000e+05 -7.910880000000000000e+05 3.891170000000000000e+05 -1.328060000000000000e+06
-1.182998000000000000e+06 6.829090000000000000e+05 7.288220000000000000e+05 2.032971000000000000e+06 -1.528413000000000000e+06 4.636683000000000000e+06 6.416970000000000000e+05 -1.845805000000000000e+06 -2.213740000000000000e+05 -4.791290000000000000e+05 -1.124377000000000000e+06 1.188385000000000000e+06 -2.191057000000000000e+06 -1.600140000000000000e+05 4.938910000000000000e+05 1.256221000000000000e+06 -9.552170000000000000e+05 7.783320000000000000e+05 -1.412619000000000000e+06 1.073085000000000000e+06
1.732848000000000000e+06 5.454640000000000000e+05 -8.829880000000000000e+05 1.556274000000000000e+06 -7.701720000000000000e+05 6.416970000000000000e+05 5.302453000000000000e+06 -6.467120000000000000e+05 1.216463000000000000e+06 -1.407968000000000000e+06 1.392082000000000000e+06 4.747740000000000000e+05 2.558590000000000000e+05 -2.439372000000000000e+06 1.224174000000000000e+06 4.996020000000000000e+05 2.830070000000000000e+05 -6.508320000000000000e+05 1.817474000000000000e+06 -1.217187000000000000e+06
-3.369600000000000000e+06 3.889190000000000000e+05 -8.557030000000000000e+05 -3.193324000000000000e+06 -2.233966000000000000e+06 -1.845805000000000000e+06 -6.467120000000000000e+05 8.590361000000000000e+06 6.043510000000000000e+05 2.179322000000000000e+06 3.497800000000000000e+04 -1.069697000000000000e+06 -4.949650000000000000e+05 3.036890000000000000e+05 9.985610000000000000e+05 2.084920000000000000e+05 -5.712420000000000000e+05 1.281877000000000000e+06 -6.057340000000000000e+05 7.454510000000000000e+05
3.094238000000000000e+06 1.140782000000000000e+06 1.717675000000000000e+06 1.178556000000000000e+06 -2.540545000000000000e+06 -2.213740000000000000e+05 1.216463000000000000e+06 6.043510000000000000e+05 6.984608000000000000e+06 -5.819260000000000000e+05 -2.226740000000000000e+06 -2.372420000000000000e+05 7.612420000000000000e+05 -3.830000000000000000e+02 3.226840000000000000e+05 7.911170000000000000e+05 -1.395604000000000000e+06 1.851393000000000000e+06 -5.350700000000000000e+04 -7.507110000000000000e+05
5.160160000000000000e+05 -8.173000000000000000e+04 -1.733942000000000000e+06 -4.041880000000000000e+05 2.518300000000000000e+05 -4.791290000000000000e+05 -1.407968000000000000e+06 2.179322000000000000e+06 -5.819260000000000000e+05 4.611351000000000000e+06 -1.108571000000000000e+06 -1.374879000000000000e+06 -5.767090000000000000e+05 2.162430000000000000e+05 -2.075464000000000000e+06 -1.462356000000000000e+06 -6.634120000000000000e+05 -7.238730000000000000e+05 -1.483412000000000000e+06 6.961290000000000000e+05
-1.273182000000000000e+06 1.377214000000000000e+06 -2.155141000000000000e+06 -8.382300000000000000e+05 1.705690000000000000e+06 -1.124377000000000000e+06 1.392082000000000000e+06 3.497800000000000000e+04 -2.226740000000000000e+06 -1.108571000000000000e+06 6.047865000000000000e+06 -1.307576000000000000e+06 -2.899620000000000000e+06 -2.571804000000000000e+06 -1.454821000000000000e+06 1.883632000000000000e+06 1.227697000000000000e+06 -2.314110000000000000e+06 9.380070000000000000e+05 9.574210000000000000e+05
-1.490496000000000000e+06 -3.666700000000000000e+04 2.599703000000000000e+06 1.646470000000000000e+06 -1.323154000000000000e+06 1.188385000000000000e+06 4.747740000000000000e+05 -1.069697000000000000e+06 -2.372420000000000000e+05 -1.374879000000000000e+06 -1.307576000000000000e+06 5.338107000000000000e+06 1.133553000000000000e+06 3.946860000000000000e+05 1.234626000000000000e+06 5.731800000000000000e+05 -2.981694000000000000e+06 -1.442219000000000000e+06 -1.186040000000000000e+05 -1.076940000000000000e+05
7.355780000000000000e+05 -1.735528000000000000e+06 1.484338000000000000e+06 -4.682220000000000000e+05 -2.255180000000000000e+05 -2.191057000000000000e+06 2.558590000000000000e+05 -4.949650000000000000e+05 7.612420000000000000e+05 -5.767090000000000000e+05 -2.899620000000000000e+06 1.133553000000000000e+06 9.261470000000000000e+06 -6.539460000000000000e+05 6.837880000000000000e+05 -2.771274000000000000e+06 -9.009930000000000000e+05 -1.692661000000000000e+06 2.746500000000000000e+05 -3.332410000000000000e+05
-4.962600000000000000e+05 -2.543495000000000000e+06 -8.882660000000000000e+05 -1.076268000000000000e+06 -1.110870000000000000e+05 -1.600140000000000000e+05 -2.439372000000000000e+06 3.036890000000000000e+05 -3.830000000000000000e+02 2.162430000000000000e+05 -2.571804000000000000e+06 3.946860000000000000e+05 -6.539460000000000000e+05 8.134310000000000000e+06 -1.888700000000000000e+04 -1.130059000000000000e+06 2.381170000000000000e+05 2.793000000000000000e+06 -1.398763000000000000e+06 -3.278450000000000000e+06
-1.177509000000000000e+06 -9.239810000000000000e+05 -2.557620000000000000e+05 8.359500000000000000e+05 -2.314560000000000000e+05 4.938910000000000000e+05 1.224174000000000000e+06 9.985610000000000000e+05 3.226840000000000000e+05 -2.075464000000000000e+06 -1.454821000000000000e+06 1.234626000000000000e+06 6.837880000000000000e+05 -1.888700000000000000e+04 6.292610000000000000e+06 1.027742000000000000e+06 -2.341220000000000000e+05 2.658004000000000000e+06 2.703400000000000000e+06 3.496560000000000000e+05
-2.117389000000000000e+06 2.732352000000000000e+06 -9.026380000000000000e+05 -5.443060000000000000e+05 1.754090000000000000e+05 1.256221000000000000e+06 4.996020000000000000e+05 2.084920000000000000e+05 7.911170000000000000e+05 -1.462356000000000000e+06 1.883632000000000000e+06 5.731800000000000000e+05 -2.771274000000000000e+06 -1.130059000000000000e+06 1.027742000000000000e+06 6.357475000000000000e+06 -1.510909000000000000e+06 -2.092930000000000000e+05 -1.040746000000000000e+06 1.192128000000000000e+06
8.780970000000000000e+05 -2.599736000000000000e+06 1.771860000000000000e+05 -2.689850000000000000e+06 5.373770000000000000e+05 -9.552170000000000000e+05 2.830070000000000000e+05 -5.712420000000000000e+05 -1.395604000000000000e+06 -6.634120000000000000e+05 1.227697000000000000e+06 -2.981694000000000000e+06 -9.009930000000000000e+05 2.381170000000000000e+05 -2.341220000000000000e+05 -1.510909000000000000e+06 8.692301000000000000e+06 -4.696940000000000000e+05 3.664800000000000000e+04 2.600740000000000000e+05
8.483370000000000000e+05 -1.016859000000000000e+06 -7.846760000000000000e+05 6.769010000000000000e+05 -7.910880000000000000e+05 7.783320000000000000e+05 -6.508320000000000000e+05 1.281877000000000000e+06 1.851393000000000000e+06 -7.238730000000000000e+05 -2.314110000000000000e+06 -1.442219000000000000e+06 -1.692661000000000000e+06 2.793000000000000000e+06 2.658004000000000000e+06 -2.092930000000000000e+05 -4.696940000000000000e+05 6.493952000000000000e+06 6.970360000000000000e+05 -1.142460000000000000e+06
4.469360000000000000e+05 9.580940000000000000e+05 -5.269900000000000000e+04 -8.051040000000000000e+05 3.891170000000000000e+05 -1.412619000000000000e+06 1.817474000000000000e+06 -6.057340000000000000e+05 -5.350700000000000000e+04 -1.483412000000000000e+06 9.380070000000000000e+05 -1.186040000000000000e+05 2.746500000000000000e+05 -1.398763000000000000e+06 2.703400000000000000e+06 -1.040746000000000000e+06 3.664800000000000000e+04 6.970360000000000000e+05 5.809974000000000000e+06 -5.084860000000000000e+05
-2.629326000000000000e+06 6.677260000000000000e+05 -2.690890000000000000e+05 -2.998020000000000000e+05 -1.328060000000000000e+06 1.073085000000000000e+06 -1.217187000000000000e+06 7.454510000000000000e+05 -7.507110000000000000e+05 6.961290000000000000e+05 9.574210000000000000e+05 -1.076940000000000000e+05 -3.332410000000000000e+05 -3.278450000000000000e+06 3.496560000000000000e+05 1.192128000000000000e+06 2.600740000000000000e+05 -1.142460000000000000e+06 -5.084860000000000000e+05 5.600558000000000000e+06
