2.257880544342310727e+07
1.855190335655716062e+07
1.604691657148239762e+07
1.363185312978659570e+07
1.281329562797656655e+07
1.150939538483476266e+07
8.354155797228721902e+06
6.813462811267862096e+06
5.738599735962309875e+06
5.375558569054136053e+06
4.346588585542762652e+06
3.638674461232593749e+06
2.922155113883201964e+06
2.280453802225802559e+06
1.512555411722915946e+06
6.799344893807896879e+05
4.788534390949427616e+05
1.985051576887485862e+05
1.262513874834456219e+05
1.818724171126031251e+03
