2.535989500888596475e+07
2.019314994850437343e+07
1.628456175406845100e+07
1.386896140513601899e+07
1.048521774644956551e+07
8.998312132097482681e+06
7.536329666782190092e+06
6.344018872978745960e+06
5.320808580059428699e+06
4.954907742605509236e+06
4.522511667440261692e+06
4.150241903788719792e+06
2.909613741070181597e+06
1.657939271703261416e+06
8.889940395077551948e+05
7.441178697349216091e+05
2.513373259144828771e+05
1.420628825060856470e+05
3.396692731974979688e+04
3.296513446925982407e+03
