2.284748717007042468e+07
1.894471100410875678e+07
1.688713745635366440e+07
1.392153348826544359e+07
1.307879873284921609e+07
1.060915794935649447e+07
7.911264163318120874e+06
7.123130224198503420e+06
6.110705415632408112e+06
4.916766210699415766e+06
3.593913140353440773e+06
3.227696838271768298e+06
2.867059954624213278e+06
2.275246144623040687e+06
1.267651763974340865e+06
9.226725910118198954e+05
5.472297439426314086e+05
9.181228838767815614e+04
6.897341926521455753e+04
2.965030069359210393e+04
