7.487823000000000000e+06 1.422986000000000000e+06 3.285472000000000000e+06 -2.299386000000000000e+06 -2.150125000000000000e+06 -2.914415000000000000e+06 -1.552115000000000000e+06 2.639220000000000000e+05 8.950000000000000000e+04 2.231505000000000000e+06 -1.300405000000000000e+06 8.920700000000000000e+04 -4.056260000000000000e+05 4.456570000000000000e+05 1.345440000000000000e+05 -2.089860000000000000e+06 2.000924000000000000e+06 4.836980000000000000e+06 7.574380000000000000e+05 1.563620000000000000e+05
1.422986000000000000e+06 7.208066000000000000e+06 2.030000000000000000e+05 5.264800000000000000e+05 2.461824000000000000e+06 1.376425000000000000e+06 -1.206373000000000000e+06 -4.831610000000000000e+05 3.395217000000000000e+06 6.137640000000000000e+05 -6.911360000000000000e+05 1.036764000000000000e+06 -1.315820000000000000e+05 -1.630805000000000000e+06 9.210710000000000000e+05 1.509282000000000000e+06 1.736895000000000000e+06 -2.441670000000000000e+05 9.343180000000000000e+05 1.986900000000000000e+06
3.285472000000000000e+06 2.030000000000000000e+05 7.349403000000000000e+06 -1.782559000000000000e+06 1.082089000000000000e+06 3.213400000000000000e+04 -2.128846000000000000e+06 3.371991000000000000e+06 4.859270000000000000e+05 2.197535000000000000e+06 2.506710000000000000e+05 1.318740000000000000e+05 -4.839600000000000000e+05 -4.493850000000000000e+05 -1.685243000000000000e+06 -3.112182000000000000e+06 5.431770000000000000e+05 1.501020000000000000e+06 1.936593000000000000e+06 6.710900000000000000e+04
-2.299386000000000000e+06 5.264800000000000000e+05 -1.782559000000000000e+06 7.537275000000000000e+06 -1.124790000000000000e+05 1.078848000000000000e+06 3.782030000000000000e+05 -7.235840000000000000e+05 -1.478962000000000000e+06 2.802200000000000000e+05 1.988851000000000000e+06 9.174200000000000000e+05 -4.347563000000000000e+06 1.818108000000000000e+06 6.106700000000000000e+04 2.832533000000000000e+06 1.161252000000000000e+06 -3.929870000000000000e+05 -6.646840000000000000e+05 -3.685700000000000000e+04
-2.150125000000000000e+06 2.461824000000000000e+06 1.082089000000000000e+06 -1.124790000000000000e+05 6.956549000000000000e+06 3.379341000000000000e+06 -1.898740000000000000e+05 1.516774000000000000e+06 3.040851000000000000e+06 7.715060000000000000e+05 2.553470000000000000e+05 -2.439140000000000000e+05 1.242948000000000000e+06 -9.981170000000000000e+05 -4.686520000000000000e+05 -3.728010000000000000e+05 1.498626000000000000e+06 -6.199520000000000000e+05 2.654525000000000000e+06 6.035150000000000000e+05
-2.914415000000000000e+06 1.376425000000000000e+06 3.213400000000000000e+04 1.078848000000000000e+06 3.379341000000000000e+06 7.207949000000000000e+06 -1.492149000000000000e+06 1.953043000000000000e+06 -3.123500000000000000e+04 2.138520000000000000e+06 3.322870000000000000e+05 -1.666770000000000000e+06 -1.360509000000000000e+06 8.944700000000000000e+04 -1.030255000000000000e+06 -1.446871000000000000e+06 -6.261470000000000000e+05 -3.485157000000000000e+06 2.277035000000000000e+06 4.646100000000000000e+05
-1.552115000000000000e+06 -1.206373000000000000e+06 -2.128846000000000000e+06 3.782030000000000000e+05 -1.898740000000000000e+05 -1.492149000000000000e+06 8.673354000000000000e+06 -2.392856000000000000e+06 3.062188000000000000e+06 -1.499738000000000000e+06 8.362350000000000000e+05 -5.084040000000000000e+05 5.052600000000000000e+04 2.498151000000000000e+06 5.645850000000000000e+05 4.859430000000000000e+05 -2.407095000000000000e+06 -1.991780000000000000e+06 -2.218723000000000000e+06 -1.134632000000000000e+06
2.639220000000000000e+05 -4.831610000000000000e+05 3.371991000000000000e+06 -7.235840000000000000e+05 1.516774000000000000e+06 1.953043000000000000e+06 -2.392856000000000000e+06 7.488695000000000000e+06 5.642070000000000000e+05 8.563360000000000000e+05 -6.273050000000000000e+05 2.794250000000000000e+05 -4.564040000000000000e+05 3.946100000000000000e+04 -3.761255000000000000e+06 -6.409250000000000000e+05 1.552105000000000000e+06 3.902390000000000000e+05 2.833825000000000000e+06 2.710010000000000000e+05
8.950000000000000000e+04 3.395217000000000000e+06 4.859270000000000000e+05 -1.478962000000000000e+06 3.040851000000000000e+06 -3.123500000000000000e+04 3.062188000000000000e+06 5.642070000000000000e+05 6.947755000000000000e+06 -1.900599000000000000e+06 2.104470000000000000e+05 1.487700000000000000e+06 1.635147000000000000e+06 1.523260000000000000e+05 2.264880000000000000e+05 -3.217800000000000000e+04 5.495720000000000000e+05 -1.608311000000000000e+06 2.139112000000000000e+06 3.712310000000000000e+05
2.231505000000000000e+06 6.137640000000000000e+05 2.197535000000000000e+06 2.802200000000000000e+05 7.715060000000000000e+05 2.138520000000000000e+06 -1.499738000000000000e+06 8.563360000000000000e+05 -1.900599000000000000e+06 6.629392000000000000e+06 -4.723440000000000000e+05 -1.684815000000000000e+06 -1.664412000000000000e+06 4.151170000000000000e+05 -1.411957000000000000e+06 -3.254920000000000000e+05 6.207080000000000000e+05 9.374600000000000000e+05 3.902060000000000000e+05 2.291031000000000000e+06
-1.300405000000000000e+06 -6.911360000000000000e+05 2.506710000000000000e+05 1.988851000000000000e+06 2.553470000000000000e+05 3.322870000000000000e+05 8.362350000000000000e+05 -6.273050000000000000e+05 2.104470000000000000e+05 -4.723440000000000000e+05 6.956296000000000000e+06 -3.446040000000000000e+05 -1.615551000000000000e+06 4.441600000000000000e+04 2.652929000000000000e+06 -1.633667000000000000e+06 -1.408009000000000000e+06 4.819050000000000000e+05 -2.150086000000000000e+06 -4.005439000000000000e+06
8.920700000000000000e+04 1.036764000000000000e+06 1.318740000000000000e+05 9.174200000000000000e+05 -2.439140000000000000e+05 -1.666770000000000000e+06 -5.084040000000000000e+05 2.794250000000000000e+05 1.487700000000000000e+06 -1.684815000000000000e+06 -3.446040000000000000e+05 6.322827000000000000e+06 7.389070000000000000e+05 -1.020633000000000000e+06 3.257850000000000000e+05 7.900600000000000000e+05 -1.677950000000000000e+05 -4.206590000000000000e+05 3.502607000000000000e+06 5.414870000000000000e+05
-4.056260000000000000e+05 -1.315820000000000000e+05 -4.839600000000000000e+05 -4.347563000000000000e+06 1.242948000000000000e+06 -1.360509000000000000e+06 5.052600000000000000e+04 -4.564040000000000000e+05 1.635147000000000000e+06 -1.664412000000000000e+06 -1.615551000000000000e+06 7.389070000000000000e+05 5.367226000000000000e+06 -2.769843000000000000e+06 -2.445830000000000000e+05 -2.459900000000000000e+04 5.132580000000000000e+05 -6.110420000000000000e+05 1.062910000000000000e+06 1.995050000000000000e+05
4.456570000000000000e+05 -1.630805000000000000e+06 -4.493850000000000000e+05 1.818108000000000000e+06 -9.981170000000000000e+05 8.944700000000000000e+04 2.498151000000000000e+06 3.946100000000000000e+04 1.523260000000000000e+05 4.151170000000000000e+05 4.441600000000000000e+04 -1.020633000000000000e+06 -2.769843000000000000e+06 7.065645000000000000e+06 -9.077570000000000000e+05 -1.573112000000000000e+06 -8.963810000000000000e+05 -1.862555000000000000e+06 -1.022137000000000000e+06 -8.327890000000000000e+05
1.345440000000000000e+05 9.210710000000000000e+05 -1.685243000000000000e+06 6.106700000000000000e+04 -4.686520000000000000e+05 -1.030255000000000000e+06 5.645850000000000000e+05 -3.761255000000000000e+06 2.264880000000000000e+05 -1.411957000000000000e+06 2.652929000000000000e+06 3.257850000000000000e+05 -2.445830000000000000e+05 -9.077570000000000000e+05 7.973685000000000000e+06 -3.380280000000000000e+05 -1.935235000000000000e+06 3.077717000000000000e+06 -8.785930000000000000e+05 -3.349916000000000000e+06
-2.089860000000000000e+06 1.509282000000000000e+06 -3.112182000000000000e+06 2.832533000000000000e+06 -3.728010000000000000e+05 -1.446871000000000000e+06 4.859430000000000000e+05 -6.409250000000000000e+05 -3.217800000000000000e+04 -3.254920000000000000e+05 -1.633667000000000000e+06 7.900600000000000000e+05 -2.459900000000000000e+04 -1.573112000000000000e+06 -3.380280000000000000e+05 7.731399000000000000e+06 1.996894000000000000e+06 2.036670000000000000e+05 -2.116523000000000000e+06 2.294585000000000000e+06
2.000924000000000000e+06 1.736895000000000000e+06 5.431770000000000000e+05 1.161252000000000000e+06 1.498626000000000000e+06 -6.261470000000000000e+05 -2.407095000000000000e+06 1.552105000000000000e+06 5.495720000000000000e+05 6.207080000000000000e+05 -1.408009000000000000e+06 -1.677950000000000000e+05 5.132580000000000000e+05 -8.963810000000000000e+05 -1.935235000000000000e+06 1.996894000000000000e+06 5.391094000000000000e+06 2.746122000000000000e+06 1.845371000000000000e+06 1.174341000000000000e+06
4.836980000000000000e+06 -2.441670000000000000e+05 1.501020000000000000e+06 -3.929870000000000000e+05 -6.199520000000000000e+05 -3.485157000000000000e+06 -1.991780000000000000e+06 3.902390000000000000e+05 -1.608311000000000000e+06 9.374600000000000000e+05 4.819050000000000000e+05 -4.206590000000000000e+05 -6.110420000000000000e+05 -1.862555000000000000e+06 3.077717000000000000e+06 2.036670000000000000e+05 2.746122000000000000e+06 9.325566000000000000e+06 -7.382130000000000000e+05 -2.421209000000000000e+06
7.574380000000000000e+05 9.343180000000000000e+05 1.936593000000000000e+06 -6.646840000000000000e+05 2.654525000000000000e+06 2.277035000000000000e+06 -2.218723000000000000e+06 2.833825000000000000e+06 2.139112000000000000e+06 3.902060000000000000e+05 -2.150086000000000000e+06 3.502607000000000000e+06 1.062910000000000000e+06 -1.022137000000000000e+06 -8.785930000000000000e+05 -2.116523000000000000e+06 1.845371000000000000e+06 -7.382130000000000000e+05 8.450632000000000000e+06 1.816623000000000000e+06
1.563620000000000000e+05 1.986900000000000000e+06 6.710900000000000000e+04 -3.685700000000000000e+04 6.035150000000000000e+05 4.646100000000000000e+05 -1.134632000000000000e+06 2.710010000000000000e+05 3.712310000000000000e+05 2.291031000000000000e+06 -4.005439000000000000e+06 5.414870000000000000e+05 1.995050000000000000e+05 -8.327890000000000000e+05 -3.349916000000000000e+06 2.294585000000000000e+06 1.174341000000000000e+06 -2.421209000000000000e+06 1.816623000000000000e+06 5.673111000000000000e+06
