2.416410402096195891e+07
1.944920278414638340e+07
1.596004056904138066e+07
1.577797874706865847e+07
1.343366981146884523e+07
1.107357933650217392e+07
9.654291676544690505e+06
7.187436679291150533e+06
6.001121705977461301e+06
4.582353388796937652e+06
3.780247695566216018e+06
2.764012399522050750e+06
2.550265369678693824e+06
1.802714628010450397e+06
1.406915261572437128e+06
7.808762531678946689e+05
5.626672641606389079e+05
3.091972847958786297e+05
7.902596119206599542e+04
9.359162534029479502e+03
