2.206869419374743849e+07
1.609372887541173585e+07
1.542426141327807494e+07
1.345524510549877957e+07
1.176411610241126455e+07
1.076268269501719251e+07
9.760973468465736136e+06
7.333835964814335108e+06
5.822475921234006062e+06
5.032560860112463124e+06
4.269329155062507838e+06
3.599959656665331218e+06
2.702037394757461268e+06
2.092388097053495701e+06
1.110388967293699272e+06
9.599310829374503810e+05
5.635062269796736073e+05
4.201185729545840877e+05
7.566066768812481314e+04
1.760157861674080050e+04
