1.842272905821403116e+07
1.502647591906831786e+07
1.452363744728029706e+07
1.247665245703257434e+07
1.204385329976301268e+07
1.008546531345273741e+07
9.036385916031882167e+06
8.317591143311628141e+06
6.835227853773980401e+06
6.464461392779463902e+06
5.531624433569028042e+06
3.758361172967025544e+06
2.846994695133750793e+06
1.808663386460054200e+06
1.500914085057600169e+06
7.768713101870316314e+05
7.353513004146942403e+05
2.499191179024423182e+05
1.588751429314831039e+05
4.010554668841070452e+03
