2.369561549686862528e+07
1.684216638588219136e+07
1.429812329515572079e+07
1.400247751088644378e+07
1.190388374336052686e+07
9.719412867484798655e+06
8.081152202585336752e+06
6.726255613699741662e+06
5.897103783582709730e+06
4.596770356091521680e+06
3.346017402921500150e+06
3.076464006339746062e+06
2.739457622014882509e+06
2.190357363990078215e+06
1.818664008300257847e+06
1.150163327791228658e+06
6.162184502142663114e+05
2.045289534161267802e+05
1.212619322712182038e+05
6.802067714316645288e+04
