2.105119715934301913e+07
1.805201209001277760e+07
1.616144591580465995e+07
1.368256420288599655e+07
1.064020082480024174e+07
9.457394047890089452e+06
8.209592737134789117e+06
6.364380185731459409e+06
5.147853904872389510e+06
3.902688492780209985e+06
3.066042937642852310e+06
2.889522879985272419e+06
2.290453913858526386e+06
1.807592772732898593e+06
1.116782648339305539e+06
7.308168227351689711e+05
5.273590974544528872e+05
1.255935773972888564e+05
3.863947313530239626e+04
5.712315463351534163e+03
