6.827670000000000000e+06 2.225083000000000000e+06 -9.559350000000000000e+05 3.917350000000000000e+05 1.441052000000000000e+06 1.785650000000000000e+05 2.599460000000000000e+05 -1.556729000000000000e+06 -6.763880000000000000e+05 -5.595790000000000000e+05 9.894560000000000000e+05 2.500624000000000000e+06 1.466154000000000000e+06 -2.144907000000000000e+06 5.954080000000000000e+05 -2.053013000000000000e+06 -1.644688000000000000e+06 8.368430000000000000e+05 1.060646000000000000e+06 -2.278616000000000000e+06
2.225083000000000000e+06 8.828315000000000000e+06 2.709960000000000000e+05 -3.140639000000000000e+06 -1.010191000000000000e+06 1.141747000000000000e+06 -1.155088000000000000e+06 7.639700000000000000e+05 1.642275000000000000e+06 9.659920000000000000e+05 6.613440000000000000e+05 -9.570410000000000000e+05 -1.474307000000000000e+06 -1.862285000000000000e+06 -2.654790000000000000e+06 -4.177580000000000000e+06 1.794040000000000000e+05 -2.506710000000000000e+06 -6.823690000000000000e+05 -1.458309000000000000e+06
-9.559350000000000000e+05 2.709960000000000000e+05 5.986159000000000000e+06 9.582200000000000000e+04 -2.368547000000000000e+06 -1.545152000000000000e+06 1.842618000000000000e+06 -1.680440000000000000e+05 2.793700000000000000e+04 1.162618000000000000e+06 8.158820000000000000e+05 -2.228814000000000000e+06 -1.795843000000000000e+06 2.403500000000000000e+05 1.254928000000000000e+06 4.921460000000000000e+05 9.051610000000000000e+05 -5.078620000000000000e+05 -9.756350000000000000e+05 -1.559801000000000000e+06
3.917350000000000000e+05 -3.140639000000000000e+06 9.582200000000000000e+04 6.676177000000000000e+06 6.784700000000000000e+04 -1.961461000000000000e+06 1.798366000000000000e+06 1.316700000000000000e+06 6.926670000000000000e+05 -1.156153000000000000e+06 -1.284507000000000000e+06 -2.066429000000000000e+06 6.481500000000000000e+05 -2.054736000000000000e+06 2.349807000000000000e+06 7.764840000000000000e+05 4.129940000000000000e+05 6.328730000000000000e+05 -1.385976000000000000e+06 9.042790000000000000e+05
1.441052000000000000e+06 -1.010191000000000000e+06 -2.368547000000000000e+06 6.784700000000000000e+04 8.236684000000000000e+06 -7.973460000000000000e+05 -5.922140000000000000e+05 -7.330310000000000000e+05 -7.501440000000000000e+05 -8.451700000000000000e+05 -1.392339000000000000e+06 7.272640000000000000e+05 2.717773000000000000e+06 -2.331130000000000000e+06 5.485540000000000000e+05 -4.681630000000000000e+05 -2.663870000000000000e+06 1.289109000000000000e+06 1.184959000000000000e+06 -2.031747000000000000e+06
1.785650000000000000e+05 1.141747000000000000e+06 -1.545152000000000000e+06 -1.961461000000000000e+06 -7.973460000000000000e+05 7.388149000000000000e+06 -1.787893000000000000e+06 5.410480000000000000e+05 1.633124000000000000e+06 6.827260000000000000e+05 -8.723600000000000000e+04 2.373820000000000000e+05 -9.338830000000000000e+05 5.674070000000000000e+05 -8.773110000000000000e+05 -3.552820000000000000e+05 5.066500000000000000e+05 -8.898500000000000000e+04 -2.919684000000000000e+06 3.480815000000000000e+06
2.599460000000000000e+05 -1.155088000000000000e+06 1.842618000000000000e+06 1.798366000000000000e+06 -5.922140000000000000e+05 -1.787893000000000000e+06 5.539761000000000000e+06 1.855360000000000000e+06 -5.072420000000000000e+05 1.108767000000000000e+06 -7.034690000000000000e+05 1.084559000000000000e+06 1.231339000000000000e+06 1.456453000000000000e+06 7.265460000000000000e+05 2.813714000000000000e+06 -4.438290000000000000e+05 -1.726141000000000000e+06 5.582850000000000000e+05 6.666500000000000000e+04
-1.556729000000000000e+06 7.639700000000000000e+05 -1.680440000000000000e+05 1.316700000000000000e+06 -7.330310000000000000e+05 5.410480000000000000e+05 1.855360000000000000e+06 5.429212000000000000e+06 8.635930000000000000e+05 1.463475000000000000e+06 -2.521950000000000000e+05 -1.859164000000000000e+06 -7.707150000000000000e+05 1.392970000000000000e+05 9.674110000000000000e+05 3.787750000000000000e+05 3.157432000000000000e+06 -2.191562000000000000e+06 -1.628860000000000000e+06 1.206782000000000000e+06
-6.763880000000000000e+05 1.642275000000000000e+06 2.793700000000000000e+04 6.926670000000000000e+05 -7.501440000000000000e+05 1.633124000000000000e+06 -5.072420000000000000e+05 8.635930000000000000e+05 6.712187000000000000e+06 -1.229056000000000000e+06 -1.504064000000000000e+06 -3.910157000000000000e+06 -1.687826000000000000e+06 1.021627000000000000e+06 -1.585910000000000000e+06 -1.672853000000000000e+06 1.328041000000000000e+06 4.376510000000000000e+05 -3.220739000000000000e+06 1.826661000000000000e+06
-5.595790000000000000e+05 9.659920000000000000e+05 1.162618000000000000e+06 -1.156153000000000000e+06 -8.451700000000000000e+05 6.827260000000000000e+05 1.108767000000000000e+06 1.463475000000000000e+06 -1.229056000000000000e+06 5.977161000000000000e+06 1.068034000000000000e+06 4.275500000000000000e+04 1.057969000000000000e+06 -1.112034000000000000e+06 1.993960000000000000e+05 1.462620000000000000e+06 -5.898490000000000000e+05 -2.267139000000000000e+06 -2.555011000000000000e+06 8.454460000000000000e+05
9.894560000000000000e+05 6.613440000000000000e+05 8.158820000000000000e+05 -1.284507000000000000e+06 -1.392339000000000000e+06 -8.723600000000000000e+04 -7.034690000000000000e+05 -2.521950000000000000e+05 -1.504064000000000000e+06 1.068034000000000000e+06 7.052149000000000000e+06 5.531150000000000000e+05 -7.361020000000000000e+05 -1.720522000000000000e+06 2.935942000000000000e+06 6.152490000000000000e+05 7.753920000000000000e+05 -1.908000000000000000e+06 4.368130000000000000e+05 2.438023000000000000e+06
2.500624000000000000e+06 -9.570410000000000000e+05 -2.228814000000000000e+06 -2.066429000000000000e+06 7.272640000000000000e+05 2.373820000000000000e+05 1.084559000000000000e+06 -1.859164000000000000e+06 -3.910157000000000000e+06 4.275500000000000000e+04 5.531150000000000000e+05 7.549870000000000000e+06 1.849679000000000000e+06 4.902290000000000000e+05 -5.011450000000000000e+05 3.058010000000000000e+05 -2.965283000000000000e+06 5.657210000000000000e+05 3.557604000000000000e+06 -1.222830000000000000e+06
1.466154000000000000e+06 -1.474307000000000000e+06 -1.795843000000000000e+06 6.481500000000000000e+05 2.717773000000000000e+06 -9.338830000000000000e+05 1.231339000000000000e+06 -7.707150000000000000e+05 -1.687826000000000000e+06 1.057969000000000000e+06 -7.361020000000000000e+05 1.849679000000000000e+06 4.945544000000000000e+06 -1.171511000000000000e+06 1.482210000000000000e+05 6.764590000000000000e+05 -2.088820000000000000e+06 -2.087445000000000000e+06 1.090400000000000000e+05 3.065340000000000000e+05
-2.144907000000000000e+06 -1.862285000000000000e+06 2.403500000000000000e+05 -2.054736000000000000e+06 -2.331130000000000000e+06 5.674070000000000000e+05 1.456453000000000000e+06 1.392970000000000000e+05 1.021627000000000000e+06 -1.112034000000000000e+06 -1.720522000000000000e+06 4.902290000000000000e+05 -1.171511000000000000e+06 6.718456000000000000e+06 -3.001880000000000000e+06 2.217829000000000000e+06 1.693143000000000000e+06 2.049974000000000000e+06 1.644385000000000000e+06 -3.783510000000000000e+05
5.954080000000000000e+05 -2.654790000000000000e+06 1.254928000000000000e+06 2.349807000000000000e+06 5.485540000000000000e+05 -8.773110000000000000e+05 7.265460000000000000e+05 9.674110000000000000e+05 -1.585910000000000000e+06 1.993960000000000000e+05 2.935942000000000000e+06 -5.011450000000000000e+05 1.482210000000000000e+05 -3.001880000000000000e+06 6.395830000000000000e+06 1.864492000000000000e+06 -1.377800000000000000e+04 -9.770640000000000000e+05 -6.097550000000000000e+05 5.458410000000000000e+05
-2.053013000000000000e+06 -4.177580000000000000e+06 4.921460000000000000e+05 7.764840000000000000e+05 -4.681630000000000000e+05 -3.552820000000000000e+05 2.813714000000000000e+06 3.787750000000000000e+05 -1.672853000000000000e+06 1.462620000000000000e+06 6.152490000000000000e+05 3.058010000000000000e+05 6.764590000000000000e+05 2.217829000000000000e+06 1.864492000000000000e+06 7.104194000000000000e+06 -4.686710000000000000e+05 -1.570926000000000000e+06 9.080480000000000000e+05 1.612132000000000000e+06
-1.644688000000000000e+06 1.794040000000000000e+05 9.051610000000000000e+05 4.129940000000000000e+05 -2.663870000000000000e+06 5.066500000000000000e+05 -4.438290000000000000e+05 3.157432000000000000e+06 1.328041000000000000e+06 -5.898490000000000000e+05 7.753920000000000000e+05 -2.965283000000000000e+06 -2.088820000000000000e+06 1.693143000000000000e+06 -1.377800000000000000e+04 -4.686710000000000000e+05 6.774881000000000000e+06 -6.199900000000000000e+04 4.220250000000000000e+05 7.511690000000000000e+05
8.368430000000000000e+05 -2.506710000000000000e+06 -5.078620000000000000e+05 6.328730000000000000e+05 1.289109000000000000e+06 -8.898500000000000000e+04 -1.726141000000000000e+06 -2.191562000000000000e+06 4.376510000000000000e+05 -2.267139000000000000e+06 -1.908000000000000000e+06 5.657210000000000000e+05 -2.087445000000000000e+06 2.049974000000000000e+06 -9.770640000000000000e+05 -1.570926000000000000e+06 -6.199900000000000000e+04 8.216609000000000000e+06 1.744925000000000000e+06 -2.930230000000000000e+06
1.060646000000000000e+06 -6.823690000000000000e+05 -9.756350000000000000e+05 -1.385976000000000000e+06 1.184959000000000000e+06 -2.919684000000000000e+06 5.582850000000000000e+05 -1.628860000000000000e+06 -3.220739000000000000e+06 -2.555011000000000000e+06 4.368130000000000000e+05 3.557604000000000000e+06 1.090400000000000000e+05 1.644385000000000000e+06 -6.097550000000000000e+05 9.080480000000000000e+05 4.220250000000000000e+05 1.744925000000000000e+06 6.403774000000000000e+06 -2.933950000000000000e+06
-2.278616000000000000e+06 -1.458309000000000000e+06 -1.559801000000000000e+06 9.042790000000000000e+05 -2.031747000000000000e+06 3.480815000000000000e+06 6.666500000000000000e+04 1.206782000000000000e+06 1.826661000000000000e+06 8.454460000000000000e+05 2.438023000000000000e+06 -1.222830000000000000e+06 3.065340000000000000e+05 -3.783510000000000000e+05 5.458410000000000000e+05 1.612132000000000000e+06 7.511690000000000000e+05 -2.930230000000000000e+06 -2.933950000000000000e+06 8.479816000000000000e+06
