2.645273403200697899e+07
1.775434867549198121e+07
1.419413957137526758e+07
1.388583109514856711e+07
1.101511522303943895e+07
9.888464472970047966e+06
8.218460715594759211e+06
7.430598131725974381e+06
6.731833221242729574e+06
5.953005346487077884e+06
4.188950142064531799e+06
3.486487011627534404e+06
2.452550341862808913e+06
2.269166116302880459e+06
1.660891767380280653e+06
7.429876272623634432e+05
6.612577648527444107e+05
3.510874666424491443e+05
6.162374564448837918e+04
4.713531277138226869e+03
