2.122229508059299737e+07
1.840013856379301846e+07
1.526322539732145518e+07
1.229323755230845325e+07
1.153097676082090288e+07
9.555911194878233597e+06
8.402264497302535921e+06
7.255618261994470842e+06
6.841005333483745344e+06
5.438217746499828063e+06
3.867844351931779645e+06
2.841504365449416451e+06
2.454468922650805674e+06
1.731591789324880578e+06
1.105682048634650884e+06
1.091892258189483546e+06
9.996690236314489739e+05
2.800827765810881392e+05
1.957274216013553087e+04
9.813324507728443677e+02
