2.357643466797092557e+07
2.035357727822024003e+07
1.688523195175280422e+07
1.472235717807102017e+07
1.253472321553050354e+07
1.121323305327461660e+07
8.319698192063274793e+06
5.934206501504515298e+06
5.648411121709372848e+06
5.219814217954578809e+06
3.708263165847434197e+06
2.469128699207164347e+06
2.107951452636882197e+06
1.670220614328778349e+06
1.457133431253401097e+06
9.544745599806902464e+05
5.782432146224298049e+05
3.506426738309929497e+05
3.352603784641409584e+04
1.506277239415362783e+04
