2.386884728689838201e+07
2.028430731279013678e+07
1.631662623215738684e+07
1.539800747035914101e+07
1.345658199652626552e+07
1.083618607791748270e+07
9.912053891700917855e+06
8.449489383630428463e+06
6.025540214848455042e+06
4.968317176063391380e+06
3.848673926263763569e+06
2.841806810430999845e+06
2.535212836894724052e+06
1.970499864685621578e+06
1.478295091371407267e+06
7.860270132180687506e+05
4.161199486698704422e+05
2.080397728715796839e+05
1.008496743102089968e+05
4.226001839181821560e+04
