1.941975859658533707e+07
1.617253069311827607e+07
1.548068164521366172e+07
1.274151746903763339e+07
1.127866845475731976e+07
1.082156684617965482e+07
7.754406682919374667e+06
7.115395901539912447e+06
5.145905798710194416e+06
4.158810679909729399e+06
3.258700919573414139e+06
2.552422531829959247e+06
1.795923229365534149e+06
1.288474688070997596e+06
7.199069024358843453e+05
5.005986164656128967e+05
3.112550091690722620e+05
4.333681148997190758e+04
1.481752004057919839e+04
1.082003587899980630e+03
