2.475196450388575718e+07
1.810374523836017773e+07
1.683929972099645808e+07
1.293673708546888828e+07
1.145915758629359677e+07
1.052243300507109240e+07
8.246546346197656356e+06
7.813502815386882983e+06
6.223182591825441457e+06
4.829110859134796076e+06
3.782304701838209294e+06
3.360098649277384859e+06
2.330625790742419194e+06
1.828532804061125265e+06
1.468871462725875666e+06
9.074386533528905129e+05
4.606894173699956737e+05
2.580498860820840346e+05
6.013209513052646798e+04
2.547867987430817891e+02
