2.401375847762903199e+07
2.134286134122609720e+07
2.026307091325435042e+07
1.588037976262389310e+07
1.095653819277723506e+07
1.004220888720254973e+07
7.551358844725102186e+06
6.526554520436044782e+06
5.500579369759153575e+06
5.248354521663017571e+06
3.175999413805851247e+06
2.842519568958282471e+06
2.324743974549406674e+06
2.133787458565683104e+06
1.300145556884683669e+06
6.104884541265743319e+05
1.700536924318387755e+05
1.280583842687958677e+05
5.290007205133489333e+04
1.593061288862704483e+00
