2.310168100126981735e+07
2.143862879746379331e+07
1.871659096102611721e+07
1.713838077274831012e+07
1.338568929421383142e+07
1.186131641233354434e+07
9.456688439550196752e+06
7.062073126705124974e+06
5.491043794633036479e+06
4.710450028932878748e+06
3.882619731974095572e+06
2.788176900066616014e+06
2.488974825396274216e+06
1.669011415353283286e+06
1.302797311078366823e+06
8.004175600678526098e+05
5.733265582308729645e+05
1.592876236927630962e+05
1.380566169869669648e+04
9.037835646125060975e+02
