2.322138912874227762e+07
1.948400750261190906e+07
1.625160075644611195e+07
1.455621954793035425e+07
1.231245592163170315e+07
1.068678820563014783e+07
1.011523442027812637e+07
8.958420622212242335e+06
6.022899445507080294e+06
5.084540959273220040e+06
4.988514775578909554e+06
3.467835721433407627e+06
2.907627484517046250e+06
1.604244061464396073e+06
1.037107883054804173e+06
8.486699396378275706e+05
7.188479444175326498e+05
2.600908055734660884e+05
1.519630296832026506e+05
3.425584437622077530e+04
