1.844542855163727701e+07
1.656236885580487549e+07
1.513431374604242668e+07
1.366948200085792691e+07
1.174246464870578796e+07
1.022895723447174206e+07
9.279400286484522745e+06
7.597469822270864621e+06
6.158528458057292737e+06
5.296072386237176135e+06
4.561715471513851546e+06
3.011685579217229504e+06
2.522236664946449455e+06
2.052154333362887846e+06
1.223854856171923224e+06
7.788270440832742024e+05
4.433514133807480684e+05
1.845841245114937192e+05
1.429880961401670356e+05
1.940426102157374089e+03
