5.410795000000000000e+06 3.314310000000000000e+05 -1.455860000000000000e+05 1.506621000000000000e+06 2.574596000000000000e+06 -6.289860000000000000e+05 4.440880000000000000e+05 -6.298240000000000000e+05 -3.123797000000000000e+06 -2.316055000000000000e+06 9.216160000000000000e+05 -7.307850000000000000e+05 -1.475960000000000000e+05 -3.227589000000000000e+06 -8.479190000000000000e+05 1.142630000000000000e+06 3.729500000000000000e+05 3.495000000000000000e+04 1.529147000000000000e+06 -9.025270000000000000e+05
3.314310000000000000e+05 9.997731000000000000e+06 1.035417000000000000e+06 6.227570000000000000e+05 2.032102000000000000e+06 -2.292098000000000000e+06 8.634400000000000000e+05 8.593580000000000000e+05 -1.708141000000000000e+06 -1.781305000000000000e+06 1.060918000000000000e+06 -3.503780000000000000e+05 1.341635000000000000e+06 3.449155000000000000e+06 -7.165740000000000000e+05 1.127316000000000000e+06 6.270580000000000000e+05 -2.178755000000000000e+06 -1.140364000000000000e+06 -2.365855000000000000e+06
-1.455860000000000000e+05 1.035417000000000000e+06 5.097727000000000000e+06 1.022470000000000000e+06 -2.103760000000000000e+05 -4.797440000000000000e+05 1.008823000000000000e+06 2.309332000000000000e+06 -1.744369000000000000e+06 -7.281710000000000000e+05 -1.691710000000000000e+06 -6.443310000000000000e+05 2.155770000000000000e+05 -1.718024000000000000e+06 -1.648630000000000000e+05 -1.461842000000000000e+06 1.174280000000000000e+06 -4.391150000000000000e+05 -4.012480000000000000e+05 -6.141400000000000000e+04
1.506621000000000000e+06 6.227570000000000000e+05 1.022470000000000000e+06 5.061718000000000000e+06 1.018549000000000000e+06 -1.920284000000000000e+06 3.279579000000000000e+06 4.739460000000000000e+05 -2.142022000000000000e+06 -2.304752000000000000e+06 9.705030000000000000e+05 4.381600000000000000e+04 1.944659000000000000e+06 -5.534110000000000000e+05 2.235340000000000000e+06 -1.062140000000000000e+05 8.404390000000000000e+05 -4.603050000000000000e+05 1.307897000000000000e+06 -1.585768000000000000e+06
2.574596000000000000e+06 2.032102000000000000e+06 -2.103760000000000000e+05 1.018549000000000000e+06 7.267868000000000000e+06 -3.231347000000000000e+06 1.789215000000000000e+06 -1.875975000000000000e+06 -1.729711000000000000e+06 -3.004432000000000000e+06 -7.637500000000000000e+04 -3.900770000000000000e+05 2.183929000000000000e+06 -1.131385000000000000e+06 2.690426000000000000e+06 2.320521000000000000e+06 2.427795000000000000e+06 -1.607229000000000000e+06 3.432888000000000000e+06 9.400840000000000000e+05
-6.289860000000000000e+05 -2.292098000000000000e+06 -4.797440000000000000e+05 -1.920284000000000000e+06 -3.231347000000000000e+06 7.065935000000000000e+06 -2.534615000000000000e+06 4.509400000000000000e+05 9.638140000000000000e+05 1.890437000000000000e+06 -1.741980000000000000e+05 -1.426413000000000000e+06 -3.865572000000000000e+06 7.455050000000000000e+05 -1.256374000000000000e+06 -1.675940000000000000e+05 -1.077894000000000000e+06 1.875942000000000000e+06 1.022870000000000000e+05 4.284760000000000000e+05
4.440880000000000000e+05 8.634400000000000000e+05 1.008823000000000000e+06 3.279579000000000000e+06 1.789215000000000000e+06 -2.534615000000000000e+06 7.536475000000000000e+06 -1.494971000000000000e+06 -9.617920000000000000e+05 -2.462482000000000000e+06 7.482610000000000000e+05 -7.813000000000000000e+04 7.401090000000000000e+05 -1.233193000000000000e+06 3.575220000000000000e+06 1.970680000000000000e+06 2.256345000000000000e+06 1.264452000000000000e+06 2.874617000000000000e+06 -4.576050000000000000e+05
-6.298240000000000000e+05 8.593580000000000000e+05 2.309332000000000000e+06 4.739460000000000000e+05 -1.875975000000000000e+06 4.509400000000000000e+05 -1.494971000000000000e+06 6.686856000000000000e+06 1.028343000000000000e+06 2.042390000000000000e+05 -2.050304000000000000e+06 1.013811000000000000e+06 4.456750000000000000e+05 7.663360000000000000e+05 -7.041500000000000000e+04 -2.988550000000000000e+06 9.791710000000000000e+05 -2.370667000000000000e+06 -2.078066000000000000e+06 -2.358064000000000000e+06
-3.123797000000000000e+06 -1.708141000000000000e+06 -1.744369000000000000e+06 -2.142022000000000000e+06 -1.729711000000000000e+06 9.638140000000000000e+05 -9.617920000000000000e+05 1.028343000000000000e+06 6.091256000000000000e+06 2.556104000000000000e+06 -1.472181000000000000e+06 8.785510000000000000e+05 -7.847940000000000000e+05 1.209547000000000000e+06 1.746273000000000000e+06 -8.331830000000000000e+05 -3.030530000000000000e+05 -5.468700000000000000e+05 -2.258007000000000000e+06 1.808405000000000000e+06
-2.316055000000000000e+06 -1.781305000000000000e+06 -7.281710000000000000e+05 -2.304752000000000000e+06 -3.004432000000000000e+06 1.890437000000000000e+06 -2.462482000000000000e+06 2.042390000000000000e+05 2.556104000000000000e+06 8.334655000000000000e+06 -6.958090000000000000e+05 -3.563515000000000000e+06 -2.741850000000000000e+05 6.885760000000000000e+05 -1.305491000000000000e+06 6.895890000000000000e+05 8.541000000000000000e+04 4.924095000000000000e+06 -3.708820000000000000e+05 9.270980000000000000e+05
9.216160000000000000e+05 1.060918000000000000e+06 -1.691710000000000000e+06 9.705030000000000000e+05 -7.637500000000000000e+04 -1.741980000000000000e+05 7.482610000000000000e+05 -2.050304000000000000e+06 -1.472181000000000000e+06 -6.958090000000000000e+05 7.118842000000000000e+06 4.264530000000000000e+05 3.832070000000000000e+05 4.288142000000000000e+06 8.105480000000000000e+05 3.559060000000000000e+06 -7.350090000000000000e+05 1.459060000000000000e+05 -5.777870000000000000e+05 -6.439270000000000000e+05
-7.307850000000000000e+05 -3.503780000000000000e+05 -6.443310000000000000e+05 4.381600000000000000e+04 -3.900770000000000000e+05 -1.426413000000000000e+06 -7.813000000000000000e+04 1.013811000000000000e+06 8.785510000000000000e+05 -3.563515000000000000e+06 4.264530000000000000e+05 7.278980000000000000e+06 1.591753000000000000e+06 1.959097000000000000e+06 -1.240019000000000000e+06 -3.619666000000000000e+06 1.086140000000000000e+06 -2.993221000000000000e+06 -3.127809000000000000e+06 5.114930000000000000e+05
-1.475960000000000000e+05 1.341635000000000000e+06 2.155770000000000000e+05 1.944659000000000000e+06 2.183929000000000000e+06 -3.865572000000000000e+06 7.401090000000000000e+05 4.456750000000000000e+05 -7.847940000000000000e+05 -2.741850000000000000e+05 3.832070000000000000e+05 1.591753000000000000e+06 6.376744000000000000e+06 2.656599000000000000e+06 1.421765000000000000e+06 -4.706520000000000000e+05 1.563504000000000000e+06 -2.000842000000000000e+06 -4.158360000000000000e+05 7.488510000000000000e+05
-3.227589000000000000e+06 3.449155000000000000e+06 -1.718024000000000000e+06 -5.534110000000000000e+05 -1.131385000000000000e+06 7.455050000000000000e+05 -1.233193000000000000e+06 7.663360000000000000e+05 1.209547000000000000e+06 6.885760000000000000e+05 4.288142000000000000e+06 1.959097000000000000e+06 2.656599000000000000e+06 1.094557600000000000e+07 1.432969000000000000e+06 2.951200000000000000e+05 -2.091165000000000000e+06 -1.674816000000000000e+06 -3.048765000000000000e+06 -8.422340000000000000e+05
-8.479190000000000000e+05 -7.165740000000000000e+05 -1.648630000000000000e+05 2.235340000000000000e+06 2.690426000000000000e+06 -1.256374000000000000e+06 3.575220000000000000e+06 -7.041500000000000000e+04 1.746273000000000000e+06 -1.305491000000000000e+06 8.105480000000000000e+05 -1.240019000000000000e+06 1.421765000000000000e+06 1.432969000000000000e+06 7.593373000000000000e+06 2.846794000000000000e+06 -4.353110000000000000e+05 -6.261600000000000000e+05 3.160344000000000000e+06 1.107171000000000000e+06
1.142630000000000000e+06 1.127316000000000000e+06 -1.461842000000000000e+06 -1.062140000000000000e+05 2.320521000000000000e+06 -1.675940000000000000e+05 1.970680000000000000e+06 -2.988550000000000000e+06 -8.331830000000000000e+05 6.895890000000000000e+05 3.559060000000000000e+06 -3.619666000000000000e+06 -4.706520000000000000e+05 2.951200000000000000e+05 2.846794000000000000e+06 6.331946000000000000e+06 2.804310000000000000e+05 1.509128000000000000e+06 3.108133000000000000e+06 7.928300000000000000e+05
3.729500000000000000e+05 6.270580000000000000e+05 1.174280000000000000e+06 8.404390000000000000e+05 2.427795000000000000e+06 -1.077894000000000000e+06 2.256345000000000000e+06 9.791710000000000000e+05 -3.030530000000000000e+05 8.541000000000000000e+04 -7.350090000000000000e+05 1.086140000000000000e+06 1.563504000000000000e+06 -2.091165000000000000e+06 -4.353110000000000000e+05 2.804310000000000000e+05 6.962077000000000000e+06 -1.964230000000000000e+05 2.048194000000000000e+06 1.333860000000000000e+05
3.495000000000000000e+04 -2.178755000000000000e+06 -4.391150000000000000e+05 -4.603050000000000000e+05 -1.607229000000000000e+06 1.875942000000000000e+06 1.264452000000000000e+06 -2.370667000000000000e+06 -5.468700000000000000e+05 4.924095000000000000e+06 1.459060000000000000e+05 -2.993221000000000000e+06 -2.000842000000000000e+06 -1.674816000000000000e+06 -6.261600000000000000e+05 1.509128000000000000e+06 -1.964230000000000000e+05 7.062431000000000000e+06 2.595608000000000000e+06 5.262380000000000000e+05
1.529147000000000000e+06 -1.140364000000000000e+06 -4.012480000000000000e+05 1.307897000000000000e+06 3.432888000000000000e+06 1.022870000000000000e+05 2.874617000000000000e+06 -2.078066000000000000e+06 -2.258007000000000000e+06 -3.708820000000000000e+05 -5.777870000000000000e+05 -3.127809000000000000e+06 -4.158360000000000000e+05 -3.048765000000000000e+06 3.160344000000000000e+06 3.108133000000000000e+06 2.048194000000000000e+06 2.595608000000000000e+06 7.781163000000000000e+06 -4.923040000000000000e+05
-9.025270000000000000e+05 -2.365855000000000000e+06 -6.141400000000000000e+04 -1.585768000000000000e+06 9.400840000000000000e+05 4.284760000000000000e+05 -4.576050000000000000e+05 -2.358064000000000000e+06 1.808405000000000000e+06 9.270980000000000000e+05 -6.439270000000000000e+05 5.114930000000000000e+05 7.488510000000000000e+05 -8.422340000000000000e+05 1.107171000000000000e+06 7.928300000000000000e+05 1.333860000000000000e+05 5.262380000000000000e+05 -4.923040000000000000e+05 4.919127000000000000e+06
