2.300346462554007396e+07
2.069151393541325629e+07
1.651843961235086061e+07
1.426276335538207740e+07
1.189544383793798648e+07
9.914670921040160581e+06
9.298986072047911584e+06
7.901101394840782508e+06
6.206412085371868685e+06
5.207619248049564660e+06
3.542724661240505520e+06
3.499474423799510114e+06
2.043425205813014880e+06
1.135939404509424465e+06
9.323960999003653415e+05
5.611406424987838836e+05
4.525978756372980424e+05
2.385613483554914710e+05
6.593382247358119639e+04
1.726742779753979266e+04
