2.886805899890199304e+07
1.641862717025170289e+07
1.592878284492080659e+07
1.397859460717191920e+07
1.161059095122857764e+07
9.574138613253414631e+06
8.216141019249994308e+06
7.819721867987290025e+06
6.050537020297058858e+06
5.346689950897927396e+06
5.007489042217100970e+06
3.717713999695027713e+06
3.297614190847250633e+06
1.749860228394413367e+06
1.122030289039972937e+06
5.723663823484826135e+05
3.572358127452892368e+05
1.609168018386664335e+05
5.472578911538916873e+04
2.512419597505605452e+03
