7.978925000000000000e+06 -1.516051000000000000e+06 1.661210000000000000e+06 1.326586000000000000e+06 -4.922160000000000000e+05 9.711550000000000000e+05 -9.806390000000000000e+05 -2.735890000000000000e+05 1.636936000000000000e+06 -2.234760000000000000e+05 -1.350529000000000000e+06 2.783358000000000000e+06 1.533622000000000000e+06 -7.811410000000000000e+05 -9.171350000000000000e+05 7.526220000000000000e+05 -1.353099000000000000e+06 -1.873180000000000000e+05 2.593500000000000000e+04 1.360352000000000000e+06
-1.516051000000000000e+06 8.125994000000000000e+06 -3.634960000000000000e+05 -9.578420000000000000e+05 -1.340698000000000000e+06 1.235680000000000000e+06 1.143800000000000000e+05 2.778270000000000000e+05 2.627780000000000000e+05 1.104325000000000000e+06 -1.247411000000000000e+06 9.582000000000000000e+04 4.370500000000000000e+04 1.244575000000000000e+06 1.273818000000000000e+06 9.342900000000000000e+04 -3.001550000000000000e+05 -3.414100000000000000e+05 -9.180050000000000000e+05 -8.263620000000000000e+05
1.661210000000000000e+06 -3.634960000000000000e+05 6.487276000000000000e+06 1.758150000000000000e+05 1.819363000000000000e+06 9.548290000000000000e+05 7.871710000000000000e+05 2.728217000000000000e+06 2.417118000000000000e+06 -2.841507000000000000e+06 -1.918590000000000000e+06 2.201500000000000000e+05 1.173230000000000000e+05 -1.568941000000000000e+06 2.610770000000000000e+05 6.979190000000000000e+05 -5.211610000000000000e+05 3.302490000000000000e+05 1.673020000000000000e+06 1.441297000000000000e+06
1.326586000000000000e+06 -9.578420000000000000e+05 1.758150000000000000e+05 6.335945000000000000e+06 -1.521554000000000000e+06 9.295490000000000000e+05 1.047113000000000000e+06 1.157560000000000000e+06 5.193850000000000000e+05 -1.919962000000000000e+06 -1.532862000000000000e+06 -5.818070000000000000e+05 2.321730000000000000e+05 5.865670000000000000e+05 -6.462330000000000000e+05 -6.314560000000000000e+05 1.594318000000000000e+06 -9.247980000000000000e+05 1.035711000000000000e+06 -7.369860000000000000e+05
-4.922160000000000000e+05 -1.340698000000000000e+06 1.819363000000000000e+06 -1.521554000000000000e+06 5.293979000000000000e+06 -1.369320000000000000e+06 6.470980000000000000e+05 7.952530000000000000e+05 1.710673000000000000e+06 2.572160000000000000e+05 7.970490000000000000e+05 -6.552900000000000000e+04 -1.887289000000000000e+06 -2.767843000000000000e+06 3.033080000000000000e+05 1.563570000000000000e+05 1.417993000000000000e+06 -2.626580000000000000e+05 2.522970000000000000e+05 1.428919000000000000e+06
9.711550000000000000e+05 1.235680000000000000e+06 9.548290000000000000e+05 9.295490000000000000e+05 -1.369320000000000000e+06 8.293285000000000000e+06 1.651676000000000000e+06 -3.052292000000000000e+06 1.440004000000000000e+06 6.203400000000000000e+05 -8.083880000000000000e+05 -2.156242000000000000e+06 7.254370000000000000e+05 -2.431469000000000000e+06 -1.115492000000000000e+06 -7.432570000000000000e+05 -1.436024000000000000e+06 -2.307700000000000000e+04 1.583790000000000000e+05 2.722443000000000000e+06
-9.806390000000000000e+05 1.143800000000000000e+05 7.871710000000000000e+05 1.047113000000000000e+06 6.470980000000000000e+05 1.651676000000000000e+06 9.419118000000000000e+06 -5.941480000000000000e+05 4.809170000000000000e+05 2.579190000000000000e+05 -1.204963000000000000e+06 -1.535160000000000000e+05 -2.071914000000000000e+06 -7.528900000000000000e+05 -2.764030000000000000e+06 1.434542000000000000e+06 -4.922270000000000000e+05 -4.230380000000000000e+05 6.818230000000000000e+05 1.209858000000000000e+06
-2.735890000000000000e+05 2.778270000000000000e+05 2.728217000000000000e+06 1.157560000000000000e+06 7.952530000000000000e+05 -3.052292000000000000e+06 -5.941480000000000000e+05 5.620009000000000000e+06 1.342371000000000000e+06 -2.691636000000000000e+06 -1.496352000000000000e+06 1.103291000000000000e+06 -5.580870000000000000e+05 1.014873000000000000e+06 7.476340000000000000e+05 1.471460000000000000e+05 -1.385750000000000000e+05 -6.767100000000000000e+04 -2.085940000000000000e+05 -3.104122000000000000e+06
1.636936000000000000e+06 2.627780000000000000e+05 2.417118000000000000e+06 5.193850000000000000e+05 1.710673000000000000e+06 1.440004000000000000e+06 4.809170000000000000e+05 1.342371000000000000e+06 6.529941000000000000e+06 1.354825000000000000e+06 1.540750000000000000e+05 1.684957000000000000e+06 1.359937000000000000e+06 -2.065323000000000000e+06 7.027180000000000000e+05 1.615878000000000000e+06 1.040418000000000000e+06 1.577290000000000000e+05 1.145126000000000000e+06 -3.275900000000000000e+04
-2.234760000000000000e+05 1.104325000000000000e+06 -2.841507000000000000e+06 -1.919962000000000000e+06 2.572160000000000000e+05 6.203400000000000000e+05 2.579190000000000000e+05 -2.691636000000000000e+06 1.354825000000000000e+06 5.883295000000000000e+06 1.136000000000000000e+05 1.719984000000000000e+06 2.374673000000000000e+06 -7.096610000000000000e+05 -6.073070000000000000e+05 2.894305000000000000e+06 -3.056780000000000000e+05 3.200650000000000000e+05 -1.347505000000000000e+06 2.110890000000000000e+06
-1.350529000000000000e+06 -1.247411000000000000e+06 -1.918590000000000000e+06 -1.532862000000000000e+06 7.970490000000000000e+05 -8.083880000000000000e+05 -1.204963000000000000e+06 -1.496352000000000000e+06 1.540750000000000000e+05 1.136000000000000000e+05 6.537599000000000000e+06 -5.369200000000000000e+05 2.267000000000000000e+05 -5.427780000000000000e+05 3.274290000000000000e+05 4.904510000000000000e+05 2.262902000000000000e+06 -3.717660000000000000e+05 1.594862000000000000e+06 -1.120766000000000000e+06
2.783358000000000000e+06 9.582000000000000000e+04 2.201500000000000000e+05 -5.818070000000000000e+05 -6.552900000000000000e+04 -2.156242000000000000e+06 -1.535160000000000000e+05 1.103291000000000000e+06 1.684957000000000000e+06 1.719984000000000000e+06 -5.369200000000000000e+05 6.183914000000000000e+06 1.402085000000000000e+06 1.680206000000000000e+06 -8.842580000000000000e+05 4.389336000000000000e+06 -1.161598000000000000e+06 -1.727477000000000000e+06 -1.180817000000000000e+06 -1.414490000000000000e+05
1.533622000000000000e+06 4.370500000000000000e+04 1.173230000000000000e+05 2.321730000000000000e+05 -1.887289000000000000e+06 7.254370000000000000e+05 -2.071914000000000000e+06 -5.580870000000000000e+05 1.359937000000000000e+06 2.374673000000000000e+06 2.267000000000000000e+05 1.402085000000000000e+06 6.494724000000000000e+06 2.458130000000000000e+05 5.131620000000000000e+05 2.122887000000000000e+06 -1.806860000000000000e+05 4.709840000000000000e+05 7.749550000000000000e+05 2.150656000000000000e+06
-7.811410000000000000e+05 1.244575000000000000e+06 -1.568941000000000000e+06 5.865670000000000000e+05 -2.767843000000000000e+06 -2.431469000000000000e+06 -7.528900000000000000e+05 1.014873000000000000e+06 -2.065323000000000000e+06 -7.096610000000000000e+05 -5.427780000000000000e+05 1.680206000000000000e+06 2.458130000000000000e+05 6.073342000000000000e+06 -3.971800000000000000e+05 -3.136000000000000000e+03 -3.406200000000000000e+04 -2.053446000000000000e+06 -2.815726000000000000e+06 -1.913729000000000000e+06
-9.171350000000000000e+05 1.273818000000000000e+06 2.610770000000000000e+05 -6.462330000000000000e+05 3.033080000000000000e+05 -1.115492000000000000e+06 -2.764030000000000000e+06 7.476340000000000000e+05 7.027180000000000000e+05 -6.073070000000000000e+05 3.274290000000000000e+05 -8.842580000000000000e+05 5.131620000000000000e+05 -3.971800000000000000e+05 3.084641000000000000e+06 -1.301672000000000000e+06 1.439437000000000000e+06 6.949460000000000000e+05 8.706560000000000000e+05 -3.753170000000000000e+05
7.526220000000000000e+05 9.342900000000000000e+04 6.979190000000000000e+05 -6.314560000000000000e+05 1.563570000000000000e+05 -7.432570000000000000e+05 1.434542000000000000e+06 1.471460000000000000e+05 1.615878000000000000e+06 2.894305000000000000e+06 4.904510000000000000e+05 4.389336000000000000e+06 2.122887000000000000e+06 -3.136000000000000000e+03 -1.301672000000000000e+06 7.019926000000000000e+06 -3.266530000000000000e+05 -2.550460000000000000e+05 -3.049510000000000000e+05 6.977090000000000000e+05
-1.353099000000000000e+06 -3.001550000000000000e+05 -5.211610000000000000e+05 1.594318000000000000e+06 1.417993000000000000e+06 -1.436024000000000000e+06 -4.922270000000000000e+05 -1.385750000000000000e+05 1.040418000000000000e+06 -3.056780000000000000e+05 2.262902000000000000e+06 -1.161598000000000000e+06 -1.806860000000000000e+05 -3.406200000000000000e+04 1.439437000000000000e+06 -3.266530000000000000e+05 4.503316000000000000e+06 3.161290000000000000e+05 1.965590000000000000e+06 -5.350600000000000000e+05
-1.873180000000000000e+05 -3.414100000000000000e+05 3.302490000000000000e+05 -9.247980000000000000e+05 -2.626580000000000000e+05 -2.307700000000000000e+04 -4.230380000000000000e+05 -6.767100000000000000e+04 1.577290000000000000e+05 3.200650000000000000e+05 -3.717660000000000000e+05 -1.727477000000000000e+06 4.709840000000000000e+05 -2.053446000000000000e+06 6.949460000000000000e+05 -2.550460000000000000e+05 3.161290000000000000e+05 5.648771000000000000e+06 2.090337000000000000e+06 -2.236559000000000000e+06
2.593500000000000000e+04 -9.180050000000000000e+05 1.673020000000000000e+06 1.035711000000000000e+06 2.522970000000000000e+05 1.583790000000000000e+05 6.818230000000000000e+05 -2.085940000000000000e+05 1.145126000000000000e+06 -1.347505000000000000e+06 1.594862000000000000e+06 -1.180817000000000000e+06 7.749550000000000000e+05 -2.815726000000000000e+06 8.706560000000000000e+05 -3.049510000000000000e+05 1.965590000000000000e+06 2.090337000000000000e+06 6.406631000000000000e+06 1.039990000000000000e+05
1.360352000000000000e+06 -8.263620000000000000e+05 1.441297000000000000e+06 -7.369860000000000000e+05 1.428919000000000000e+06 2.722443000000000000e+06 1.209858000000000000e+06 -3.104122000000000000e+06 -3.275900000000000000e+04 2.110890000000000000e+06 -1.120766000000000000e+06 -1.414490000000000000e+05 2.150656000000000000e+06 -1.913729000000000000e+06 -3.753170000000000000e+05 6.977090000000000000e+05 -5.350600000000000000e+05 -2.236559000000000000e+06 1.039990000000000000e+05 7.117193000000000000e+06
