2.627351003047873080e+07
2.290589809908057004e+07
1.778164887170409039e+07
1.316703511908801831e+07
1.125143031296981685e+07
9.526415382012816146e+06
8.389633816892622039e+06
6.648946141697410494e+06
6.324665065755575895e+06
4.850492224285630509e+06
4.752610795747023076e+06
2.784488536194530316e+06
2.308186015858402476e+06
1.482605081010598922e+06
1.403360999386693584e+06
6.150769411486677127e+05
2.066030828799008450e+05
1.831895238241067564e+05
5.611057897082117415e+04
9.368381014111333570e+03
