6.073952000000000000e+06 -5.289350000000000000e+05 5.064970000000000000e+05 -2.035269000000000000e+06 4.831200000000000000e+04 1.782598000000000000e+06 2.056836000000000000e+06 -8.714380000000000000e+05 3.435490000000000000e+05 -5.600040000000000000e+05 7.236780000000000000e+05 1.015632000000000000e+06 -1.367599000000000000e+06 7.278560000000000000e+05 -8.172330000000000000e+05 1.038189000000000000e+06 -4.050930000000000000e+05 -1.678726000000000000e+06 -3.622301000000000000e+06 9.908140000000000000e+05
-5.289350000000000000e+05 7.281363000000000000e+06 1.277263000000000000e+06 2.256450000000000000e+05 -2.065995000000000000e+06 -1.776388000000000000e+06 -1.599906000000000000e+06 -6.949060000000000000e+05 1.150783000000000000e+06 1.483870000000000000e+06 3.394680000000000000e+05 -1.173294000000000000e+06 1.129317000000000000e+06 1.215558000000000000e+06 2.411490000000000000e+05 2.958584000000000000e+06 -6.759420000000000000e+05 -3.502037000000000000e+06 1.735170000000000000e+05 -1.381400000000000000e+06
5.064970000000000000e+05 1.277263000000000000e+06 4.281278000000000000e+06 1.653448000000000000e+06 -9.047700000000000000e+05 9.342050000000000000e+05 -8.673020000000000000e+05 5.777230000000000000e+05 -4.187040000000000000e+05 7.097600000000000000e+04 2.102949000000000000e+06 -1.494914000000000000e+06 5.275220000000000000e+05 1.265626000000000000e+06 4.924270000000000000e+05 1.583823000000000000e+06 -9.397650000000000000e+05 -8.283400000000000000e+04 3.846000000000000000e+05 -2.612781000000000000e+06
-2.035269000000000000e+06 2.256450000000000000e+05 1.653448000000000000e+06 6.136498000000000000e+06 2.660200000000000000e+06 5.609530000000000000e+05 1.026509000000000000e+06 -7.264080000000000000e+05 -2.486396000000000000e+06 9.703970000000000000e+05 -5.234760000000000000e+05 -4.462388000000000000e+06 -4.181250000000000000e+05 1.215970000000000000e+05 2.985702000000000000e+06 3.562260000000000000e+05 -2.575180000000000000e+05 -1.751050000000000000e+05 2.168241000000000000e+06 -2.707227000000000000e+06
4.831200000000000000e+04 -2.065995000000000000e+06 -9.047700000000000000e+05 2.660200000000000000e+06 5.994725000000000000e+06 9.025000000000000000e+04 2.154107000000000000e+06 -1.015195000000000000e+06 4.555930000000000000e+05 -8.086080000000000000e+05 -3.271234000000000000e+06 -1.988486000000000000e+06 -1.081417000000000000e+06 -8.410430000000000000e+05 4.155140000000000000e+05 -7.950900000000000000e+05 -7.155700000000000000e+05 -5.233650000000000000e+05 -4.843400000000000000e+04 6.631700000000000000e+05
1.782598000000000000e+06 -1.776388000000000000e+06 9.342050000000000000e+05 5.609530000000000000e+05 9.025000000000000000e+04 7.358259000000000000e+06 3.740955000000000000e+06 -1.495120000000000000e+05 1.025952000000000000e+06 -1.255033000000000000e+06 -1.524688000000000000e+06 3.569520000000000000e+05 -1.307117000000000000e+06 1.148352000000000000e+06 2.758475000000000000e+06 1.172593000000000000e+06 -1.411504000000000000e+06 -2.271200000000000000e+05 -1.486115000000000000e+06 -1.791813000000000000e+06
2.056836000000000000e+06 -1.599906000000000000e+06 -8.673020000000000000e+05 1.026509000000000000e+06 2.154107000000000000e+06 3.740955000000000000e+06 7.705832000000000000e+06 -2.517351000000000000e+06 -3.051860000000000000e+05 -1.110526000000000000e+06 -2.434335000000000000e+06 -9.301700000000000000e+04 -3.650073000000000000e+06 -9.831540000000000000e+05 1.667462000000000000e+06 1.426310000000000000e+05 6.123200000000000000e+04 -1.028259000000000000e+06 3.816790000000000000e+05 -1.343947000000000000e+06
-8.714380000000000000e+05 -6.949060000000000000e+05 5.777230000000000000e+05 -7.264080000000000000e+05 -1.015195000000000000e+06 -1.495120000000000000e+05 -2.517351000000000000e+06 4.168711000000000000e+06 -1.814243000000000000e+06 2.444474000000000000e+06 1.442606000000000000e+06 1.302597000000000000e+06 1.778495000000000000e+06 6.824530000000000000e+05 4.054770000000000000e+05 -1.120750000000000000e+06 6.157470000000000000e+05 3.322681000000000000e+06 6.039510000000000000e+05 -1.250402000000000000e+06
3.435490000000000000e+05 1.150783000000000000e+06 -4.187040000000000000e+05 -2.486396000000000000e+06 4.555930000000000000e+05 1.025952000000000000e+06 -3.051860000000000000e+05 -1.814243000000000000e+06 7.445126000000000000e+06 -3.471006000000000000e+06 -2.344875000000000000e+06 2.105367000000000000e+06 -8.384400000000000000e+04 1.867196000000000000e+06 -8.479910000000000000e+05 5.626000000000000000e+05 -1.582468000000000000e+06 -1.734979000000000000e+06 -2.346685000000000000e+06 1.186019000000000000e+06
-5.600040000000000000e+05 1.483870000000000000e+06 7.097600000000000000e+04 9.703970000000000000e+05 -8.086080000000000000e+05 -1.255033000000000000e+06 -1.110526000000000000e+06 2.444474000000000000e+06 -3.471006000000000000e+06 7.214829000000000000e+06 7.495900000000000000e+05 -1.065503000000000000e+06 1.548330000000000000e+06 -7.901830000000000000e+05 2.035350000000000000e+05 1.477943000000000000e+06 -2.566130000000000000e+05 1.776505000000000000e+06 1.481731000000000000e+06 -1.383702000000000000e+06
7.236780000000000000e+05 3.394680000000000000e+05 2.102949000000000000e+06 -5.234760000000000000e+05 -3.271234000000000000e+06 -1.524688000000000000e+06 -2.434335000000000000e+06 1.442606000000000000e+06 -2.344875000000000000e+06 7.495900000000000000e+05 7.361426000000000000e+06 1.095151000000000000e+06 -8.603100000000000000e+05 -7.131130000000000000e+05 -1.112388000000000000e+06 -1.333742000000000000e+06 2.018552000000000000e+06 1.909606000000000000e+06 1.229790000000000000e+06 -1.675401000000000000e+06
1.015632000000000000e+06 -1.173294000000000000e+06 -1.494914000000000000e+06 -4.462388000000000000e+06 -1.988486000000000000e+06 3.569520000000000000e+05 -9.301700000000000000e+04 1.302597000000000000e+06 2.105367000000000000e+06 -1.065503000000000000e+06 1.095151000000000000e+06 6.881349000000000000e+06 -2.350000000000000000e+03 -1.667462000000000000e+06 -1.633186000000000000e+06 -1.942753000000000000e+06 1.451928000000000000e+06 1.602451000000000000e+06 -2.089743000000000000e+06 2.519027000000000000e+06
-1.367599000000000000e+06 1.129317000000000000e+06 5.275220000000000000e+05 -4.181250000000000000e+05 -1.081417000000000000e+06 -1.307117000000000000e+06 -3.650073000000000000e+06 1.778495000000000000e+06 -8.384400000000000000e+04 1.548330000000000000e+06 -8.603100000000000000e+05 -2.350000000000000000e+03 5.728510000000000000e+06 -6.526190000000000000e+05 2.729120000000000000e+05 9.004500000000000000e+05 -3.052690000000000000e+05 -6.731480000000000000e+05 -1.615871000000000000e+06 6.627280000000000000e+05
7.278560000000000000e+05 1.215558000000000000e+06 1.265626000000000000e+06 1.215970000000000000e+05 -8.410430000000000000e+05 1.148352000000000000e+06 -9.831540000000000000e+05 6.824530000000000000e+05 1.867196000000000000e+06 -7.901830000000000000e+05 -7.131130000000000000e+05 -1.667462000000000000e+06 -6.526190000000000000e+05 6.879162000000000000e+06 1.943283000000000000e+06 8.581520000000000000e+05 -8.428960000000000000e+05 -9.702550000000000000e+05 6.445250000000000000e+05 -2.707916000000000000e+06
-8.172330000000000000e+05 2.411490000000000000e+05 4.924270000000000000e+05 2.985702000000000000e+06 4.155140000000000000e+05 2.758475000000000000e+06 1.667462000000000000e+06 4.054770000000000000e+05 -8.479910000000000000e+05 2.035350000000000000e+05 -1.112388000000000000e+06 -1.633186000000000000e+06 2.729120000000000000e+05 1.943283000000000000e+06 4.667894000000000000e+06 8.123760000000000000e+05 9.098780000000000000e+05 -1.904830000000000000e+05 1.624449000000000000e+06 -2.294930000000000000e+06
1.038189000000000000e+06 2.958584000000000000e+06 1.583823000000000000e+06 3.562260000000000000e+05 -7.950900000000000000e+05 1.172593000000000000e+06 1.426310000000000000e+05 -1.120750000000000000e+06 5.626000000000000000e+05 1.477943000000000000e+06 -1.333742000000000000e+06 -1.942753000000000000e+06 9.004500000000000000e+05 8.581520000000000000e+05 8.123760000000000000e+05 6.664796000000000000e+06 -1.497376000000000000e+06 -2.748921000000000000e+06 5.566910000000000000e+05 1.963178000000000000e+06
-4.050930000000000000e+05 -6.759420000000000000e+05 -9.397650000000000000e+05 -2.575180000000000000e+05 -7.155700000000000000e+05 -1.411504000000000000e+06 6.123200000000000000e+04 6.157470000000000000e+05 -1.582468000000000000e+06 -2.566130000000000000e+05 2.018552000000000000e+06 1.451928000000000000e+06 -3.052690000000000000e+05 -8.428960000000000000e+05 9.098780000000000000e+05 -1.497376000000000000e+06 5.163134000000000000e+06 2.036786000000000000e+06 1.854244000000000000e+06 7.614310000000000000e+05
-1.678726000000000000e+06 -3.502037000000000000e+06 -8.283400000000000000e+04 -1.751050000000000000e+05 -5.233650000000000000e+05 -2.271200000000000000e+05 -1.028259000000000000e+06 3.322681000000000000e+06 -1.734979000000000000e+06 1.776505000000000000e+06 1.909606000000000000e+06 1.602451000000000000e+06 -6.731480000000000000e+05 -9.702550000000000000e+05 -1.904830000000000000e+05 -2.748921000000000000e+06 2.036786000000000000e+06 7.863812000000000000e+06 1.879230000000000000e+06 -9.809580000000000000e+05
-3.622301000000000000e+06 1.735170000000000000e+05 3.846000000000000000e+05 2.168241000000000000e+06 -4.843400000000000000e+04 -1.486115000000000000e+06 3.816790000000000000e+05 6.039510000000000000e+05 -2.346685000000000000e+06 1.481731000000000000e+06 1.229790000000000000e+06 -2.089743000000000000e+06 -1.615871000000000000e+06 6.445250000000000000e+05 1.624449000000000000e+06 5.566910000000000000e+05 1.854244000000000000e+06 1.879230000000000000e+06 6.836682000000000000e+06 -2.096289000000000000e+06
9.908140000000000000e+05 -1.381400000000000000e+06 -2.612781000000000000e+06 -2.707227000000000000e+06 6.631700000000000000e+05 -1.791813000000000000e+06 -1.343947000000000000e+06 -1.250402000000000000e+06 1.186019000000000000e+06 -1.383702000000000000e+06 -1.675401000000000000e+06 2.519027000000000000e+06 6.627280000000000000e+05 -2.707916000000000000e+06 -2.294930000000000000e+06 1.963178000000000000e+06 7.614310000000000000e+05 -9.809580000000000000e+05 -2.096289000000000000e+06 7.989733000000000000e+06
