2.425139519116015732e+07
2.058021788510565460e+07
2.002887058342388645e+07
1.314443232762424648e+07
1.248452275569879450e+07
1.143210913649180345e+07
8.563622028460904956e+06
7.673945910787814297e+06
6.210818651403236203e+06
5.206158365861204453e+06
4.340888318172573112e+06
2.275376412319469266e+06
2.044587951713914517e+06
1.423065521924945759e+06
9.704291443926627981e+05
6.693897048051641323e+05
4.478195078335216967e+05
2.963959351608860306e+05
1.085062203354112862e+05
1.455244732370214479e+04
