1.938594555924802274e+07
1.734181889633837342e+07
1.601633865562413074e+07
1.223499964043446817e+07
1.050457928283980675e+07
9.111129166727567092e+06
8.235519234617886133e+06
7.523770395922196098e+06
5.004314792020024732e+06
4.731898484784758650e+06
4.240864751491843723e+06
3.257009181704102550e+06
2.643029196923422161e+06
2.131788860587966628e+06
1.659143955188367516e+06
1.095703265477075707e+06
8.887419830568953184e+05
3.413703685071713990e+05
1.777533925765926542e+05
2.415935929328531529e+03
