2.193821213860810548e+07
2.086213197183564305e+07
1.714723372859036922e+07
1.306445305384683050e+07
1.012254118620355614e+07
9.503709181907035410e+06
7.704944563498155214e+06
6.040073569165331312e+06
5.813418374412680045e+06
5.158729368014158681e+06
3.497420522891299799e+06
2.315381220121553168e+06
2.186029762121795211e+06
1.710494610201386968e+06
1.251380930899991421e+06
7.883393074770577950e+05
3.383737342127193697e+05
1.796232086473365489e+05
6.147106256209965068e+04
1.310950478290897263e+04
