1.939194931142449006e+07
1.851574238453201577e+07
1.607817168463445082e+07
1.199319324498604611e+07
1.115112806768123060e+07
9.083686037880223244e+06
8.033874672502863221e+06
6.775429072465671226e+06
6.108872919940669090e+06
4.821221012858231552e+06
3.986884593214481138e+06
3.398300279685423244e+06
2.422829627847321797e+06
1.943338613162195543e+06
1.237527194515796378e+06
8.115961305418906268e+05
4.335944497947531054e+05
3.115686905162845505e+05
4.426801521723374026e+04
2.446399659879040701e+04
