2.416388847279854491e+07
1.712403926808897406e+07
1.411868085403481126e+07
1.215990268396984227e+07
9.988366668666334823e+06
8.178943331976186484e+06
7.428086018171810545e+06
6.195001198795722798e+06
5.382283420277396217e+06
4.573089069574398920e+06
3.942126233913777396e+06
3.436337682736242656e+06
2.411118124368133023e+06
2.030470111525490647e+06
1.479660672674073139e+06
1.061646976754928008e+06
4.658892226209162618e+05
2.446080393502340885e+05
7.154022000491700601e+04
9.437296973676118341e+02
