5.481311000000000000e+06 -4.980600000000000000e+05 -1.732517000000000000e+06 -1.407831000000000000e+06 -3.082539000000000000e+06 9.466900000000000000e+05 1.097592000000000000e+06 8.353830000000000000e+05 7.607180000000000000e+05 1.036940000000000000e+06 -1.514330000000000000e+05 1.685990000000000000e+05 2.272270000000000000e+05 -1.849230000000000000e+05 -2.014604000000000000e+06 8.398750000000000000e+05 1.714162000000000000e+06 -2.496149000000000000e+06 5.074220000000000000e+05 -1.910279000000000000e+06
-4.980600000000000000e+05 7.094381000000000000e+06 1.322987000000000000e+06 5.140160000000000000e+05 -3.884800000000000000e+05 -3.508540000000000000e+05 -1.046422000000000000e+06 1.567845000000000000e+06 -8.413060000000000000e+05 -1.004200000000000000e+04 -1.495866000000000000e+06 1.403870000000000000e+05 1.202964000000000000e+06 -9.958530000000000000e+05 -7.450100000000000000e+05 3.714912000000000000e+06 8.242360000000000000e+05 -5.292230000000000000e+05 -1.663497000000000000e+06 5.017140000000000000e+05
-1.732517000000000000e+06 1.322987000000000000e+06 6.242671000000000000e+06 9.961140000000000000e+05 -3.602290000000000000e+05 6.071420000000000000e+05 -1.014904000000000000e+06 1.191357000000000000e+06 -9.454720000000000000e+05 1.017210000000000000e+05 -3.020900000000000000e+05 9.134540000000000000e+05 1.269236000000000000e+06 1.591521000000000000e+06 2.294132000000000000e+06 -3.758210000000000000e+05 5.723500000000000000e+04 -1.842283000000000000e+06 8.100400000000000000e+04 -1.049834000000000000e+06
-1.407831000000000000e+06 5.140160000000000000e+05 9.961140000000000000e+05 5.048508000000000000e+06 1.338668000000000000e+06 2.318548000000000000e+06 3.218260000000000000e+05 -1.335900000000000000e+04 2.425048000000000000e+06 -1.921071000000000000e+06 3.964400000000000000e+04 -2.146920000000000000e+05 -1.576079000000000000e+06 6.538340000000000000e+05 7.246320000000000000e+05 6.555500000000000000e+04 -7.489840000000000000e+05 6.264330000000000000e+05 -3.394161000000000000e+06 -3.378140000000000000e+05
-3.082539000000000000e+06 -3.884800000000000000e+05 -3.602290000000000000e+05 1.338668000000000000e+06 8.313111000000000000e+06 -6.776980000000000000e+05 -9.718200000000000000e+04 -2.107939000000000000e+06 -6.563350000000000000e+05 -3.907100000000000000e+05 -1.741600000000000000e+06 -2.511724000000000000e+06 -1.096924000000000000e+06 -1.977050000000000000e+06 1.268593000000000000e+06 -1.182821000000000000e+06 5.139580000000000000e+05 3.329660000000000000e+06 -2.287059000000000000e+06 2.971709000000000000e+06
9.466900000000000000e+05 -3.508540000000000000e+05 6.071420000000000000e+05 2.318548000000000000e+06 -6.776980000000000000e+05 6.963285000000000000e+06 6.036190000000000000e+05 -4.448790000000000000e+05 1.900209000000000000e+06 -1.541234000000000000e+06 -1.180050000000000000e+05 1.025832000000000000e+06 -1.564063000000000000e+06 3.445300000000000000e+04 -9.241870000000000000e+05 -1.672824000000000000e+06 -7.042010000000000000e+05 3.530300000000000000e+04 -1.371093000000000000e+06 -2.182940000000000000e+06
1.097592000000000000e+06 -1.046422000000000000e+06 -1.014904000000000000e+06 3.218260000000000000e+05 -9.718200000000000000e+04 6.036190000000000000e+05 6.238651000000000000e+06 -8.302040000000000000e+05 1.046414000000000000e+06 -1.881896000000000000e+06 8.581490000000000000e+05 -5.118700000000000000e+04 -1.843809000000000000e+06 2.445900000000000000e+04 -2.413100000000000000e+05 5.878270000000000000e+05 -1.524670000000000000e+06 2.202180000000000000e+05 1.492439000000000000e+06 6.514400000000000000e+04
8.353830000000000000e+05 1.567845000000000000e+06 1.191357000000000000e+06 -1.335900000000000000e+04 -2.107939000000000000e+06 -4.448790000000000000e+05 -8.302040000000000000e+05 6.230266000000000000e+06 6.411870000000000000e+05 -3.506363000000000000e+06 -1.028752000000000000e+06 1.086457000000000000e+06 4.289390000000000000e+05 -3.600790000000000000e+05 -1.131846000000000000e+06 1.492425000000000000e+06 2.488240000000000000e+06 -2.430346000000000000e+06 -1.048675000000000000e+06 7.366180000000000000e+05
7.607180000000000000e+05 -8.413060000000000000e+05 -9.454720000000000000e+05 2.425048000000000000e+06 -6.563350000000000000e+05 1.900209000000000000e+06 1.046414000000000000e+06 6.411870000000000000e+05 5.611280000000000000e+06 -9.414070000000000000e+05 5.220980000000000000e+05 1.189418000000000000e+06 -2.518552000000000000e+06 2.150668000000000000e+06 -5.393860000000000000e+05 1.026227000000000000e+06 -4.032110000000000000e+05 -1.042857000000000000e+06 -1.795749000000000000e+06 -1.615970000000000000e+06
1.036940000000000000e+06 -1.004200000000000000e+04 1.017210000000000000e+05 -1.921071000000000000e+06 -3.907100000000000000e+05 -1.541234000000000000e+06 -1.881896000000000000e+06 -3.506363000000000000e+06 -9.414070000000000000e+05 9.101942000000000000e+06 1.670326000000000000e+06 -1.139902000000000000e+06 3.117267000000000000e+06 -7.431780000000000000e+05 -3.412570000000000000e+05 5.803540000000000000e+05 7.839860000000000000e+05 3.066760000000000000e+05 2.557148000000000000e+06 -3.327650000000000000e+06
-1.514330000000000000e+05 -1.495866000000000000e+06 -3.020900000000000000e+05 3.964400000000000000e+04 -1.741600000000000000e+06 -1.180050000000000000e+05 8.581490000000000000e+05 -1.028752000000000000e+06 5.220980000000000000e+05 1.670326000000000000e+06 3.979273000000000000e+06 2.609338000000000000e+06 -1.469094000000000000e+06 5.616950000000000000e+05 -5.831560000000000000e+05 -8.186860000000000000e+05 -1.349386000000000000e+06 1.733330000000000000e+06 1.191287000000000000e+06 -1.614569000000000000e+06
1.685990000000000000e+05 1.403870000000000000e+05 9.134540000000000000e+05 -2.146920000000000000e+05 -2.511724000000000000e+06 1.025832000000000000e+06 -5.118700000000000000e+04 1.086457000000000000e+06 1.189418000000000000e+06 -1.139902000000000000e+06 2.609338000000000000e+06 8.015670000000000000e+06 -2.292827000000000000e+06 1.223739000000000000e+06 -6.804740000000000000e+05 -1.065526000000000000e+06 -1.213360000000000000e+05 -1.161170000000000000e+06 -9.041630000000000000e+05 4.429530000000000000e+05
2.272270000000000000e+05 1.202964000000000000e+06 1.269236000000000000e+06 -1.576079000000000000e+06 -1.096924000000000000e+06 -1.564063000000000000e+06 -1.843809000000000000e+06 4.289390000000000000e+05 -2.518552000000000000e+06 3.117267000000000000e+06 -1.469094000000000000e+06 -2.292827000000000000e+06 6.207643000000000000e+06 5.694940000000000000e+05 7.625740000000000000e+05 9.192230000000000000e+05 1.677044000000000000e+06 -8.108230000000000000e+05 2.556600000000000000e+06 -3.732570000000000000e+05
-1.849230000000000000e+05 -9.958530000000000000e+05 1.591521000000000000e+06 6.538340000000000000e+05 -1.977050000000000000e+06 3.445300000000000000e+04 2.445900000000000000e+04 -3.600790000000000000e+05 2.150668000000000000e+06 -7.431780000000000000e+05 5.616950000000000000e+05 1.223739000000000000e+06 5.694940000000000000e+05 7.286891000000000000e+06 6.986900000000000000e+04 2.730020000000000000e+05 -1.087835000000000000e+06 -7.714680000000000000e+05 6.753450000000000000e+05 -2.121256000000000000e+06
-2.014604000000000000e+06 -7.450100000000000000e+05 2.294132000000000000e+06 7.246320000000000000e+05 1.268593000000000000e+06 -9.241870000000000000e+05 -2.413100000000000000e+05 -1.131846000000000000e+06 -5.393860000000000000e+05 -3.412570000000000000e+05 -5.831560000000000000e+05 -6.804740000000000000e+05 7.625740000000000000e+05 6.986900000000000000e+04 6.095473000000000000e+06 1.105550000000000000e+05 -1.709073000000000000e+06 -9.481490000000000000e+05 8.224060000000000000e+05 2.403368000000000000e+06
8.398750000000000000e+05 3.714912000000000000e+06 -3.758210000000000000e+05 6.555500000000000000e+04 -1.182821000000000000e+06 -1.672824000000000000e+06 5.878270000000000000e+05 1.492425000000000000e+06 1.026227000000000000e+06 5.803540000000000000e+05 -8.186860000000000000e+05 -1.065526000000000000e+06 9.192230000000000000e+05 2.730020000000000000e+05 1.105550000000000000e+05 4.686169000000000000e+06 1.346020000000000000e+06 -1.050453000000000000e+06 1.283300000000000000e+05 -1.058950000000000000e+05
1.714162000000000000e+06 8.242360000000000000e+05 5.723500000000000000e+04 -7.489840000000000000e+05 5.139580000000000000e+05 -7.042010000000000000e+05 -1.524670000000000000e+06 2.488240000000000000e+06 -4.032110000000000000e+05 7.839860000000000000e+05 -1.349386000000000000e+06 -1.213360000000000000e+05 1.677044000000000000e+06 -1.087835000000000000e+06 -1.709073000000000000e+06 1.346020000000000000e+06 5.634196000000000000e+06 -9.759940000000000000e+05 -4.500700000000000000e+04 -6.503040000000000000e+05
-2.496149000000000000e+06 -5.292230000000000000e+05 -1.842283000000000000e+06 6.264330000000000000e+05 3.329660000000000000e+06 3.530300000000000000e+04 2.202180000000000000e+05 -2.430346000000000000e+06 -1.042857000000000000e+06 3.066760000000000000e+05 1.733330000000000000e+06 -1.161170000000000000e+06 -8.108230000000000000e+05 -7.714680000000000000e+05 -9.481490000000000000e+05 -1.050453000000000000e+06 -9.759940000000000000e+05 5.740564000000000000e+06 2.847300000000000000e+04 5.353130000000000000e+05
5.074220000000000000e+05 -1.663497000000000000e+06 8.100400000000000000e+04 -3.394161000000000000e+06 -2.287059000000000000e+06 -1.371093000000000000e+06 1.492439000000000000e+06 -1.048675000000000000e+06 -1.795749000000000000e+06 2.557148000000000000e+06 1.191287000000000000e+06 -9.041630000000000000e+05 2.556600000000000000e+06 6.753450000000000000e+05 8.224060000000000000e+05 1.283300000000000000e+05 -4.500700000000000000e+04 2.847300000000000000e+04 6.538451000000000000e+06 -5.636110000000000000e+05
-1.910279000000000000e+06 5.017140000000000000e+05 -1.049834000000000000e+06 -3.378140000000000000e+05 2.971709000000000000e+06 -2.182940000000000000e+06 6.514400000000000000e+04 7.366180000000000000e+05 -1.615970000000000000e+06 -3.327650000000000000e+06 -1.614569000000000000e+06 4.429530000000000000e+05 -3.732570000000000000e+05 -2.121256000000000000e+06 2.403368000000000000e+06 -1.058950000000000000e+05 -6.503040000000000000e+05 5.353130000000000000e+05 -5.636110000000000000e+05 6.057904000000000000e+06
