2.155242316147123650e+07
1.860556443143244833e+07
1.504044066254116036e+07
1.286541949721574970e+07
1.202035491540120542e+07
9.566747992674967274e+06
7.377312590373381041e+06
7.181792422810290009e+06
5.686880767465255223e+06
4.870329204320107587e+06
3.851102161030367948e+06
3.168531348304098938e+06
1.948547551803846378e+06
1.534181979517479893e+06
8.301709318615496159e+05
7.265050386153488653e+05
4.258649203868330806e+05
2.546231665398037585e+05
3.650663623737257149e+04
2.826661999745438516e+04
