1.994826817150996253e+07
1.890995441234268993e+07
1.705287685017786175e+07
1.235185838591590337e+07
1.133938759197995998e+07
9.222239340272044763e+06
8.568101512563476339e+06
6.854656666381125338e+06
5.827548726724044420e+06
4.249201419664142653e+06
3.506198912445042748e+06
2.640798828494023997e+06
1.867963893984219758e+06
1.235017169113573153e+06
9.779290368883993942e+05
3.957770285953623243e+05
2.871686858149815234e+05
1.275141306670734193e+05
5.921299999794912583e+04
6.242364682023546720e+02
