2.148961935727502406e+07
1.660265019343337230e+07
1.451728597098471224e+07
1.442178225710232928e+07
1.242492096195757948e+07
8.733864873329961672e+06
7.772953026472013444e+06
6.232040657235306688e+06
5.272683626227221452e+06
4.468894521585791372e+06
3.273215696869315114e+06
2.455092523771196604e+06
2.011562684208469931e+06
1.747139976965050213e+06
1.212815520545107778e+06
7.075599782813676866e+05
4.114361977576577337e+05
1.719010614589431207e+05
9.615544239653983095e+04
1.169947214305645321e+04
