3.057827946051580831e+07
1.769201405720270053e+07
1.470926726621798798e+07
1.214922160394007899e+07
1.073556312033143640e+07
8.510981407564893365e+06
6.679784623097124510e+06
6.334392108130917884e+06
5.451821651681214571e+06
5.212721857562673278e+06
3.266133401686662342e+06
2.842953249763079919e+06
2.105761888898418751e+06
1.462097269870108459e+06
1.008047400055174949e+06
4.720132566949929460e+05
3.286732585111479275e+05
2.179243015960032935e+05
8.158315944334096457e+03
1.332500735309524543e+03
