2.395090770678040385e+07
1.731898454161772877e+07
1.500418009775828384e+07
1.200872706288593449e+07
1.186136615303861350e+07
1.041598522114488110e+07
8.257795262776695192e+06
6.500847732247747481e+06
5.071126866923335008e+06
4.291239861653700471e+06
3.849399860474304762e+06
2.963049998506374657e+06
2.322240912860197481e+06
1.564244317678371910e+06
1.192925278952165274e+06
8.803009428383224877e+05
5.274564518005845603e+05
8.455899142444113386e+04
5.047923641185930319e+04
2.704250222614232553e+04
