2.379309256899121404e+07
2.142304898445603997e+07
1.717671531311543658e+07
1.311843953072658926e+07
1.123404641456927173e+07
9.673750909189589322e+06
8.991064503763878718e+06
7.608386291795133613e+06
6.399854977655237541e+06
4.751357075401770882e+06
4.044298791962052695e+06
3.281484625667948276e+06
2.555834383902299218e+06
2.348861018224713858e+06
1.922120901657625800e+06
9.018202346073396038e+05
7.917992440422774525e+05
5.692639927089628763e+05
5.103818242991953593e+04
2.940005513282311585e+04
