2.379386905850894004e+07
1.901582734846506268e+07
1.700325285210876912e+07
1.150762000421614759e+07
1.100101501757975295e+07
9.465469208171024919e+06
8.686292765060806647e+06
7.435947582663500682e+06
6.917230549866705202e+06
5.003165692705236375e+06
4.800089590909158811e+06
4.071793770182900596e+06
3.245651034070385154e+06
2.098664816154875793e+06
1.818785028128217906e+06
9.465489706860997248e+05
2.882994328778471681e+05
2.220712422902736871e+05
5.909630278803027613e+04
2.106073256634848440e+04
