4.760895000000000000e+06 1.012425000000000000e+06 1.761775000000000000e+06 -3.345956000000000000e+06 -2.778757000000000000e+06 -1.264230000000000000e+05 -4.675350000000000000e+05 1.810053000000000000e+06 -8.697160000000000000e+05 -1.113023000000000000e+06 8.643300000000000000e+04 1.726443000000000000e+06 -8.080530000000000000e+05 4.637300000000000000e+05 1.181117000000000000e+06 -1.162439000000000000e+06 -5.002780000000000000e+05 2.741340000000000000e+05 2.230597000000000000e+06 5.888880000000000000e+05
1.012425000000000000e+06 5.730978000000000000e+06 4.285190000000000000e+05 -1.667357000000000000e+06 -2.094220000000000000e+06 -6.607960000000000000e+05 -1.321193000000000000e+06 5.357010000000000000e+05 -1.620377000000000000e+06 -6.149040000000000000e+05 1.724509000000000000e+06 1.480828000000000000e+06 -2.196451000000000000e+06 2.296501000000000000e+06 -7.615590000000000000e+05 2.851480000000000000e+05 2.028438000000000000e+06 1.751213000000000000e+06 -2.119130000000000000e+05 1.574060000000000000e+06
1.761775000000000000e+06 4.285190000000000000e+05 8.745990000000000000e+06 -7.603020000000000000e+05 -1.648264000000000000e+06 2.488759000000000000e+06 -1.418568000000000000e+06 1.637995000000000000e+06 -1.127782000000000000e+06 -9.852150000000000000e+05 -2.823066000000000000e+06 7.188400000000000000e+04 -1.188258000000000000e+06 5.974350000000000000e+05 2.933781000000000000e+06 1.169989000000000000e+06 -6.517740000000000000e+05 4.743188000000000000e+06 3.853540000000000000e+05 1.471262000000000000e+06
-3.345956000000000000e+06 -1.667357000000000000e+06 -7.603020000000000000e+05 7.224143000000000000e+06 3.359514000000000000e+06 1.707890000000000000e+06 -2.076708000000000000e+06 -8.844350000000000000e+05 1.966720000000000000e+05 1.518206000000000000e+06 -2.319180000000000000e+05 -1.031516000000000000e+06 1.572192000000000000e+06 -1.480425000000000000e+06 -7.235910000000000000e+05 5.039600000000000000e+05 1.255723000000000000e+06 -1.177813000000000000e+06 -2.011123000000000000e+06 -5.819700000000000000e+05
-2.778757000000000000e+06 -2.094220000000000000e+06 -1.648264000000000000e+06 3.359514000000000000e+06 8.830250000000000000e+06 1.570036000000000000e+06 -3.369990000000000000e+05 -2.946499000000000000e+06 1.433052000000000000e+06 -1.667330000000000000e+05 -5.689220000000000000e+05 -1.222817000000000000e+06 1.251978000000000000e+06 2.461584000000000000e+06 -6.427430000000000000e+05 1.473946000000000000e+06 -2.251930000000000000e+06 -9.859770000000000000e+05 7.422280000000000000e+05 -2.768195000000000000e+06
-1.264230000000000000e+05 -6.607960000000000000e+05 2.488759000000000000e+06 1.707890000000000000e+06 1.570036000000000000e+06 6.821870000000000000e+06 -1.426389000000000000e+06 6.424080000000000000e+05 1.424354000000000000e+06 1.030867000000000000e+06 -2.130619000000000000e+06 7.131040000000000000e+05 -3.909000000000000000e+05 -2.039140000000000000e+05 1.833396000000000000e+06 -8.075640000000000000e+05 1.693116000000000000e+06 -3.818440000000000000e+05 1.986741000000000000e+06 -4.170640000000000000e+05
-4.675350000000000000e+05 -1.321193000000000000e+06 -1.418568000000000000e+06 -2.076708000000000000e+06 -3.369990000000000000e+05 -1.426389000000000000e+06 4.805337000000000000e+06 -6.031380000000000000e+05 2.474300000000000000e+05 -1.187257000000000000e+06 1.045208000000000000e+06 -5.742200000000000000e+05 -8.279670000000000000e+05 8.055230000000000000e+05 -9.269070000000000000e+05 -5.835600000000000000e+04 -1.396190000000000000e+06 -1.212563000000000000e+06 -2.278700000000000000e+04 4.347230000000000000e+05
1.810053000000000000e+06 5.357010000000000000e+05 1.637995000000000000e+06 -8.844350000000000000e+05 -2.946499000000000000e+06 6.424080000000000000e+05 -6.031380000000000000e+05 7.311751000000000000e+06 -1.485385000000000000e+06 -2.698710000000000000e+05 4.969270000000000000e+05 2.152858000000000000e+06 -5.375180000000000000e+05 6.995560000000000000e+05 6.102800000000000000e+04 1.044100000000000000e+04 2.030942000000000000e+06 1.823439000000000000e+06 1.646371000000000000e+06 -8.214090000000000000e+05
-8.697160000000000000e+05 -1.620377000000000000e+06 -1.127782000000000000e+06 1.966720000000000000e+05 1.433052000000000000e+06 1.424354000000000000e+06 2.474300000000000000e+05 -1.485385000000000000e+06 7.652949000000000000e+06 2.683520000000000000e+05 1.528006000000000000e+06 -9.553130000000000000e+05 -1.205377000000000000e+06 -6.589800000000000000e+04 2.696580000000000000e+05 1.421867000000000000e+06 1.286676000000000000e+06 -2.455391000000000000e+06 3.333049000000000000e+06 -3.195924000000000000e+06
-1.113023000000000000e+06 -6.149040000000000000e+05 -9.852150000000000000e+05 1.518206000000000000e+06 -1.667330000000000000e+05 1.030867000000000000e+06 -1.187257000000000000e+06 -2.698710000000000000e+05 2.683520000000000000e+05 4.381884000000000000e+06 -9.308580000000000000e+05 1.004510000000000000e+05 5.281300000000000000e+04 -2.856806000000000000e+06 2.968770000000000000e+05 -3.842970000000000000e+05 1.206136000000000000e+06 -7.300000000000000000e+04 -9.269950000000000000e+05 3.387990000000000000e+05
8.643300000000000000e+04 1.724509000000000000e+06 -2.823066000000000000e+06 -2.319180000000000000e+05 -5.689220000000000000e+05 -2.130619000000000000e+06 1.045208000000000000e+06 4.969270000000000000e+05 1.528006000000000000e+06 -9.308580000000000000e+05 5.737191000000000000e+06 -2.761720000000000000e+05 -2.469260000000000000e+06 1.565265000000000000e+06 -3.006736000000000000e+06 -1.901620000000000000e+05 7.553290000000000000e+05 -2.039270000000000000e+06 1.533270000000000000e+06 -2.220038000000000000e+06
1.726443000000000000e+06 1.480828000000000000e+06 7.188400000000000000e+04 -1.031516000000000000e+06 -1.222817000000000000e+06 7.131040000000000000e+05 -5.742200000000000000e+05 2.152858000000000000e+06 -9.553130000000000000e+05 1.004510000000000000e+05 -2.761720000000000000e+05 3.485381000000000000e+06 -1.152488000000000000e+06 9.260900000000000000e+04 -1.563873000000000000e+06 -1.501230000000000000e+06 1.254726000000000000e+06 -5.855400000000000000e+05 1.415207000000000000e+06 6.746560000000000000e+05
-8.080530000000000000e+05 -2.196451000000000000e+06 -1.188258000000000000e+06 1.572192000000000000e+06 1.251978000000000000e+06 -3.909000000000000000e+05 -8.279670000000000000e+05 -5.375180000000000000e+05 -1.205377000000000000e+06 5.281300000000000000e+04 -2.469260000000000000e+06 -1.152488000000000000e+06 5.683116000000000000e+06 -3.174710000000000000e+05 2.698889000000000000e+06 -6.780220000000000000e+05 -9.215360000000000000e+05 -1.224800000000000000e+05 -1.367131000000000000e+06 6.770000000000000000e+04
4.637300000000000000e+05 2.296501000000000000e+06 5.974350000000000000e+05 -1.480425000000000000e+06 2.461584000000000000e+06 -2.039140000000000000e+05 8.055230000000000000e+05 6.995560000000000000e+05 -6.589800000000000000e+04 -2.856806000000000000e+06 1.565265000000000000e+06 9.260900000000000000e+04 -3.174710000000000000e+05 6.795442000000000000e+06 7.587220000000000000e+05 9.990460000000000000e+05 1.750920000000000000e+05 2.436175000000000000e+06 2.619559000000000000e+06 -9.388200000000000000e+05
1.181117000000000000e+06 -7.615590000000000000e+05 2.933781000000000000e+06 -7.235910000000000000e+05 -6.427430000000000000e+05 1.833396000000000000e+06 -9.269070000000000000e+05 6.102800000000000000e+04 2.696580000000000000e+05 2.968770000000000000e+05 -3.006736000000000000e+06 -1.563873000000000000e+06 2.698889000000000000e+06 7.587220000000000000e+05 6.545467000000000000e+06 8.782300000000000000e+05 2.355900000000000000e+04 2.389928000000000000e+06 3.617480000000000000e+05 6.304470000000000000e+05
-1.162439000000000000e+06 2.851480000000000000e+05 1.169989000000000000e+06 5.039600000000000000e+05 1.473946000000000000e+06 -8.075640000000000000e+05 -5.835600000000000000e+04 1.044100000000000000e+04 1.421867000000000000e+06 -3.842970000000000000e+05 -1.901620000000000000e+05 -1.501230000000000000e+06 -6.780220000000000000e+05 9.990460000000000000e+05 8.782300000000000000e+05 4.566842000000000000e+06 5.973230000000000000e+05 2.679145000000000000e+06 -6.820310000000000000e+05 -9.550340000000000000e+05
-5.002780000000000000e+05 2.028438000000000000e+06 -6.517740000000000000e+05 1.255723000000000000e+06 -2.251930000000000000e+06 1.693116000000000000e+06 -1.396190000000000000e+06 2.030942000000000000e+06 1.286676000000000000e+06 1.206136000000000000e+06 7.553290000000000000e+05 1.254726000000000000e+06 -9.215360000000000000e+05 1.750920000000000000e+05 2.355900000000000000e+04 5.973230000000000000e+05 5.295330000000000000e+06 1.147441000000000000e+06 1.713530000000000000e+05 8.690600000000000000e+04
2.741340000000000000e+05 1.751213000000000000e+06 4.743188000000000000e+06 -1.177813000000000000e+06 -9.859770000000000000e+05 -3.818440000000000000e+05 -1.212563000000000000e+06 1.823439000000000000e+06 -2.455391000000000000e+06 -7.300000000000000000e+04 -2.039270000000000000e+06 -5.855400000000000000e+05 -1.224800000000000000e+05 2.436175000000000000e+06 2.389928000000000000e+06 2.679145000000000000e+06 1.147441000000000000e+06 7.188407000000000000e+06 -1.095824000000000000e+06 1.488908000000000000e+06
2.230597000000000000e+06 -2.119130000000000000e+05 3.853540000000000000e+05 -2.011123000000000000e+06 7.422280000000000000e+05 1.986741000000000000e+06 -2.278700000000000000e+04 1.646371000000000000e+06 3.333049000000000000e+06 -9.269950000000000000e+05 1.533270000000000000e+06 1.415207000000000000e+06 -1.367131000000000000e+06 2.619559000000000000e+06 3.617480000000000000e+05 -6.820310000000000000e+05 1.713530000000000000e+05 -1.095824000000000000e+06 6.012072000000000000e+06 -2.330869000000000000e+06
5.888880000000000000e+05 1.574060000000000000e+06 1.471262000000000000e+06 -5.819700000000000000e+05 -2.768195000000000000e+06 -4.170640000000000000e+05 4.347230000000000000e+05 -8.214090000000000000e+05 -3.195924000000000000e+06 3.387990000000000000e+05 -2.220038000000000000e+06 6.746560000000000000e+05 6.770000000000000000e+04 -9.388200000000000000e+05 6.304470000000000000e+05 -9.550340000000000000e+05 8.690600000000000000e+04 1.488908000000000000e+06 -2.330869000000000000e+06 5.306988000000000000e+06
