2.600551562017560005e+07
1.731843072710164636e+07
1.336767718153929524e+07
1.125692127741202526e+07
9.456874197920855135e+06
9.059453272308774292e+06
8.138287728065117262e+06
7.683827004590461962e+06
5.748456029380406253e+06
4.827288063778455369e+06
4.317926576175966300e+06
3.251737350424045697e+06
2.168473881963755935e+06
1.882104416738588363e+06
1.223327525828878395e+06
8.729950452555486700e+05
5.943915465002536075e+05
3.019136635907061864e+05
1.716600267062197381e+05
2.399186454353429508e+04
