2.183833665108527243e+07
1.908781335354282707e+07
1.680640849300333485e+07
1.468648356412482634e+07
1.160839416553210467e+07
1.123447870376129635e+07
8.058281672420317307e+06
7.215260343518805690e+06
5.299298049470669590e+06
4.806797418032903224e+06
2.417145373592117801e+06
1.923075044802101795e+06
1.660547835354866227e+06
1.141406226526593091e+06
8.456432326976866461e+05
5.695321658719356637e+05
2.929879238541983068e+05
1.283304964828778902e+05
5.546028907158370566e+04
1.046999725358401156e+04
