2.219722422099044174e+07
1.830311027535478026e+07
1.575612992702816054e+07
1.297420727489423193e+07
1.132761419327903353e+07
8.508368058524856344e+06
7.517316418261120096e+06
6.584350828875072300e+06
4.718033002120704390e+06
4.132099096418885048e+06
2.903002420216624159e+06
2.230228101287201978e+06
1.965305921876052162e+06
1.307649395014335401e+06
9.676194906828845851e+05
6.178079793747967342e+05
5.427703475638378877e+05
2.262576032170979597e+05
1.005239823680546397e+05
2.664462651853096759e+03
