6.409557000000000000e+06 -4.507400000000000000e+04 -5.420860000000000000e+05 -1.102876000000000000e+06 -2.021875000000000000e+06 2.248300000000000000e+05 1.370859000000000000e+06 2.560250000000000000e+05 1.032869000000000000e+06 1.399277000000000000e+06 5.786260000000000000e+05 -5.214330000000000000e+05 -8.986730000000000000e+05 2.599533000000000000e+06 -6.589150000000000000e+05 9.513270000000000000e+05 1.181270000000000000e+06 -3.028340000000000000e+05 1.943593000000000000e+06 -1.430787000000000000e+06
-4.507400000000000000e+04 8.220519000000000000e+06 -1.062667000000000000e+06 -6.881350000000000000e+05 -2.914780000000000000e+06 -2.540889000000000000e+06 -1.143664000000000000e+06 2.660161000000000000e+06 -5.643820000000000000e+05 1.687966000000000000e+06 3.858040000000000000e+05 -3.580268000000000000e+06 1.558140000000000000e+05 1.816040000000000000e+05 -6.533100000000000000e+05 -3.085000000000000000e+04 1.110459000000000000e+06 -3.707538000000000000e+06 2.624422000000000000e+06 1.468349000000000000e+06
-5.420860000000000000e+05 -1.062667000000000000e+06 8.628635000000000000e+06 -1.974112000000000000e+06 5.346200000000000000e+04 1.407551000000000000e+06 9.217780000000000000e+05 2.986713000000000000e+06 -1.281650000000000000e+05 -6.187800000000000000e+05 2.819211000000000000e+06 4.085360000000000000e+05 -2.947290000000000000e+05 2.111925000000000000e+06 5.769050000000000000e+05 1.612264000000000000e+06 2.174086000000000000e+06 2.245771000000000000e+06 1.641073000000000000e+06 1.653279000000000000e+06
-1.102876000000000000e+06 -6.881350000000000000e+05 -1.974112000000000000e+06 7.800497000000000000e+06 3.201424000000000000e+06 1.671044000000000000e+06 -3.743710000000000000e+05 -8.101890000000000000e+05 1.808568000000000000e+06 2.861690000000000000e+05 -4.911697000000000000e+06 2.804708000000000000e+06 5.575610000000000000e+05 -3.420281000000000000e+06 -3.728110000000000000e+05 2.564939000000000000e+06 -1.260171000000000000e+06 1.697317000000000000e+06 4.837860000000000000e+05 2.121001000000000000e+06
-2.021875000000000000e+06 -2.914780000000000000e+06 5.346200000000000000e+04 3.201424000000000000e+06 7.633001000000000000e+06 2.899308000000000000e+06 1.950654000000000000e+06 -6.738680000000000000e+05 1.715326000000000000e+06 -2.264478000000000000e+06 -3.328099000000000000e+06 -6.381540000000000000e+05 3.724970000000000000e+05 -3.340152000000000000e+06 2.035660000000000000e+05 1.230830000000000000e+06 -2.506605000000000000e+06 1.059078000000000000e+06 -1.579671000000000000e+06 -5.264600000000000000e+05
2.248300000000000000e+05 -2.540889000000000000e+06 1.407551000000000000e+06 1.671044000000000000e+06 2.899308000000000000e+06 6.392950000000000000e+06 -1.103041000000000000e+06 -1.199583000000000000e+06 2.655080000000000000e+05 -2.903181000000000000e+06 -1.270703000000000000e+06 1.352281000000000000e+06 -1.289609000000000000e+06 -1.137888000000000000e+06 1.359710000000000000e+05 2.381419000000000000e+06 1.096620000000000000e+05 2.734815000000000000e+06 -1.314802000000000000e+06 -1.387470000000000000e+05
1.370859000000000000e+06 -1.143664000000000000e+06 9.217780000000000000e+05 -3.743710000000000000e+05 1.950654000000000000e+06 -1.103041000000000000e+06 6.440386000000000000e+06 3.225770000000000000e+06 -1.869253000000000000e+06 2.237854000000000000e+06 3.343920000000000000e+05 -1.168585000000000000e+06 3.058250000000000000e+05 1.691680000000000000e+05 8.301920000000000000e+05 9.525190000000000000e+05 -1.512556000000000000e+06 -1.046833000000000000e+06 2.579590000000000000e+05 -2.221752000000000000e+06
2.560250000000000000e+05 2.660161000000000000e+06 2.986713000000000000e+06 -8.101890000000000000e+05 -6.738680000000000000e+05 -1.199583000000000000e+06 3.225770000000000000e+06 7.010325000000000000e+06 -2.583375000000000000e+06 7.677720000000000000e+05 9.343100000000000000e+04 -2.039222000000000000e+06 -6.605050000000000000e+05 8.313930000000000000e+05 -5.005950000000000000e+05 2.187580000000000000e+06 9.509300000000000000e+05 -8.713300000000000000e+05 4.208748000000000000e+06 9.888030000000000000e+05
1.032869000000000000e+06 -5.643820000000000000e+05 -1.281650000000000000e+05 1.808568000000000000e+06 1.715326000000000000e+06 2.655080000000000000e+05 -1.869253000000000000e+06 -2.583375000000000000e+06 6.436092000000000000e+06 2.632910000000000000e+05 -1.919650000000000000e+05 1.309266000000000000e+06 1.461169000000000000e+06 -1.194430000000000000e+06 -1.526807000000000000e+06 -1.219070000000000000e+05 7.244410000000000000e+05 1.674716000000000000e+06 -1.362780000000000000e+05 -2.181380000000000000e+05
1.399277000000000000e+06 1.687966000000000000e+06 -6.187800000000000000e+05 2.861690000000000000e+05 -2.264478000000000000e+06 -2.903181000000000000e+06 2.237854000000000000e+06 7.677720000000000000e+05 2.632910000000000000e+05 6.786135000000000000e+06 9.578290000000000000e+05 1.197208000000000000e+06 2.283005000000000000e+06 1.807631000000000000e+06 -6.153890000000000000e+05 -3.648780000000000000e+05 1.453990000000000000e+05 6.458100000000000000e+05 8.526210000000000000e+05 1.082039000000000000e+06
5.786260000000000000e+05 3.858040000000000000e+05 2.819211000000000000e+06 -4.911697000000000000e+06 -3.328099000000000000e+06 -1.270703000000000000e+06 3.343920000000000000e+05 9.343100000000000000e+04 -1.919650000000000000e+05 9.578290000000000000e+05 7.148635000000000000e+06 -1.691066000000000000e+06 1.761193000000000000e+06 2.816766000000000000e+06 -8.864500000000000000e+04 -1.856671000000000000e+06 1.021925000000000000e+06 -1.103881000000000000e+06 -1.744970000000000000e+05 -1.230786000000000000e+06
-5.214330000000000000e+05 -3.580268000000000000e+06 4.085360000000000000e+05 2.804708000000000000e+06 -6.381540000000000000e+05 1.352281000000000000e+06 -1.168585000000000000e+06 -2.039222000000000000e+06 1.309266000000000000e+06 1.197208000000000000e+06 -1.691066000000000000e+06 8.676694000000000000e+06 2.826360000000000000e+05 1.170021000000000000e+06 -1.990622000000000000e+06 2.248941000000000000e+06 1.835900000000000000e+04 5.402005000000000000e+06 -6.768820000000000000e+05 1.962394000000000000e+06
-8.986730000000000000e+05 1.558140000000000000e+05 -2.947290000000000000e+05 5.575610000000000000e+05 3.724970000000000000e+05 -1.289609000000000000e+06 3.058250000000000000e+05 -6.605050000000000000e+05 1.461169000000000000e+06 2.283005000000000000e+06 1.761193000000000000e+06 2.826360000000000000e+05 5.910711000000000000e+06 1.061728000000000000e+06 -9.871960000000000000e+05 2.279440000000000000e+05 -1.843159000000000000e+06 8.313820000000000000e+05 1.588493000000000000e+06 8.503000000000000000e+04
2.599533000000000000e+06 1.816040000000000000e+05 2.111925000000000000e+06 -3.420281000000000000e+06 -3.340152000000000000e+06 -1.137888000000000000e+06 1.691680000000000000e+05 8.313930000000000000e+05 -1.194430000000000000e+06 1.807631000000000000e+06 2.816766000000000000e+06 1.170021000000000000e+06 1.061728000000000000e+06 7.086156000000000000e+06 -1.682089000000000000e+06 7.952140000000000000e+05 2.394780000000000000e+06 1.668745000000000000e+06 2.129658000000000000e+06 1.607987000000000000e+06
-6.589150000000000000e+05 -6.533100000000000000e+05 5.769050000000000000e+05 -3.728110000000000000e+05 2.035660000000000000e+05 1.359710000000000000e+05 8.301920000000000000e+05 -5.005950000000000000e+05 -1.526807000000000000e+06 -6.153890000000000000e+05 -8.864500000000000000e+04 -1.990622000000000000e+06 -9.871960000000000000e+05 -1.682089000000000000e+06 5.338237000000000000e+06 -1.026178000000000000e+06 -5.135340000000000000e+05 -2.301098000000000000e+06 -1.337604000000000000e+06 -3.721830000000000000e+05
9.513270000000000000e+05 -3.085000000000000000e+04 1.612264000000000000e+06 2.564939000000000000e+06 1.230830000000000000e+06 2.381419000000000000e+06 9.525190000000000000e+05 2.187580000000000000e+06 -1.219070000000000000e+05 -3.648780000000000000e+05 -1.856671000000000000e+06 2.248941000000000000e+06 2.279440000000000000e+05 7.952140000000000000e+05 -1.026178000000000000e+06 6.234786000000000000e+06 5.426110000000000000e+05 1.702054000000000000e+06 3.094097000000000000e+06 1.491729000000000000e+06
1.181270000000000000e+06 1.110459000000000000e+06 2.174086000000000000e+06 -1.260171000000000000e+06 -2.506605000000000000e+06 1.096620000000000000e+05 -1.512556000000000000e+06 9.509300000000000000e+05 7.244410000000000000e+05 1.453990000000000000e+05 1.021925000000000000e+06 1.835900000000000000e+04 -1.843159000000000000e+06 2.394780000000000000e+06 -5.135340000000000000e+05 5.426110000000000000e+05 5.630087000000000000e+06 8.594810000000000000e+05 -1.687740000000000000e+05 9.789460000000000000e+05
-3.028340000000000000e+05 -3.707538000000000000e+06 2.245771000000000000e+06 1.697317000000000000e+06 1.059078000000000000e+06 2.734815000000000000e+06 -1.046833000000000000e+06 -8.713300000000000000e+05 1.674716000000000000e+06 6.458100000000000000e+05 -1.103881000000000000e+06 5.402005000000000000e+06 8.313820000000000000e+05 1.668745000000000000e+06 -2.301098000000000000e+06 1.702054000000000000e+06 8.594810000000000000e+05 6.211263000000000000e+06 -1.639480000000000000e+05 1.822078000000000000e+06
1.943593000000000000e+06 2.624422000000000000e+06 1.641073000000000000e+06 4.837860000000000000e+05 -1.579671000000000000e+06 -1.314802000000000000e+06 2.579590000000000000e+05 4.208748000000000000e+06 -1.362780000000000000e+05 8.526210000000000000e+05 -1.744970000000000000e+05 -6.768820000000000000e+05 1.588493000000000000e+06 2.129658000000000000e+06 -1.337604000000000000e+06 3.094097000000000000e+06 -1.687740000000000000e+05 -1.639480000000000000e+05 6.649116000000000000e+06 2.526791000000000000e+06
-1.430787000000000000e+06 1.468349000000000000e+06 1.653279000000000000e+06 2.121001000000000000e+06 -5.264600000000000000e+05 -1.387470000000000000e+05 -2.221752000000000000e+06 9.888030000000000000e+05 -2.181380000000000000e+05 1.082039000000000000e+06 -1.230786000000000000e+06 1.962394000000000000e+06 8.503000000000000000e+04 1.607987000000000000e+06 -3.721830000000000000e+05 1.491729000000000000e+06 9.789460000000000000e+05 1.822078000000000000e+06 2.526791000000000000e+06 8.017558000000000000e+06
