8.498884000000000000e+06 5.898300000000000000e+05 3.933760000000000000e+05 -1.578102000000000000e+06 2.886985000000000000e+06 -3.550104000000000000e+06 -1.156813000000000000e+06 -1.575746000000000000e+06 8.738570000000000000e+05 -1.086843000000000000e+06 -1.261892000000000000e+06 3.971544000000000000e+06 5.330770000000000000e+05 8.179580000000000000e+05 -1.792189000000000000e+06 -5.533490000000000000e+05 -5.875290000000000000e+05 8.552290000000000000e+05 5.197710000000000000e+05 3.394716000000000000e+06
5.898300000000000000e+05 4.865020000000000000e+06 1.646476000000000000e+06 1.039776000000000000e+06 2.532598000000000000e+06 -5.791470000000000000e+05 -9.666480000000000000e+05 9.609770000000000000e+05 -4.917920000000000000e+05 -9.378000000000000000e+03 -8.400470000000000000e+05 2.556887000000000000e+06 2.058700000000000000e+04 -5.328220000000000000e+05 -1.168295000000000000e+06 -2.206205000000000000e+06 -4.051230000000000000e+05 -9.405380000000000000e+05 -8.970360000000000000e+05 1.801750000000000000e+06
3.933760000000000000e+05 1.646476000000000000e+06 6.441451000000000000e+06 -6.136660000000000000e+05 2.398380000000000000e+06 3.099160000000000000e+05 1.901071000000000000e+06 1.692296000000000000e+06 -1.009589000000000000e+06 1.376715000000000000e+06 -9.686010000000000000e+05 4.458180000000000000e+05 -2.355680000000000000e+05 -1.663441000000000000e+06 3.964500000000000000e+04 -6.872180000000000000e+05 5.138400000000000000e+04 -1.872457000000000000e+06 -1.739691000000000000e+06 8.964250000000000000e+05
-1.578102000000000000e+06 1.039776000000000000e+06 -6.136660000000000000e+05 7.330651000000000000e+06 -3.470782000000000000e+06 2.307865000000000000e+06 -1.988190000000000000e+05 2.880762000000000000e+06 -2.377982000000000000e+06 -9.620100000000000000e+04 1.894600000000000000e+04 -3.114317000000000000e+06 -1.126445000000000000e+06 -1.095270000000000000e+05 3.549747000000000000e+06 -2.748810000000000000e+05 4.617050000000000000e+05 -1.281869000000000000e+06 -2.292746000000000000e+06 -3.207991000000000000e+06
2.886985000000000000e+06 2.532598000000000000e+06 2.398380000000000000e+06 -3.470782000000000000e+06 7.827032000000000000e+06 -2.290126000000000000e+06 7.750400000000000000e+05 -2.728778000000000000e+06 1.682296000000000000e+06 3.994700000000000000e+04 -9.379960000000000000e+05 3.234312000000000000e+06 2.757811000000000000e+06 -2.178598000000000000e+06 -4.123989000000000000e+06 -9.753600000000000000e+04 -1.922287000000000000e+06 -1.988871000000000000e+06 1.144939000000000000e+06 1.956332000000000000e+06
-3.550104000000000000e+06 -5.791470000000000000e+05 3.099160000000000000e+05 2.307865000000000000e+06 -2.290126000000000000e+06 6.113066000000000000e+06 2.073010000000000000e+06 -3.122000000000000000e+03 -2.614023000000000000e+06 9.955840000000000000e+05 -1.094661000000000000e+06 -2.406933000000000000e+06 -3.764720000000000000e+05 -2.733685000000000000e+06 1.673220000000000000e+06 5.219650000000000000e+05 1.572672000000000000e+06 -2.027258000000000000e+06 -6.987560000000000000e+05 -2.670882000000000000e+06
-1.156813000000000000e+06 -9.666480000000000000e+05 1.901071000000000000e+06 -1.988190000000000000e+05 7.750400000000000000e+05 2.073010000000000000e+06 4.724269000000000000e+06 1.015390000000000000e+05 -3.090410000000000000e+05 1.040452000000000000e+06 -3.734760000000000000e+05 -8.897670000000000000e+05 1.404483000000000000e+06 -1.587662000000000000e+06 1.210076000000000000e+06 1.133432000000000000e+06 4.143950000000000000e+05 -2.474105000000000000e+06 -2.938430000000000000e+05 -2.053846000000000000e+06
-1.575746000000000000e+06 9.609770000000000000e+05 1.692296000000000000e+06 2.880762000000000000e+06 -2.728778000000000000e+06 -3.122000000000000000e+03 1.015390000000000000e+05 8.290283000000000000e+06 -8.823390000000000000e+05 6.637380000000000000e+05 1.373673000000000000e+06 -1.133005000000000000e+06 -8.111950000000000000e+05 1.269060000000000000e+06 2.958829000000000000e+06 -2.283935000000000000e+06 1.282877000000000000e+06 4.984870000000000000e+05 -2.083707000000000000e+06 -2.421842000000000000e+06
8.738570000000000000e+05 -4.917920000000000000e+05 -1.009589000000000000e+06 -2.377982000000000000e+06 1.682296000000000000e+06 -2.614023000000000000e+06 -3.090410000000000000e+05 -8.823390000000000000e+05 7.182894000000000000e+06 3.355780000000000000e+05 2.285497000000000000e+06 8.577570000000000000e+05 3.729140000000000000e+05 -1.307538000000000000e+06 -1.486298000000000000e+06 8.908160000000000000e+05 -2.316812000000000000e+06 1.111877000000000000e+06 2.354914000000000000e+06 1.090308000000000000e+06
-1.086843000000000000e+06 -9.378000000000000000e+03 1.376715000000000000e+06 -9.620100000000000000e+04 3.994700000000000000e+04 9.955840000000000000e+05 1.040452000000000000e+06 6.637380000000000000e+05 3.355780000000000000e+05 6.675144000000000000e+06 -1.937935000000000000e+06 -1.118530000000000000e+05 -8.173000000000000000e+04 -1.865670000000000000e+05 1.665199000000000000e+06 2.880780000000000000e+05 -2.946885000000000000e+06 -2.066549000000000000e+06 -1.518729000000000000e+06 2.665170000000000000e+05
-1.261892000000000000e+06 -8.400470000000000000e+05 -9.686010000000000000e+05 1.894600000000000000e+04 -9.379960000000000000e+05 -1.094661000000000000e+06 -3.734760000000000000e+05 1.373673000000000000e+06 2.285497000000000000e+06 -1.937935000000000000e+06 9.223106000000000000e+06 -1.873271000000000000e+06 4.729440000000000000e+05 1.930668000000000000e+06 1.332900000000000000e+06 -9.011610000000000000e+05 -4.694510000000000000e+05 8.562610000000000000e+05 -7.061300000000000000e+04 -1.320650000000000000e+06
3.971544000000000000e+06 2.556887000000000000e+06 4.458180000000000000e+05 -3.114317000000000000e+06 3.234312000000000000e+06 -2.406933000000000000e+06 -8.897670000000000000e+05 -1.133005000000000000e+06 8.577570000000000000e+05 -1.118530000000000000e+05 -1.873271000000000000e+06 8.347945000000000000e+06 1.627728000000000000e+06 2.700920000000000000e+05 -2.253591000000000000e+06 -1.461523000000000000e+06 -2.374789000000000000e+06 2.236191000000000000e+06 8.284720000000000000e+05 5.548965000000000000e+06
5.330770000000000000e+05 2.058700000000000000e+04 -2.355680000000000000e+05 -1.126445000000000000e+06 2.757811000000000000e+06 -3.764720000000000000e+05 1.404483000000000000e+06 -8.111950000000000000e+05 3.729140000000000000e+05 -8.173000000000000000e+04 4.729440000000000000e+05 1.627728000000000000e+06 5.857760000000000000e+06 -8.083700000000000000e+05 1.111179000000000000e+06 -1.698000000000000000e+04 -1.003608000000000000e+06 -2.494281000000000000e+06 -1.397055000000000000e+06 -7.647170000000000000e+05
8.179580000000000000e+05 -5.328220000000000000e+05 -1.663441000000000000e+06 -1.095270000000000000e+05 -2.178598000000000000e+06 -2.733685000000000000e+06 -1.587662000000000000e+06 1.269060000000000000e+06 -1.307538000000000000e+06 -1.865670000000000000e+05 1.930668000000000000e+06 2.700920000000000000e+05 -8.083700000000000000e+05 4.778554000000000000e+06 1.045570000000000000e+06 -1.120798000000000000e+06 3.231250000000000000e+05 1.465487000000000000e+06 -8.445840000000000000e+05 1.566200000000000000e+04
-1.792189000000000000e+06 -1.168295000000000000e+06 3.964500000000000000e+04 3.549747000000000000e+06 -4.123989000000000000e+06 1.673220000000000000e+06 1.210076000000000000e+06 2.958829000000000000e+06 -1.486298000000000000e+06 1.665199000000000000e+06 1.332900000000000000e+06 -2.253591000000000000e+06 1.111179000000000000e+06 1.045570000000000000e+06 6.404604000000000000e+06 -7.077000000000000000e+04 -3.941720000000000000e+05 -6.006030000000000000e+05 -3.780710000000000000e+06 -1.687860000000000000e+06
-5.533490000000000000e+05 -2.206205000000000000e+06 -6.872180000000000000e+05 -2.748810000000000000e+05 -9.753600000000000000e+04 5.219650000000000000e+05 1.133432000000000000e+06 -2.283935000000000000e+06 8.908160000000000000e+05 2.880780000000000000e+05 -9.011610000000000000e+05 -1.461523000000000000e+06 -1.698000000000000000e+04 -1.120798000000000000e+06 -7.077000000000000000e+04 2.495188000000000000e+06 -4.494680000000000000e+05 1.062200000000000000e+04 5.939000000000000000e+05 -9.818520000000000000e+05
-5.875290000000000000e+05 -4.051230000000000000e+05 5.138400000000000000e+04 4.617050000000000000e+05 -1.922287000000000000e+06 1.572672000000000000e+06 4.143950000000000000e+05 1.282877000000000000e+06 -2.316812000000000000e+06 -2.946885000000000000e+06 -4.694510000000000000e+05 -2.374789000000000000e+06 -1.003608000000000000e+06 3.231250000000000000e+05 -3.941720000000000000e+05 -4.494680000000000000e+05 5.905595000000000000e+06 -9.044420000000000000e+05 -9.229700000000000000e+04 -3.100505000000000000e+06
8.552290000000000000e+05 -9.405380000000000000e+05 -1.872457000000000000e+06 -1.281869000000000000e+06 -1.988871000000000000e+06 -2.027258000000000000e+06 -2.474105000000000000e+06 4.984870000000000000e+05 1.111877000000000000e+06 -2.066549000000000000e+06 8.562610000000000000e+05 2.236191000000000000e+06 -2.494281000000000000e+06 1.465487000000000000e+06 -6.006030000000000000e+05 1.062200000000000000e+04 -9.044420000000000000e+05 6.252538000000000000e+06 1.869619000000000000e+06 3.334915000000000000e+06
5.197710000000000000e+05 -8.970360000000000000e+05 -1.739691000000000000e+06 -2.292746000000000000e+06 1.144939000000000000e+06 -6.987560000000000000e+05 -2.938430000000000000e+05 -2.083707000000000000e+06 2.354914000000000000e+06 -1.518729000000000000e+06 -7.061300000000000000e+04 8.284720000000000000e+05 -1.397055000000000000e+06 -8.445840000000000000e+05 -3.780710000000000000e+06 5.939000000000000000e+05 -9.229700000000000000e+04 1.869619000000000000e+06 4.339643000000000000e+06 1.231649000000000000e+06
3.394716000000000000e+06 1.801750000000000000e+06 8.964250000000000000e+05 -3.207991000000000000e+06 1.956332000000000000e+06 -2.670882000000000000e+06 -2.053846000000000000e+06 -2.421842000000000000e+06 1.090308000000000000e+06 2.665170000000000000e+05 -1.320650000000000000e+06 5.548965000000000000e+06 -7.647170000000000000e+05 1.566200000000000000e+04 -1.687860000000000000e+06 -9.818520000000000000e+05 -3.100505000000000000e+06 3.334915000000000000e+06 1.231649000000000000e+06 8.213515000000000000e+06
