2.195524135196425021e+07
1.899642085809825361e+07
1.689502878189301863e+07
1.397498935549242049e+07
1.305769253225578368e+07
1.254889615031425655e+07
1.043630067534880526e+07
8.038152375716390088e+06
7.095656212821014225e+06
5.876131082947414368e+06
3.694552055292749777e+06
3.235363096415073145e+06
2.467274563584872056e+06
1.055546410009619081e+06
9.343019956870747264e+05
3.776002448134371080e+05
2.265307498451622669e+05
1.203393658315683278e+05
5.660811991518312425e+04
3.272802175365891890e+04
