2.587544466126205772e+07
2.097894268258139119e+07
1.640973052303763479e+07
1.458914049322964996e+07
1.213054536372131296e+07
9.595313214647687972e+06
8.705109409212563187e+06
6.271770693000956438e+06
5.266205019372276030e+06
4.426795478106851690e+06
4.021068207510429900e+06
2.868768152539988514e+06
2.347307219212264754e+06
2.068292007894133450e+06
1.425674926409821957e+06
8.765183041066488950e+05
4.941537590523906401e+05
2.354416448104784940e+05
6.296538500597878010e+04
1.215285528557395264e+04
