2.381492656713965535e+07
1.806881188692427427e+07
1.705095638630103320e+07
1.640567912854497693e+07
1.305423459796296060e+07
1.104770881310539134e+07
9.903348098223308101e+06
7.349120070739412680e+06
6.048167057211739011e+06
4.139377188299680129e+06
2.930960356196703389e+06
2.845814162349462509e+06
2.536508011493252590e+06
1.746183902731039794e+06
1.219474560169185512e+06
9.804843042565736687e+05
6.955413500832244754e+05
2.418434240624437807e+05
1.005776977667270403e+05
1.807043643896860158e+04
