2.308645953201298416e+07
1.904497387589405477e+07
1.499059263814163953e+07
1.414273826825389639e+07
1.097290577415003814e+07
9.759226119206260890e+06
8.996011463323665783e+06
8.236397426423398778e+06
6.420749016845170408e+06
5.267297817119581625e+06
5.087956093845819123e+06
4.382316435111090541e+06
3.257480099238814320e+06
1.740588433174887206e+06
1.611282564400806790e+06
1.106223458482598653e+06
8.005421154965207679e+05
4.643947599937901832e+05
5.811321396902210108e+04
8.689491609284037565e+01
