2.169717212009391934e+07
1.714233392990894243e+07
1.534454745410946012e+07
1.325065578690898977e+07
1.122794228749159724e+07
8.944454258895536885e+06
8.287122309222298674e+06
6.477809861556549557e+06
6.139195603822404519e+06
5.177086286022772081e+06
3.897639618000928778e+06
2.888829196744692046e+06
2.832497074074918404e+06
1.931726961668041302e+06
1.190211894296687096e+06
9.942630964501829585e+05
5.441693284453006927e+05
1.326428106715183239e+05
2.150069482226024775e+04
1.303426793038773667e+03
