2.231707938999612257e+07
1.966538494854928553e+07
1.879195611520881951e+07
1.659106579148393497e+07
1.068024366083745658e+07
1.043434397295405157e+07
6.533204942887588404e+06
5.783511215523160063e+06
5.035318028560771607e+06
4.739509912389934994e+06
3.915708530820079613e+06
2.473238475693539251e+06
1.748028910672934027e+06
1.122047354779362911e+06
8.870118051584186032e+05
6.947340329062021337e+05
4.648972953921761946e+05
1.731619381889540819e+05
6.272060067242328660e+04
6.907732495505719328e+01
