7.410133000000000000e+06 -2.676700000000000000e+06 1.584202000000000000e+06 -3.120820000000000000e+05 3.791152000000000000e+06 1.335359000000000000e+06 4.705170000000000000e+05 -2.309775000000000000e+06 1.862970000000000000e+06 9.365170000000000000e+05 8.716510000000000000e+05 2.750048000000000000e+06 -8.845920000000000000e+05 -1.467370000000000000e+05 -1.320758000000000000e+06 1.634652000000000000e+06 -3.079360000000000000e+05 -1.501770000000000000e+05 -4.649450000000000000e+05 8.874520000000000000e+05
-2.676700000000000000e+06 5.414500000000000000e+06 -1.069424000000000000e+06 2.488013000000000000e+06 -1.003783000000000000e+06 2.009825000000000000e+06 -2.110910000000000000e+06 1.371523000000000000e+06 -1.761954000000000000e+06 4.720290000000000000e+05 -6.214730000000000000e+05 -1.863782000000000000e+06 -2.047737000000000000e+06 4.165680000000000000e+05 2.481630000000000000e+05 -3.480460000000000000e+05 -5.944170000000000000e+05 -6.252470000000000000e+05 1.051073000000000000e+06 -1.301360000000000000e+05
1.584202000000000000e+06 -1.069424000000000000e+06 5.770851000000000000e+06 -2.901424000000000000e+06 8.844270000000000000e+05 -5.446370000000000000e+05 1.099741000000000000e+06 3.274730000000000000e+05 -2.049190000000000000e+06 1.381277000000000000e+06 -1.475383000000000000e+06 -3.478130000000000000e+05 -3.068530000000000000e+05 3.382170000000000000e+05 -1.690612000000000000e+06 1.236990000000000000e+06 -1.813042000000000000e+06 1.066762000000000000e+06 -1.544081000000000000e+06 -1.888905000000000000e+06
-3.120820000000000000e+05 2.488013000000000000e+06 -2.901424000000000000e+06 7.686593000000000000e+06 -7.602180000000000000e+05 4.623491000000000000e+06 -2.611244000000000000e+06 -3.314190000000000000e+05 -2.034070000000000000e+05 -1.240650000000000000e+05 -1.145600000000000000e+05 1.045883000000000000e+06 -2.400183000000000000e+06 -1.398906000000000000e+06 1.821110000000000000e+06 6.672440000000000000e+05 4.007550000000000000e+05 -3.115520000000000000e+05 3.119733000000000000e+06 7.461890000000000000e+05
3.791152000000000000e+06 -1.003783000000000000e+06 8.844270000000000000e+05 -7.602180000000000000e+05 7.339678000000000000e+06 1.265605000000000000e+06 2.224757000000000000e+06 2.192759000000000000e+06 1.517607000000000000e+06 7.636780000000000000e+05 -5.435970000000000000e+05 7.185050000000000000e+05 3.561820000000000000e+05 1.787621000000000000e+06 -1.754217000000000000e+06 3.686270000000000000e+05 7.956890000000000000e+05 -7.836040000000000000e+05 -8.863700000000000000e+04 2.735280000000000000e+06
1.335359000000000000e+06 2.009825000000000000e+06 -5.446370000000000000e+05 4.623491000000000000e+06 1.265605000000000000e+06 6.193613000000000000e+06 -3.379596000000000000e+06 1.176870000000000000e+06 8.714900000000000000e+04 1.614204000000000000e+06 -1.702790000000000000e+05 5.871940000000000000e+05 -1.844879000000000000e+06 8.292380000000000000e+05 -9.612530000000000000e+05 2.095640000000000000e+05 1.191518000000000000e+06 -1.236423000000000000e+06 1.229512000000000000e+06 1.282964000000000000e+06
4.705170000000000000e+05 -2.110910000000000000e+06 1.099741000000000000e+06 -2.611244000000000000e+06 2.224757000000000000e+06 -3.379596000000000000e+06 7.021934000000000000e+06 5.319440000000000000e+05 -2.855490000000000000e+05 -5.738130000000000000e+05 -5.871560000000000000e+05 -1.171400000000000000e+04 6.399520000000000000e+05 -1.528401000000000000e+06 -4.093100000000000000e+04 1.079033000000000000e+06 -1.807222000000000000e+06 2.058090000000000000e+06 5.276380000000000000e+05 6.195490000000000000e+05
-2.309775000000000000e+06 1.371523000000000000e+06 3.274730000000000000e+05 -3.314190000000000000e+05 2.192759000000000000e+06 1.176870000000000000e+06 5.319440000000000000e+05 7.493975000000000000e+06 5.490340000000000000e+05 9.541280000000000000e+05 -2.722528000000000000e+06 -7.797520000000000000e+05 4.983150000000000000e+05 4.185490000000000000e+05 -2.519564000000000000e+06 -7.444140000000000000e+05 1.311935000000000000e+06 -1.823224000000000000e+06 -1.075524000000000000e+06 2.942595000000000000e+06
1.862970000000000000e+06 -1.761954000000000000e+06 -2.049190000000000000e+06 -2.034070000000000000e+05 1.517607000000000000e+06 8.714900000000000000e+04 -2.855490000000000000e+05 5.490340000000000000e+05 5.745257000000000000e+06 4.444850000000000000e+05 2.871136000000000000e+06 7.264260000000000000e+05 6.352610000000000000e+05 1.578760000000000000e+05 5.145730000000000000e+05 -1.177876000000000000e+06 7.591120000000000000e+05 -1.280571000000000000e+06 1.703960000000000000e+05 5.565880000000000000e+05
9.365170000000000000e+05 4.720290000000000000e+05 1.381277000000000000e+06 -1.240650000000000000e+05 7.636780000000000000e+05 1.614204000000000000e+06 -5.738130000000000000e+05 9.541280000000000000e+05 4.444850000000000000e+05 7.397032000000000000e+06 -6.482210000000000000e+05 2.053544000000000000e+06 -2.912368000000000000e+06 1.878200000000000000e+06 -1.391897000000000000e+06 1.674387000000000000e+06 1.857510000000000000e+05 1.030267000000000000e+06 -1.909113000000000000e+06 -1.016913000000000000e+06
8.716510000000000000e+05 -6.214730000000000000e+05 -1.475383000000000000e+06 -1.145600000000000000e+05 -5.435970000000000000e+05 -1.702790000000000000e+05 -5.871560000000000000e+05 -2.722528000000000000e+06 2.871136000000000000e+06 -6.482210000000000000e+05 6.300489000000000000e+06 4.280560000000000000e+05 1.108690000000000000e+06 -2.435860000000000000e+05 1.818800000000000000e+06 -1.989820000000000000e+06 -2.328098000000000000e+06 2.061017000000000000e+06 7.978310000000000000e+05 -2.213504000000000000e+06
2.750048000000000000e+06 -1.863782000000000000e+06 -3.478130000000000000e+05 1.045883000000000000e+06 7.185050000000000000e+05 5.871940000000000000e+05 -1.171400000000000000e+04 -7.797520000000000000e+05 7.264260000000000000e+05 2.053544000000000000e+06 4.280560000000000000e+05 4.228136000000000000e+06 -2.615040000000000000e+05 -1.709263000000000000e+06 -6.484310000000000000e+05 1.275464000000000000e+06 1.145302000000000000e+06 1.509762000000000000e+06 -2.094570000000000000e+05 -5.280190000000000000e+05
-8.845920000000000000e+05 -2.047737000000000000e+06 -3.068530000000000000e+05 -2.400183000000000000e+06 3.561820000000000000e+05 -1.844879000000000000e+06 6.399520000000000000e+05 4.983150000000000000e+05 6.352610000000000000e+05 -2.912368000000000000e+06 1.108690000000000000e+06 -2.615040000000000000e+05 5.631027000000000000e+06 -1.575632000000000000e+06 -3.348660000000000000e+05 -2.706172000000000000e+06 6.519090000000000000e+05 7.278530000000000000e+05 -6.047100000000000000e+04 -5.263500000000000000e+05
-1.467370000000000000e+05 4.165680000000000000e+05 3.382170000000000000e+05 -1.398906000000000000e+06 1.787621000000000000e+06 8.292380000000000000e+05 -1.528401000000000000e+06 4.185490000000000000e+05 1.578760000000000000e+05 1.878200000000000000e+06 -2.435860000000000000e+05 -1.709263000000000000e+06 -1.575632000000000000e+06 6.843954000000000000e+06 4.242700000000000000e+05 -3.226900000000000000e+05 2.726370000000000000e+05 -7.619030000000000000e+05 -2.490062000000000000e+06 2.596778000000000000e+06
-1.320758000000000000e+06 2.481630000000000000e+05 -1.690612000000000000e+06 1.821110000000000000e+06 -1.754217000000000000e+06 -9.612530000000000000e+05 -4.093100000000000000e+04 -2.519564000000000000e+06 5.145730000000000000e+05 -1.391897000000000000e+06 1.818800000000000000e+06 -6.484310000000000000e+05 -3.348660000000000000e+05 4.242700000000000000e+05 4.723277000000000000e+06 -9.434710000000000000e+05 -2.147092000000000000e+06 6.729980000000000000e+05 2.325814000000000000e+06 -8.031080000000000000e+05
1.634652000000000000e+06 -3.480460000000000000e+05 1.236990000000000000e+06 6.672440000000000000e+05 3.686270000000000000e+05 2.095640000000000000e+05 1.079033000000000000e+06 -7.444140000000000000e+05 -1.177876000000000000e+06 1.674387000000000000e+06 -1.989820000000000000e+06 1.275464000000000000e+06 -2.706172000000000000e+06 -3.226900000000000000e+05 -9.434710000000000000e+05 3.643060000000000000e+06 4.541340000000000000e+05 3.356840000000000000e+05 1.017115000000000000e+06 -4.414070000000000000e+05
-3.079360000000000000e+05 -5.944170000000000000e+05 -1.813042000000000000e+06 4.007550000000000000e+05 7.956890000000000000e+05 1.191518000000000000e+06 -1.807222000000000000e+06 1.311935000000000000e+06 7.591120000000000000e+05 1.857510000000000000e+05 -2.328098000000000000e+06 1.145302000000000000e+06 6.519090000000000000e+05 2.726370000000000000e+05 -2.147092000000000000e+06 4.541340000000000000e+05 5.787860000000000000e+06 -2.502577000000000000e+06 -7.506360000000000000e+05 1.449206000000000000e+06
-1.501770000000000000e+05 -6.252470000000000000e+05 1.066762000000000000e+06 -3.115520000000000000e+05 -7.836040000000000000e+05 -1.236423000000000000e+06 2.058090000000000000e+06 -1.823224000000000000e+06 -1.280571000000000000e+06 1.030267000000000000e+06 2.061017000000000000e+06 1.509762000000000000e+06 7.278530000000000000e+05 -7.619030000000000000e+05 6.729980000000000000e+05 3.356840000000000000e+05 -2.502577000000000000e+06 5.626629000000000000e+06 -1.002569000000000000e+06 -2.144803000000000000e+06
-4.649450000000000000e+05 1.051073000000000000e+06 -1.544081000000000000e+06 3.119733000000000000e+06 -8.863700000000000000e+04 1.229512000000000000e+06 5.276380000000000000e+05 -1.075524000000000000e+06 1.703960000000000000e+05 -1.909113000000000000e+06 7.978310000000000000e+05 -2.094570000000000000e+05 -6.047100000000000000e+04 -2.490062000000000000e+06 2.325814000000000000e+06 1.017115000000000000e+06 -7.506360000000000000e+05 -1.002569000000000000e+06 8.636877000000000000e+06 -1.594394000000000000e+06
8.874520000000000000e+05 -1.301360000000000000e+05 -1.888905000000000000e+06 7.461890000000000000e+05 2.735280000000000000e+06 1.282964000000000000e+06 6.195490000000000000e+05 2.942595000000000000e+06 5.565880000000000000e+05 -1.016913000000000000e+06 -2.213504000000000000e+06 -5.280190000000000000e+05 -5.263500000000000000e+05 2.596778000000000000e+06 -8.031080000000000000e+05 -4.414070000000000000e+05 1.449206000000000000e+06 -2.144803000000000000e+06 -1.594394000000000000e+06 6.248253000000000000e+06
