2.597078071014894918e+07
1.602540308886369318e+07
1.360578665286708623e+07
1.345207221103181690e+07
1.261930554297751933e+07
1.069465987565598264e+07
9.796669751630578190e+06
8.280886984014567919e+06
6.712281850215957500e+06
4.915408366442870349e+06
4.041842078245522920e+06
3.747208505624814890e+06
2.303970750061157625e+06
1.382979069792464608e+06
8.780138112329035066e+05
7.845596684700284386e+05
6.977421540421606041e+05
4.671936532264517155e+05
1.903696683532726020e+05
3.930060710226138326e+04
