2.467996249953710660e+07
1.856841937160794437e+07
1.505172735180919990e+07
1.308019281882790104e+07
1.279040583520865813e+07
1.098610434156646021e+07
8.941360357895324007e+06
8.198358483290843666e+06
7.102211425678343512e+06
4.965193404712382704e+06
4.738755338395478204e+06
3.700950624696750659e+06
2.243564414244449232e+06
1.595845224188892636e+06
1.454045122699822299e+06
9.594616010702764615e+05
5.070958012398849241e+05
1.982130152515896189e+05
8.555449800534796668e+04
1.767470073395306599e+03
