2.315710497566098720e+07
1.807533305459474400e+07
1.660726822826286778e+07
1.510684969949690253e+07
1.231219103006706946e+07
1.030411396879994124e+07
7.777478557204829529e+06
6.859867000027181581e+06
5.572658719322957098e+06
5.209404410516957752e+06
4.634300848396601155e+06
3.638213652698831167e+06
2.490661005630637053e+06
2.310568392679490615e+06
1.152954240857264493e+06
9.578027386426305166e+05
6.020231125576751074e+05
2.988492561922150780e+05
1.824025824816998211e+05
1.657652590858188341e+04
