2.258964791615046561e+07
1.795848768429363891e+07
1.487450977866618335e+07
1.267215107941989973e+07
1.048787989076118730e+07
8.914987115595581010e+06
7.134020806269835681e+06
6.887113320466376841e+06
6.229141874019943178e+06
4.619543993464815430e+06
3.986416596805948298e+06
3.268255506290661171e+06
2.771072754869732540e+06
2.397798475768910721e+06
1.604638036533010658e+06
7.796472100907022832e+05
6.640775716510585044e+05
2.813023252688169014e+05
4.725319293677612586e+04
5.177870676641516184e+03
