2.317241358231620118e+07
1.824106289118910208e+07
1.541422352053816430e+07
1.342546610779824853e+07
9.631950733861455694e+06
8.803199382855627686e+06
7.022142760643392801e+06
6.703909996952716261e+06
5.761179366859002039e+06
3.766008014686364215e+06
3.505053074745125603e+06
2.484484375435847789e+06
1.562711285715227947e+06
1.350454358204861637e+06
9.679058756028000498e+05
7.698318944936392363e+05
2.823635280449131969e+05
1.015415545239933417e+05
4.396968004503513657e+04
2.165015488258175537e+03
