2.402073011574163288e+07
1.445449794600926153e+07
1.341050271897833236e+07
1.270515588188714348e+07
1.207147581070062332e+07
1.062512694734318927e+07
8.226993960747350007e+06
7.801602226272065192e+06
5.423387029134249315e+06
5.259396029013711028e+06
3.981961136255164165e+06
2.899097367233431432e+06
2.723971142000759952e+06
1.658851889858037001e+06
1.181570941979769152e+06
9.985618166590632172e+05
2.984153641845734674e+05
9.599554196449076699e+04
2.292747872013983942e+04
2.655317059729116913e+00
