2.839528588478275761e+07
2.086443040516453609e+07
1.802868723720494658e+07
1.325477871790777706e+07
9.940865975044267252e+06
8.596811503740021959e+06
7.918360601180892438e+06
7.453812032698469236e+06
6.542359349109536037e+06
5.968152131217459217e+06
4.438999982021838427e+06
3.625245033070785459e+06
3.320967554202731699e+06
2.120522882279709913e+06
1.603602750245125266e+06
1.194009902450023452e+06
6.882736825600519078e+05
1.511700435898556316e+05
7.240948621972475667e+04
2.588453096035763110e+02
