2.001247788958800212e+07
1.956331596640248224e+07
1.538772403155239858e+07
1.385226842476354167e+07
1.148834180824059062e+07
9.416549944092569873e+06
7.639703861393526196e+06
6.763482513140191324e+06
6.128618593977401033e+06
4.196436334844631143e+06
3.137372984399450943e+06
2.057326164286339190e+06
1.823834209045203403e+06
1.542318212179214228e+06
9.457194249235652387e+05
6.274861929510568734e+05
2.623303810250562965e+05
1.329077858640119957e+05
1.309012487935089011e+05
3.401202853728261107e+04
