6.518734000000000000e+06 -3.362870000000000000e+05 -3.391519000000000000e+06 -4.124060000000000000e+05 9.002680000000000000e+05 1.272527000000000000e+06 1.468953000000000000e+06 3.947010000000000000e+06 2.100800000000000000e+04 1.693240000000000000e+05 2.294196000000000000e+06 8.277760000000000000e+05 7.323230000000000000e+05 1.164079000000000000e+06 5.747120000000000000e+05 3.102807000000000000e+06 1.412598000000000000e+06 8.104500000000000000e+04 2.179890000000000000e+06 3.040656000000000000e+06
-3.362870000000000000e+05 5.262736000000000000e+06 -1.747320000000000000e+06 -1.215729000000000000e+06 1.624526000000000000e+06 9.277800000000000000e+04 -2.100100000000000000e+04 -1.779980000000000000e+05 -2.141752000000000000e+06 -7.398550000000000000e+05 -8.710060000000000000e+05 -5.367700000000000000e+05 1.216419000000000000e+06 -3.342400000000000000e+04 -8.488470000000000000e+05 2.135936000000000000e+06 2.346950000000000000e+06 8.345480000000000000e+05 -2.142510000000000000e+06 -1.497986000000000000e+06
-3.391519000000000000e+06 -1.747320000000000000e+06 7.977765000000000000e+06 -1.297911000000000000e+06 1.670280000000000000e+05 -2.279799000000000000e+06 -3.436100000000000000e+04 -1.350305000000000000e+06 1.832400000000000000e+04 -1.955420000000000000e+05 -3.449983000000000000e+06 -9.205200000000000000e+05 7.038600000000000000e+04 -2.008330000000000000e+05 -1.805373000000000000e+06 -3.526534000000000000e+06 -2.252900000000000000e+04 -5.257520000000000000e+05 7.474500000000000000e+05 -2.262324000000000000e+06
-4.124060000000000000e+05 -1.215729000000000000e+06 -1.297911000000000000e+06 5.447547000000000000e+06 -1.064731000000000000e+06 3.618007000000000000e+06 1.559303000000000000e+06 -4.901590000000000000e+05 1.232441000000000000e+06 -6.691970000000000000e+05 -2.990150000000000000e+05 1.516999000000000000e+06 -1.236544000000000000e+06 -3.400560000000000000e+05 8.984960000000000000e+05 -5.477970000000000000e+05 -4.861453000000000000e+06 1.130830000000000000e+05 1.847200000000000000e+04 -1.884596000000000000e+06
9.002680000000000000e+05 1.624526000000000000e+06 1.670280000000000000e+05 -1.064731000000000000e+06 7.598720000000000000e+06 1.473800000000000000e+04 -4.444790000000000000e+05 7.461430000000000000e+05 -2.678428000000000000e+06 -1.856433000000000000e+06 -6.638040000000000000e+05 -2.513700000000000000e+06 1.223850000000000000e+06 -8.872450000000000000e+05 -1.039972000000000000e+06 -2.435780000000000000e+05 2.896548000000000000e+06 2.340324000000000000e+06 -6.882880000000000000e+05 -2.989480000000000000e+05
1.272527000000000000e+06 9.277800000000000000e+04 -2.279799000000000000e+06 3.618007000000000000e+06 1.473800000000000000e+04 7.710994000000000000e+06 1.820459000000000000e+06 5.346300000000000000e+05 -2.840130000000000000e+05 -4.102109000000000000e+06 4.937360000000000000e+05 -1.710900000000000000e+06 -6.492420000000000000e+05 5.574270000000000000e+05 2.960740000000000000e+05 1.327969000000000000e+06 -1.598715000000000000e+06 2.692656000000000000e+06 1.532682000000000000e+06 -5.526500000000000000e+05
1.468953000000000000e+06 -2.100100000000000000e+04 -3.436100000000000000e+04 1.559303000000000000e+06 -4.444790000000000000e+05 1.820459000000000000e+06 5.973886000000000000e+06 -5.329860000000000000e+05 4.232230000000000000e+05 -1.608789000000000000e+06 -2.462124000000000000e+06 2.529440000000000000e+06 -3.376540000000000000e+05 1.407699000000000000e+06 1.559089000000000000e+06 6.385110000000000000e+05 -5.621500000000000000e+04 2.320866000000000000e+06 6.522580000000000000e+05 -9.130330000000000000e+05
3.947010000000000000e+06 -1.779980000000000000e+05 -1.350305000000000000e+06 -4.901590000000000000e+05 7.461430000000000000e+05 5.346300000000000000e+05 -5.329860000000000000e+05 1.041490500000000000e+07 1.489923000000000000e+06 -1.310570000000000000e+05 -9.819080000000000000e+05 -2.414180000000000000e+05 2.848197000000000000e+06 -3.093422000000000000e+06 -2.755737000000000000e+06 2.844602000000000000e+06 8.351180000000000000e+05 -4.028240000000000000e+06 3.781846000000000000e+06 2.190724000000000000e+06
2.100800000000000000e+04 -2.141752000000000000e+06 1.832400000000000000e+04 1.232441000000000000e+06 -2.678428000000000000e+06 -2.840130000000000000e+05 4.232230000000000000e+05 1.489923000000000000e+06 4.574780000000000000e+06 2.823901000000000000e+06 -4.848990000000000000e+05 1.673774000000000000e+06 4.749800000000000000e+04 -6.220440000000000000e+05 1.025397000000000000e+06 1.050040000000000000e+06 -1.486146000000000000e+06 -1.574385000000000000e+06 2.167290000000000000e+05 1.855703000000000000e+06
1.693240000000000000e+05 -7.398550000000000000e+05 -1.955420000000000000e+05 -6.691970000000000000e+05 -1.856433000000000000e+06 -4.102109000000000000e+06 -1.608789000000000000e+06 -1.310570000000000000e+05 2.823901000000000000e+06 7.002752000000000000e+06 4.116330000000000000e+05 2.023399000000000000e+06 7.481950000000000000e+05 -9.099100000000000000e+04 -9.558000000000000000e+04 1.231905000000000000e+06 -3.362510000000000000e+05 -2.086549000000000000e+06 -1.011133000000000000e+06 1.371793000000000000e+06
2.294196000000000000e+06 -8.710060000000000000e+05 -3.449983000000000000e+06 -2.990150000000000000e+05 -6.638040000000000000e+05 4.937360000000000000e+05 -2.462124000000000000e+06 -9.819080000000000000e+05 -4.848990000000000000e+05 4.116330000000000000e+05 7.546148000000000000e+06 -1.961440000000000000e+05 -1.664970000000000000e+06 6.029560000000000000e+05 6.481190000000000000e+05 -4.367810000000000000e+05 7.511980000000000000e+05 1.226716000000000000e+06 -1.863286000000000000e+06 3.146332000000000000e+06
8.277760000000000000e+05 -5.367700000000000000e+05 -9.205200000000000000e+05 1.516999000000000000e+06 -2.513700000000000000e+06 -1.710900000000000000e+06 2.529440000000000000e+06 -2.414180000000000000e+05 1.673774000000000000e+06 2.023399000000000000e+06 -1.961440000000000000e+05 5.083072000000000000e+06 -1.503369000000000000e+06 2.914200000000000000e+04 1.412226000000000000e+06 3.758350000000000000e+05 -1.761449000000000000e+06 -7.098230000000000000e+05 -8.149890000000000000e+05 -1.958010000000000000e+05
7.323230000000000000e+05 1.216419000000000000e+06 7.038600000000000000e+04 -1.236544000000000000e+06 1.223850000000000000e+06 -6.492420000000000000e+05 -3.376540000000000000e+05 2.848197000000000000e+06 4.749800000000000000e+04 7.481950000000000000e+05 -1.664970000000000000e+06 -1.503369000000000000e+06 4.493654000000000000e+06 -8.230340000000000000e+05 -1.206957000000000000e+06 -3.326090000000000000e+05 2.738374000000000000e+06 -7.178090000000000000e+05 1.051340000000000000e+06 -7.210000000000000000e+04
1.164079000000000000e+06 -3.342400000000000000e+04 -2.008330000000000000e+05 -3.400560000000000000e+05 -8.872450000000000000e+05 5.574270000000000000e+05 1.407699000000000000e+06 -3.093422000000000000e+06 -6.220440000000000000e+05 -9.099100000000000000e+04 6.029560000000000000e+05 2.914200000000000000e+04 -8.230340000000000000e+05 4.792323000000000000e+06 2.163928000000000000e+06 -2.372410000000000000e+05 -3.445090000000000000e+05 2.461103000000000000e+06 9.123900000000000000e+05 3.903560000000000000e+05
5.747120000000000000e+05 -8.488470000000000000e+05 -1.805373000000000000e+06 8.984960000000000000e+05 -1.039972000000000000e+06 2.960740000000000000e+05 1.559089000000000000e+06 -2.755737000000000000e+06 1.025397000000000000e+06 -9.558000000000000000e+04 6.481190000000000000e+05 1.412226000000000000e+06 -1.206957000000000000e+06 2.163928000000000000e+06 4.509718000000000000e+06 6.438830000000000000e+05 -4.162610000000000000e+05 4.946400000000000000e+05 -7.099380000000000000e+05 1.170500000000000000e+06
3.102807000000000000e+06 2.135936000000000000e+06 -3.526534000000000000e+06 -5.477970000000000000e+05 -2.435780000000000000e+05 1.327969000000000000e+06 6.385110000000000000e+05 2.844602000000000000e+06 1.050040000000000000e+06 1.231905000000000000e+06 -4.367810000000000000e+05 3.758350000000000000e+05 -3.326090000000000000e+05 -2.372410000000000000e+05 6.438830000000000000e+05 7.728402000000000000e+06 5.325390000000000000e+05 -1.175806000000000000e+06 1.119252000000000000e+06 2.369371000000000000e+06
1.412598000000000000e+06 2.346950000000000000e+06 -2.252900000000000000e+04 -4.861453000000000000e+06 2.896548000000000000e+06 -1.598715000000000000e+06 -5.621500000000000000e+04 8.351180000000000000e+05 -1.486146000000000000e+06 -3.362510000000000000e+05 7.511980000000000000e+05 -1.761449000000000000e+06 2.738374000000000000e+06 -3.445090000000000000e+05 -4.162610000000000000e+05 5.325390000000000000e+05 8.130598000000000000e+06 2.243873000000000000e+06 -1.729394000000000000e+06 2.920237000000000000e+06
8.104500000000000000e+04 8.345480000000000000e+05 -5.257520000000000000e+05 1.130830000000000000e+05 2.340324000000000000e+06 2.692656000000000000e+06 2.320866000000000000e+06 -4.028240000000000000e+06 -1.574385000000000000e+06 -2.086549000000000000e+06 1.226716000000000000e+06 -7.098230000000000000e+05 -7.178090000000000000e+05 2.461103000000000000e+06 4.946400000000000000e+05 -1.175806000000000000e+06 2.243873000000000000e+06 6.845012000000000000e+06 -7.420810000000000000e+05 6.958000000000000000e+05
2.179890000000000000e+06 -2.142510000000000000e+06 7.474500000000000000e+05 1.847200000000000000e+04 -6.882880000000000000e+05 1.532682000000000000e+06 6.522580000000000000e+05 3.781846000000000000e+06 2.167290000000000000e+05 -1.011133000000000000e+06 -1.863286000000000000e+06 -8.149890000000000000e+05 1.051340000000000000e+06 9.123900000000000000e+05 -7.099380000000000000e+05 1.119252000000000000e+06 -1.729394000000000000e+06 -7.420810000000000000e+05 6.734231000000000000e+06 7.703530000000000000e+05
3.040656000000000000e+06 -1.497986000000000000e+06 -2.262324000000000000e+06 -1.884596000000000000e+06 -2.989480000000000000e+05 -5.526500000000000000e+05 -9.130330000000000000e+05 2.190724000000000000e+06 1.855703000000000000e+06 1.371793000000000000e+06 3.146332000000000000e+06 -1.958010000000000000e+05 -7.210000000000000000e+04 3.903560000000000000e+05 1.170500000000000000e+06 2.369371000000000000e+06 2.920237000000000000e+06 6.958000000000000000e+05 7.703530000000000000e+05 7.767259000000000000e+06
