8.762912000000000000e+06 6.444780000000000000e+05 1.888500000000000000e+04 3.610698000000000000e+06 -9.709140000000000000e+05 1.766062000000000000e+06 -1.378486000000000000e+06 1.914855000000000000e+06 4.896010000000000000e+05 2.945326000000000000e+06 2.530230000000000000e+06 -1.206383000000000000e+06 -2.824690000000000000e+05 -1.306825000000000000e+06 -2.622680000000000000e+05 3.830110000000000000e+05 -1.008231000000000000e+06 -3.594493000000000000e+06 -3.113396000000000000e+06 -1.417561000000000000e+06
6.444780000000000000e+05 8.088944000000000000e+06 7.304970000000000000e+05 -3.057320000000000000e+05 1.886676000000000000e+06 1.782305000000000000e+06 -7.617760000000000000e+05 -2.024354000000000000e+06 5.566620000000000000e+05 -1.084270000000000000e+05 -1.057003000000000000e+06 -1.049380000000000000e+05 -3.442015000000000000e+06 2.418775000000000000e+06 2.216540000000000000e+05 8.460000000000000000e+05 -8.149830000000000000e+05 4.922880000000000000e+05 -9.486030000000000000e+05 1.827466000000000000e+06
1.888500000000000000e+04 7.304970000000000000e+05 4.846427000000000000e+06 -3.716160000000000000e+05 -1.073440000000000000e+06 -9.129840000000000000e+05 1.255270000000000000e+05 -1.475518000000000000e+06 1.137903000000000000e+06 -1.257350000000000000e+05 -9.050810000000000000e+05 -1.456726000000000000e+06 -2.110253000000000000e+06 7.718020000000000000e+05 1.188360000000000000e+05 1.142393000000000000e+06 1.438668000000000000e+06 5.501180000000000000e+05 -1.472478000000000000e+06 -9.162350000000000000e+05
3.610698000000000000e+06 -3.057320000000000000e+05 -3.716160000000000000e+05 6.368565000000000000e+06 -1.987944000000000000e+06 8.426950000000000000e+05 -1.998226000000000000e+06 9.483310000000000000e+05 1.320175000000000000e+06 2.003625000000000000e+06 1.651280000000000000e+06 -5.583490000000000000e+05 -1.467153000000000000e+06 -3.847810000000000000e+05 -5.368090000000000000e+05 1.804243000000000000e+06 -3.398750000000000000e+05 5.433090000000000000e+05 1.472611000000000000e+06 1.774797000000000000e+06
-9.709140000000000000e+05 1.886676000000000000e+06 -1.073440000000000000e+06 -1.987944000000000000e+06 5.162993000000000000e+06 9.259600000000000000e+04 9.626020000000000000e+05 1.382936000000000000e+06 -1.329531000000000000e+06 6.008770000000000000e+05 -1.020209000000000000e+06 -9.021830000000000000e+05 2.399318000000000000e+06 1.697864000000000000e+06 7.945600000000000000e+04 -8.618560000000000000e+05 1.848660000000000000e+05 -1.037688000000000000e+06 3.623100000000000000e+05 -7.634780000000000000e+05
1.766062000000000000e+06 1.782305000000000000e+06 -9.129840000000000000e+05 8.426950000000000000e+05 9.259600000000000000e+04 5.740010000000000000e+06 -5.869840000000000000e+05 3.080440000000000000e+05 1.036450000000000000e+05 -1.423850000000000000e+05 -7.527200000000000000e+05 -1.427310000000000000e+06 -5.696820000000000000e+05 -8.050500000000000000e+04 -1.481139000000000000e+06 4.204760000000000000e+05 8.002950000000000000e+05 1.355488000000000000e+06 -8.449000000000000000e+04 -2.380460000000000000e+05
-1.378486000000000000e+06 -7.617760000000000000e+05 1.255270000000000000e+05 -1.998226000000000000e+06 9.626020000000000000e+05 -5.869840000000000000e+05 3.356260000000000000e+06 8.115500000000000000e+04 -5.032560000000000000e+05 -7.583030000000000000e+05 -6.421470000000000000e+05 -1.143492000000000000e+06 1.081138000000000000e+06 8.830690000000000000e+05 -2.402080000000000000e+05 -2.074830000000000000e+06 1.259075000000000000e+06 1.185036000000000000e+06 -9.551580000000000000e+05 -1.482754000000000000e+06
1.914855000000000000e+06 -2.024354000000000000e+06 -1.475518000000000000e+06 9.483310000000000000e+05 1.382936000000000000e+06 3.080440000000000000e+05 8.115500000000000000e+04 5.918895000000000000e+06 1.697491000000000000e+06 1.888358000000000000e+06 2.109343000000000000e+06 -4.494100000000000000e+04 1.815817000000000000e+06 -2.660890000000000000e+06 -2.726975000000000000e+06 -2.516620000000000000e+05 1.027198000000000000e+06 -1.501814000000000000e+06 -1.249943000000000000e+06 -2.061589000000000000e+06
4.896010000000000000e+05 5.566620000000000000e+05 1.137903000000000000e+06 1.320175000000000000e+06 -1.329531000000000000e+06 1.036450000000000000e+05 -5.032560000000000000e+05 1.697491000000000000e+06 4.759522000000000000e+06 4.189760000000000000e+05 -3.083170000000000000e+05 1.242374000000000000e+06 -2.427521000000000000e+06 -1.826965000000000000e+06 -1.129306000000000000e+06 6.423600000000000000e+04 1.665614000000000000e+06 -3.868800000000000000e+04 -1.630658000000000000e+06 -7.103420000000000000e+05
2.945326000000000000e+06 -1.084270000000000000e+05 -1.257350000000000000e+05 2.003625000000000000e+06 6.008770000000000000e+05 -1.423850000000000000e+05 -7.583030000000000000e+05 1.888358000000000000e+06 4.189760000000000000e+05 6.464105000000000000e+06 -6.453830000000000000e+05 -9.938380000000000000e+05 2.246085000000000000e+06 -1.418870000000000000e+06 7.788900000000000000e+04 1.317813000000000000e+06 -3.009090000000000000e+05 -1.004092000000000000e+06 3.869400000000000000e+05 1.350810000000000000e+06
2.530230000000000000e+06 -1.057003000000000000e+06 -9.050810000000000000e+05 1.651280000000000000e+06 -1.020209000000000000e+06 -7.527200000000000000e+05 -6.421470000000000000e+05 2.109343000000000000e+06 -3.083170000000000000e+05 -6.453830000000000000e+05 5.832124000000000000e+06 1.044128000000000000e+06 -1.787830000000000000e+06 -1.459987000000000000e+06 -2.582136000000000000e+06 -4.446090000000000000e+05 1.253160000000000000e+05 -1.991174000000000000e+06 -1.264390000000000000e+06 -2.403097000000000000e+06
-1.206383000000000000e+06 -1.049380000000000000e+05 -1.456726000000000000e+06 -5.583490000000000000e+05 -9.021830000000000000e+05 -1.427310000000000000e+06 -1.143492000000000000e+06 -4.494100000000000000e+04 1.242374000000000000e+06 -9.938380000000000000e+05 1.044128000000000000e+06 6.708144000000000000e+06 -9.547100000000000000e+05 -2.240367000000000000e+06 1.689291000000000000e+06 -6.801800000000000000e+05 -9.244000000000000000e+05 -8.612030000000000000e+05 1.857711000000000000e+06 -5.783280000000000000e+05
-2.824690000000000000e+05 -3.442015000000000000e+06 -2.110253000000000000e+06 -1.467153000000000000e+06 2.399318000000000000e+06 -5.696820000000000000e+05 1.081138000000000000e+06 1.815817000000000000e+06 -2.427521000000000000e+06 2.246085000000000000e+06 -1.787830000000000000e+06 -9.547100000000000000e+05 1.007619200000000000e+07 2.142802000000000000e+06 2.883316000000000000e+06 6.231860000000000000e+05 8.667360000000000000e+05 -8.655200000000000000e+04 1.838294000000000000e+06 -1.002105000000000000e+06
-1.306825000000000000e+06 2.418775000000000000e+06 7.718020000000000000e+05 -3.847810000000000000e+05 1.697864000000000000e+06 -8.050500000000000000e+04 8.830690000000000000e+05 -2.660890000000000000e+06 -1.826965000000000000e+06 -1.418870000000000000e+06 -1.459987000000000000e+06 -2.240367000000000000e+06 2.142802000000000000e+06 7.664862000000000000e+06 6.110100000000000000e+05 9.989710000000000000e+05 -1.339891000000000000e+06 2.421332000000000000e+06 1.939447000000000000e+06 4.376360000000000000e+05
-2.622680000000000000e+05 2.216540000000000000e+05 1.188360000000000000e+05 -5.368090000000000000e+05 7.945600000000000000e+04 -1.481139000000000000e+06 -2.402080000000000000e+05 -2.726975000000000000e+06 -1.129306000000000000e+06 7.788900000000000000e+04 -2.582136000000000000e+06 1.689291000000000000e+06 2.883316000000000000e+06 6.110100000000000000e+05 6.749411000000000000e+06 -4.670580000000000000e+05 -1.326944000000000000e+06 -6.979540000000000000e+05 1.370437000000000000e+06 1.104151000000000000e+06
3.830110000000000000e+05 8.460000000000000000e+05 1.142393000000000000e+06 1.804243000000000000e+06 -8.618560000000000000e+05 4.204760000000000000e+05 -2.074830000000000000e+06 -2.516620000000000000e+05 6.423600000000000000e+04 1.317813000000000000e+06 -4.446090000000000000e+05 -6.801800000000000000e+05 6.231860000000000000e+05 9.989710000000000000e+05 -4.670580000000000000e+05 6.758669000000000000e+06 -5.477390000000000000e+05 1.187898000000000000e+06 2.437860000000000000e+05 1.391122000000000000e+06
-1.008231000000000000e+06 -8.149830000000000000e+05 1.438668000000000000e+06 -3.398750000000000000e+05 1.848660000000000000e+05 8.002950000000000000e+05 1.259075000000000000e+06 1.027198000000000000e+06 1.665614000000000000e+06 -3.009090000000000000e+05 1.253160000000000000e+05 -9.244000000000000000e+05 8.667360000000000000e+05 -1.339891000000000000e+06 -1.326944000000000000e+06 -5.477390000000000000e+05 6.209594000000000000e+06 8.116320000000000000e+05 -8.769060000000000000e+05 -1.876896000000000000e+06
-3.594493000000000000e+06 4.922880000000000000e+05 5.501180000000000000e+05 5.433090000000000000e+05 -1.037688000000000000e+06 1.355488000000000000e+06 1.185036000000000000e+06 -1.501814000000000000e+06 -3.868800000000000000e+04 -1.004092000000000000e+06 -1.991174000000000000e+06 -8.612030000000000000e+05 -8.655200000000000000e+04 2.421332000000000000e+06 -6.979540000000000000e+05 1.187898000000000000e+06 8.116320000000000000e+05 5.721513000000000000e+06 2.053110000000000000e+06 1.492556000000000000e+06
-3.113396000000000000e+06 -9.486030000000000000e+05 -1.472478000000000000e+06 1.472611000000000000e+06 3.623100000000000000e+05 -8.449000000000000000e+04 -9.551580000000000000e+05 -1.249943000000000000e+06 -1.630658000000000000e+06 3.869400000000000000e+05 -1.264390000000000000e+06 1.857711000000000000e+06 1.838294000000000000e+06 1.939447000000000000e+06 1.370437000000000000e+06 2.437860000000000000e+05 -8.769060000000000000e+05 2.053110000000000000e+06 6.788593000000000000e+06 3.056882000000000000e+06
-1.417561000000000000e+06 1.827466000000000000e+06 -9.162350000000000000e+05 1.774797000000000000e+06 -7.634780000000000000e+05 -2.380460000000000000e+05 -1.482754000000000000e+06 -2.061589000000000000e+06 -7.103420000000000000e+05 1.350810000000000000e+06 -2.403097000000000000e+06 -5.783280000000000000e+05 -1.002105000000000000e+06 4.376360000000000000e+05 1.104151000000000000e+06 1.391122000000000000e+06 -1.876896000000000000e+06 1.492556000000000000e+06 3.056882000000000000e+06 6.145369000000000000e+06
