2.474339481727541983e+07
2.049919421445267648e+07
1.429636681218922138e+07
1.313137160087613203e+07
1.105076931496714614e+07
9.380632727722423151e+06
8.122783773082043976e+06
7.846987654433734715e+06
6.593245956205356866e+06
5.304930556033834815e+06
4.204714384928561747e+06
2.978810326646810863e+06
2.127659729407090694e+06
1.319018416851027869e+06
1.270578138337039622e+06
1.034946883829739643e+06
6.795150406542959390e+05
2.371240628429443168e+05
9.202235297115058347e+04
3.405923629330594849e+04
