2.216321015822986141e+07
1.966065364819717407e+07
1.711201983614667878e+07
1.646968349934053794e+07
1.102111744146028906e+07
1.061668526924063452e+07
8.462622191614257172e+06
7.281512032088771462e+06
5.803460570981721394e+06
4.862313567053529434e+06
3.468049756624368485e+06
3.283447077206728980e+06
2.161303294200655073e+06
1.902027868312782841e+06
1.070924578466929030e+06
5.159492716779406765e+05
3.384303565287736128e+05
2.229915048012314364e+05
4.007208877794081491e+04
3.827989049209847508e+03
