2.097752805920550227e+07
1.648904380832625739e+07
1.368023542080944777e+07
1.078255431988259964e+07
1.047996595688916929e+07
8.886323238191194832e+06
8.672492421743499115e+06
8.003250754534538835e+06
7.280122782233034261e+06
4.610397535743586719e+06
4.207376738919177093e+06
3.820134520876009483e+06
2.625082316575186327e+06
1.120293761226483621e+06
8.391630204678403679e+05
5.970688328521811636e+05
4.691414187180855661e+05
1.539816696909046732e+05
1.224171776000109530e+05
1.531724551529971905e+04
