2.058436767064790428e+07
1.909279695836288482e+07
1.623852794225203246e+07
1.343284936507676728e+07
1.298565756164465845e+07
1.170505651644711569e+07
9.454187506294310093e+06
8.342715814756438136e+06
7.376386352675260976e+06
4.560525839604312554e+06
3.847025326514784247e+06
3.223496955337830819e+06
1.939145454304601299e+06
1.501003748615323100e+06
1.353061001193515025e+06
6.937289890184913529e+05
5.023744231815411476e+05
3.110379142928888905e+05
1.861097492102676479e+05
2.290910569056356508e+03
