2.178492704195828736e+07
1.762217647466197610e+07
1.606149692362155765e+07
1.460645994393570535e+07
1.046272155633919127e+07
9.563048846582766622e+06
8.004869710846873000e+06
7.239215057538585737e+06
6.531521494369792752e+06
4.418303018210088834e+06
3.497914316140935756e+06
3.388988849865876138e+06
2.522519616122922860e+06
1.972214871031872230e+06
1.430667428117312258e+06
1.106197812334835995e+06
7.086948519187354250e+05
4.296528788769353996e+05
1.316051715196427249e+05
3.041360060935683691e+02
