2.199276233949144185e+07
1.792064158347894624e+07
1.651134377512033656e+07
1.438183139567695372e+07
1.197597265336173028e+07
1.081001613434542157e+07
8.386440512619282119e+06
7.188188318709079176e+06
6.538822169077708386e+06
5.934611614739122801e+06
5.279145894846787676e+06
4.083807952960397583e+06
2.517645081332081929e+06
1.463729416563631501e+06
1.226032567536565242e+06
6.777606766541230027e+05
4.429284082531748572e+05
3.174204077766614500e+05
1.101752799397164927e+05
3.473817516806405820e+03
