1.954623112637708709e+07
1.636936419430331700e+07
1.492095339342256077e+07
1.384047229156058095e+07
1.200727057827760838e+07
1.044946160668356717e+07
8.515608406865967438e+06
8.115986947132686153e+06
7.328080709504838102e+06
5.180376173731508665e+06
3.942224645307394210e+06
3.237809881290207151e+06
2.035820480683290865e+06
1.649070684809944360e+06
1.062146546949482989e+06
6.767444285751461284e+05
3.899940790690231952e+05
1.795778728848586616e+05
2.940259760733109215e+04
1.223549636319308718e+02
