2.117741428108339384e+07
1.691222183356308565e+07
1.380343525241998956e+07
1.282483398296879046e+07
1.178109984087805077e+07
9.586811855587674305e+06
6.943661488807385787e+06
6.592087196465283632e+06
6.450815842348795384e+06
5.329176079159741290e+06
4.059807446184320375e+06
3.458503265706997365e+06
2.054041879953784635e+06
1.867894436335388105e+06
1.359497213670114288e+06
1.017795294524702709e+06
7.179004361739420565e+05
3.947847815000626724e+05
1.573907642026601243e+05
4.675482846584459185e+04
