2.361127440780940652e+07
1.766607877162148803e+07
1.443167458060846478e+07
1.270466517240809090e+07
1.145179567440222576e+07
1.054428856351384707e+07
9.421520407815583050e+06
6.465508472074385732e+06
5.498087181660932489e+06
4.544172306740127504e+06
3.241944547054413240e+06
2.936574221511845477e+06
2.425817456438798923e+06
1.944214741071952274e+06
1.651207435722034657e+06
9.931840072611887008e+05
7.824758783544157632e+05
4.608342655585746397e+05
2.787597700672014616e+05
1.701138305108659324e+03
