2.258788203970186412e+07
1.895052825327964872e+07
1.691088399825223163e+07
1.361330486111639813e+07
1.226802013119659387e+07
1.055794173747275583e+07
9.905398248696345836e+06
7.381629856969166547e+06
6.332998948416654021e+06
4.842488118231096305e+06
4.080016093828199431e+06
2.903628352950420231e+06
2.335494137596103363e+06
2.155249643587761559e+06
9.514518528871372109e+05
7.032666426286699716e+05
6.260806429377472959e+05
2.734541562396636000e+05
9.230562186248265789e+04
2.155662148900088596e+03
