2.428969703229764849e+07
2.026694720287637413e+07
1.885145389757483453e+07
1.645634200051325932e+07
1.214816812601321377e+07
1.179780322925587185e+07
7.953031764984694310e+06
7.154566788978117518e+06
6.147172954024984501e+06
4.852863799261422828e+06
4.322098233009300195e+06
3.025195275446298067e+06
2.681026375394523609e+06
1.940257683625080390e+06
1.411387820857154438e+06
8.927590270148285199e+05
8.276914183961172821e+05
9.908916857385338517e+04
3.087259109872231784e+04
3.596108036412011302e+02
