2.351607946362256259e+07
1.993442099212325364e+07
1.586373745462934859e+07
1.351439375313597545e+07
1.170099921239434741e+07
1.085411596749402024e+07
8.909309835269412026e+06
7.186417049514304847e+06
6.049106992181660607e+06
5.579404836594640277e+06
4.981309238374195062e+06
2.639558998519320507e+06
2.276494081330857240e+06
1.962736595757982461e+06
1.639317551719830604e+06
1.021373752134517534e+06
6.917301227803863585e+05
2.379768411502460949e+05
6.710054965908626036e+04
6.657116140955000674e+02
