2.496351479507057369e+07
1.903992133546065539e+07
1.625485911200847290e+07
1.392967911613050289e+07
1.105330349749846570e+07
1.023936875017418154e+07
8.575134779557205737e+06
6.885210204805063084e+06
6.042698034579127096e+06
5.108979179775602184e+06
3.748578594728415832e+06
2.727354629562789574e+06
2.183471587302855216e+06
1.821214782348576002e+06
1.382624891181853600e+06
1.154339355167356785e+06
5.583403604824134381e+05
4.275507302380985930e+05
2.310545329186366580e+05
1.973100930457598068e+01
