6.831798000000000000e+06 -8.456440000000000000e+05 1.020870000000000000e+06 -3.026828000000000000e+06 -5.280170000000000000e+05 1.733335000000000000e+06 4.154221000000000000e+06 1.548713000000000000e+06 -5.951300000000000000e+05 2.817324000000000000e+06 1.524119000000000000e+06 7.734190000000000000e+05 2.890617000000000000e+06 -1.169557000000000000e+06 5.722700000000000000e+04 7.250470000000000000e+05 -1.169848000000000000e+06 -3.680010000000000000e+06 1.106371000000000000e+06 -9.734670000000000000e+05
-8.456440000000000000e+05 6.424336000000000000e+06 -9.358980000000000000e+05 1.300991000000000000e+06 -1.039270000000000000e+05 1.444128000000000000e+06 -2.312487000000000000e+06 -1.218681000000000000e+06 1.213175000000000000e+06 -6.240760000000000000e+05 7.330600000000000000e+04 5.598000000000000000e+04 -1.908142000000000000e+06 -2.636841000000000000e+06 7.819500000000000000e+05 -3.119520000000000000e+05 6.401920000000000000e+05 1.090297000000000000e+06 3.043823000000000000e+06 1.715800000000000000e+04
1.020870000000000000e+06 -9.358980000000000000e+05 6.097990000000000000e+06 -1.349300000000000000e+05 6.958620000000000000e+05 -1.020120000000000000e+06 6.363210000000000000e+05 5.450600000000000000e+05 1.673175000000000000e+06 -1.809940000000000000e+05 9.787300000000000000e+05 1.724280000000000000e+06 -5.385950000000000000e+05 4.200380000000000000e+05 3.762153000000000000e+06 1.059445000000000000e+06 3.781620000000000000e+05 -2.486985000000000000e+06 -1.917551000000000000e+06 7.742370000000000000e+05
-3.026828000000000000e+06 1.300991000000000000e+06 -1.349300000000000000e+05 6.840455000000000000e+06 -9.773200000000000000e+04 -1.153581000000000000e+06 -4.405153000000000000e+06 -4.743740000000000000e+05 4.389590000000000000e+05 -1.097090000000000000e+05 -1.641973000000000000e+06 7.286600000000000000e+04 -1.803373000000000000e+06 -8.430920000000000000e+05 1.043606000000000000e+06 -3.828140000000000000e+05 5.817200000000000000e+04 3.369336000000000000e+06 1.138491000000000000e+06 -1.034951000000000000e+06
-5.280170000000000000e+05 -1.039270000000000000e+05 6.958620000000000000e+05 -9.773200000000000000e+04 5.292621000000000000e+06 3.077200000000000000e+05 1.179860000000000000e+05 -1.147283000000000000e+06 1.080412000000000000e+06 1.721200000000000000e+05 2.724419000000000000e+06 -6.320060000000000000e+05 -1.878670000000000000e+06 -2.955496000000000000e+06 -2.359608000000000000e+06 -5.879450000000000000e+05 -5.749800000000000000e+05 1.127686000000000000e+06 -5.878430000000000000e+05 -1.579273000000000000e+06
1.733335000000000000e+06 1.444128000000000000e+06 -1.020120000000000000e+06 -1.153581000000000000e+06 3.077200000000000000e+05 5.587965000000000000e+06 1.734594000000000000e+06 -1.241101000000000000e+06 -1.608400000000000000e+05 1.060069000000000000e+06 1.300018000000000000e+06 -9.631260000000000000e+05 1.068780000000000000e+05 -8.797310000000000000e+05 -4.643540000000000000e+05 2.257400000000000000e+05 -5.071660000000000000e+05 1.103712000000000000e+06 1.760958000000000000e+06 -9.734210000000000000e+05
4.154221000000000000e+06 -2.312487000000000000e+06 6.363210000000000000e+05 -4.405153000000000000e+06 1.179860000000000000e+05 1.734594000000000000e+06 9.531259000000000000e+06 -2.288385000000000000e+06 -1.406079000000000000e+06 1.237685000000000000e+06 2.674976000000000000e+06 2.505419000000000000e+06 2.834969000000000000e+06 2.846299000000000000e+06 -2.844646000000000000e+06 1.665118000000000000e+06 -2.703050000000000000e+05 -3.244747000000000000e+06 -2.730880000000000000e+05 2.082157000000000000e+06
1.548713000000000000e+06 -1.218681000000000000e+06 5.450600000000000000e+05 -4.743740000000000000e+05 -1.147283000000000000e+06 -1.241101000000000000e+06 -2.288385000000000000e+06 6.534040000000000000e+06 5.253400000000000000e+05 1.427251000000000000e+06 -5.070550000000000000e+05 -2.697070000000000000e+05 7.358100000000000000e+04 -3.090800000000000000e+04 2.511220000000000000e+06 -4.156960000000000000e+05 8.032600000000000000e+04 -3.188686000000000000e+06 1.738390000000000000e+05 -2.359856000000000000e+06
-5.951300000000000000e+05 1.213175000000000000e+06 1.673175000000000000e+06 4.389590000000000000e+05 1.080412000000000000e+06 -1.608400000000000000e+05 -1.406079000000000000e+06 5.253400000000000000e+05 9.067546000000000000e+06 -1.803363000000000000e+06 2.028145000000000000e+06 1.264477000000000000e+06 -3.942032000000000000e+06 1.042159000000000000e+06 3.051010000000000000e+05 -1.947220000000000000e+05 -7.357610000000000000e+05 -2.881230000000000000e+05 2.966791000000000000e+06 -6.445880000000000000e+05
2.817324000000000000e+06 -6.240760000000000000e+05 -1.809940000000000000e+05 -1.097090000000000000e+05 1.721200000000000000e+05 1.060069000000000000e+06 1.237685000000000000e+06 1.427251000000000000e+06 -1.803363000000000000e+06 7.170423000000000000e+06 1.084976000000000000e+06 -6.613270000000000000e+05 1.342585000000000000e+06 9.916480000000000000e+05 -3.116615000000000000e+06 1.046290000000000000e+05 -1.299580000000000000e+05 -1.961909000000000000e+06 2.121600000000000000e+04 -2.252117000000000000e+06
1.524119000000000000e+06 7.330600000000000000e+04 9.787300000000000000e+05 -1.641973000000000000e+06 2.724419000000000000e+06 1.300018000000000000e+06 2.674976000000000000e+06 -5.070550000000000000e+05 2.028145000000000000e+06 1.084976000000000000e+06 5.177382000000000000e+06 1.270380000000000000e+05 -6.680200000000000000e+05 -1.037236000000000000e+06 -2.594763000000000000e+06 1.654732000000000000e+06 3.406100000000000000e+04 -1.086872000000000000e+06 2.541820000000000000e+06 -7.772380000000000000e+05
7.734190000000000000e+05 5.598000000000000000e+04 1.724280000000000000e+06 7.286600000000000000e+04 -6.320060000000000000e+05 -9.631260000000000000e+05 2.505419000000000000e+06 -2.697070000000000000e+05 1.264477000000000000e+06 -6.613270000000000000e+05 1.270380000000000000e+05 5.186874000000000000e+06 5.199170000000000000e+05 1.877347000000000000e+06 3.132030000000000000e+05 1.330592000000000000e+06 -1.666229000000000000e+06 -1.566515000000000000e+06 6.270650000000000000e+05 1.566434000000000000e+06
2.890617000000000000e+06 -1.908142000000000000e+06 -5.385950000000000000e+05 -1.803373000000000000e+06 -1.878670000000000000e+06 1.068780000000000000e+05 2.834969000000000000e+06 7.358100000000000000e+04 -3.942032000000000000e+06 1.342585000000000000e+06 -6.680200000000000000e+05 5.199170000000000000e+05 4.651093000000000000e+06 8.131690000000000000e+05 -9.603440000000000000e+05 1.347740000000000000e+06 -4.863470000000000000e+05 -1.283143000000000000e+06 -3.201680000000000000e+05 7.879610000000000000e+05
-1.169557000000000000e+06 -2.636841000000000000e+06 4.200380000000000000e+05 -8.430920000000000000e+05 -2.955496000000000000e+06 -8.797310000000000000e+05 2.846299000000000000e+06 -3.090800000000000000e+04 1.042159000000000000e+06 9.916480000000000000e+05 -1.037236000000000000e+06 1.877347000000000000e+06 8.131690000000000000e+05 6.908688000000000000e+06 -1.043623000000000000e+06 6.435690000000000000e+05 1.053328000000000000e+06 -1.313095000000000000e+06 -1.595149000000000000e+06 2.155066000000000000e+06
5.722700000000000000e+04 7.819500000000000000e+05 3.762153000000000000e+06 1.043606000000000000e+06 -2.359608000000000000e+06 -4.643540000000000000e+05 -2.844646000000000000e+06 2.511220000000000000e+06 3.051010000000000000e+05 -3.116615000000000000e+06 -2.594763000000000000e+06 3.132030000000000000e+05 -9.603440000000000000e+05 -1.043623000000000000e+06 1.009885500000000000e+07 3.907560000000000000e+05 1.022262000000000000e+06 -1.675683000000000000e+06 -1.715536000000000000e+06 1.985458000000000000e+06
7.250470000000000000e+05 -3.119520000000000000e+05 1.059445000000000000e+06 -3.828140000000000000e+05 -5.879450000000000000e+05 2.257400000000000000e+05 1.665118000000000000e+06 -4.156960000000000000e+05 -1.947220000000000000e+05 1.046290000000000000e+05 1.654732000000000000e+06 1.330592000000000000e+06 1.347740000000000000e+06 6.435690000000000000e+05 3.907560000000000000e+05 6.502966000000000000e+06 -1.191565000000000000e+06 -2.010863000000000000e+06 1.917971000000000000e+06 4.401070000000000000e+05
-1.169848000000000000e+06 6.401920000000000000e+05 3.781620000000000000e+05 5.817200000000000000e+04 -5.749800000000000000e+05 -5.071660000000000000e+05 -2.703050000000000000e+05 8.032600000000000000e+04 -7.357610000000000000e+05 -1.299580000000000000e+05 3.406100000000000000e+04 -1.666229000000000000e+06 -4.863470000000000000e+05 1.053328000000000000e+06 1.022262000000000000e+06 -1.191565000000000000e+06 6.332657000000000000e+06 -1.255398000000000000e+06 -1.423750000000000000e+05 1.362316000000000000e+06
-3.680010000000000000e+06 1.090297000000000000e+06 -2.486985000000000000e+06 3.369336000000000000e+06 1.127686000000000000e+06 1.103712000000000000e+06 -3.244747000000000000e+06 -3.188686000000000000e+06 -2.881230000000000000e+05 -1.961909000000000000e+06 -1.086872000000000000e+06 -1.566515000000000000e+06 -1.283143000000000000e+06 -1.313095000000000000e+06 -1.675683000000000000e+06 -2.010863000000000000e+06 -1.255398000000000000e+06 7.489940000000000000e+06 -9.385090000000000000e+05 -3.571230000000000000e+05
1.106371000000000000e+06 3.043823000000000000e+06 -1.917551000000000000e+06 1.138491000000000000e+06 -5.878430000000000000e+05 1.760958000000000000e+06 -2.730880000000000000e+05 1.738390000000000000e+05 2.966791000000000000e+06 2.121600000000000000e+04 2.541820000000000000e+06 6.270650000000000000e+05 -3.201680000000000000e+05 -1.595149000000000000e+06 -1.715536000000000000e+06 1.917971000000000000e+06 -1.423750000000000000e+05 -9.385090000000000000e+05 8.583896000000000000e+06 -1.038731000000000000e+06
-9.734670000000000000e+05 1.715800000000000000e+04 7.742370000000000000e+05 -1.034951000000000000e+06 -1.579273000000000000e+06 -9.734210000000000000e+05 2.082157000000000000e+06 -2.359856000000000000e+06 -6.445880000000000000e+05 -2.252117000000000000e+06 -7.772380000000000000e+05 1.566434000000000000e+06 7.879610000000000000e+05 2.155066000000000000e+06 1.985458000000000000e+06 4.401070000000000000e+05 1.362316000000000000e+06 -3.571230000000000000e+05 -1.038731000000000000e+06 6.016434000000000000e+06
