2.302384622850590944e+07
1.730272127603212744e+07
1.698737812250218913e+07
1.452948666197879612e+07
1.091553541750229895e+07
1.035647828372974694e+07
8.620611855220306665e+06
7.037615263483874500e+06
5.417788887091572396e+06
4.781167160697645508e+06
3.628173737819254398e+06
2.846148045399862807e+06
2.130559229932797141e+06
1.463781740375387715e+06
1.334066300832353765e+06
8.904399146487915423e+05
7.947072568880997133e+05
2.673532277166167041e+05
5.087826569948610268e+04
4.270123942854032066e+03
