2.381562962792881578e+07
2.007776132288547605e+07
1.735307187163796276e+07
1.489542916135949083e+07
1.384071467186453938e+07
1.090248340495078638e+07
9.130998609248058870e+06
8.227633029672487639e+06
6.712761407315526158e+06
5.514161194482493214e+06
3.605088653913228307e+06
3.454812926965649705e+06
2.128385832522536162e+06
1.667759141165221110e+06
1.091239305836689891e+06
9.069120434710226255e+05
3.412764287585330894e+05
1.234741254479654890e+05
3.754909841769892955e+04
2.533142155747153993e+03
