2.007547259898540378e+07
1.920795691269375756e+07
1.490252476574742608e+07
1.319245395778330229e+07
1.234427057498402335e+07
9.785508573772931471e+06
8.352521428415453993e+06
6.603620184372282587e+06
5.673204022721048445e+06
4.831117084891607054e+06
3.969726963525689673e+06
2.682326909120964352e+06
2.573214141015890520e+06
1.786554336375596700e+06
8.346526866778290132e+05
7.188250840256541269e+05
3.539823549702691380e+05
2.160665173491979367e+05
1.036809901746922333e+04
1.289803554268623202e+03
