2.367677425175036490e+07
1.844026011950365826e+07
1.569424513157114945e+07
1.486606632971243933e+07
1.293359071924674138e+07
1.010200870836035348e+07
8.726986108901206404e+06
6.995778468467828818e+06
5.742011782916741446e+06
5.319177910210693255e+06
4.919193731898646802e+06
3.652872092481111176e+06
2.010084686716689961e+06
1.304443339470572770e+06
1.100363093636892969e+06
9.346900566788044525e+05
2.482417642278521380e+05
1.280969141234930285e+05
6.206842375408601220e+04
1.121736637071010045e+04
