2.300571459422004968e+07
1.895789245037985593e+07
1.598052255003565736e+07
1.456541005702806264e+07
1.190246643423342519e+07
9.409560913422768936e+06
8.986380586115315557e+06
8.367877622512201779e+06
5.744933283120345324e+06
4.141452757276141550e+06
3.018021105010394473e+06
2.812869478729537223e+06
2.022626414200803032e+06
1.778124486485350644e+06
1.372873814431543462e+06
7.210861208275420358e+05
1.846088484715687518e+05
1.049673580096267542e+05
3.781851185901631106e+04
2.526136308557721293e+02
