2.685274183948798478e+07
1.964422665908533707e+07
1.533207591526479647e+07
1.121487207744104043e+07
1.039976568795713410e+07
7.891302804944331758e+06
6.249450472118599340e+06
5.950416972310899757e+06
4.767659211388699710e+06
3.765984565187066328e+06
2.794339303990511689e+06
2.456765638734121341e+06
1.972497945572009310e+06
1.583268201710682595e+06
1.263526807978083380e+06
7.995195647606962593e+05
3.733361727972792578e+05
1.331770971321625111e+05
1.088995450506880152e+05
6.580351708798288018e+04
