1.887877080252647027e+07
1.585691773251062632e+07
1.436233852854061499e+07
1.325885948908492550e+07
1.182913109741002321e+07
1.041728761123865657e+07
8.564635771348966286e+06
7.916336351710775867e+06
5.945409911415313371e+06
5.038725330571733415e+06
4.571432358607349917e+06
3.758068829045890365e+06
2.778740062673019245e+06
2.645695733872116543e+06
1.583235874277777970e+06
6.999948453323126305e+05
3.232628868231808301e+05
1.797743433554232470e+05
3.609075466014193807e+04
1.171968499472142321e+04
