2.072986818363467604e+07
1.923664623888034374e+07
1.540633584513587505e+07
1.382778316561711393e+07
1.082867709367733076e+07
1.025376446869287267e+07
8.686137570787470788e+06
5.993572045049845241e+06
5.369691830180004239e+06
4.946119526867373846e+06
3.516052513699497096e+06
3.068207327916214708e+06
2.512099797289366368e+06
2.365670028074117377e+06
1.351370044864577707e+06
9.363466405193124665e+05
5.803066010139134014e+05
4.157625422260627965e+05
1.289200942766054359e+05
1.038441597406168739e+03
