2.484992380151339620e+07
1.833371010893053934e+07
1.376829035614017770e+07
1.169954315343521349e+07
9.049774498097313568e+06
7.995275814696295187e+06
7.710790835529542528e+06
7.487022940372036770e+06
5.741729219542630017e+06
4.787639647102311254e+06
3.800060543239194434e+06
2.535602502587251831e+06
1.866144299517541192e+06
1.492835143735514488e+06
1.259051389664158691e+06
6.444261263310885988e+05
4.440619175070080091e+05
3.045880047835519072e+05
8.190250168313042377e+04
5.195592191051803255e+00
