2.311073801527440920e+07
2.222024195626314729e+07
1.943093766175919026e+07
1.533880127177144401e+07
1.210763853670382872e+07
1.082621374923977442e+07
9.369755727710658684e+06
7.399669012449112721e+06
5.336784262151529081e+06
4.906781056747797877e+06
3.770166871543609072e+06
3.213875264716309961e+06
2.472432019549379591e+06
1.674940605282947421e+06
1.222816785306325881e+06
7.582538051856691018e+05
6.038192482450578827e+05
2.272739780521610810e+05
5.833393836147798720e+04
2.622336862275397493e+02
