2.488717918313057721e+07
1.719707234213781729e+07
1.569326445061800629e+07
1.280278732548537850e+07
1.113402870244091749e+07
1.057101574721580185e+07
1.010834253868665732e+07
8.875984628673115745e+06
7.010073721418053843e+06
4.908338975780614652e+06
4.649565217459402047e+06
3.154664013491444755e+06
2.732363035786939785e+06
1.988283455696216319e+06
1.601197248221712653e+06
1.145955716354425298e+06
6.577748670809848700e+05
3.896806069450301002e+05
5.258228554836104013e+04
4.359378285089770770e+02
