5.112897000000000000e+06 -7.229900000000000000e+04 -1.015067000000000000e+06 1.114540000000000000e+06 -5.077090000000000000e+05 -6.760780000000000000e+05 2.578166000000000000e+06 2.033504000000000000e+06 -2.515490000000000000e+05 -2.328140000000000000e+05 2.198753000000000000e+06 1.068050000000000000e+06 2.826430000000000000e+05 -1.453387000000000000e+06 -3.901510000000000000e+05 -2.648099000000000000e+06 -4.199370000000000000e+05 -7.176190000000000000e+05 -5.882330000000000000e+05 9.643770000000000000e+05
-7.229900000000000000e+04 4.323488000000000000e+06 -1.025713000000000000e+06 -9.090010000000000000e+05 2.110350000000000000e+05 2.194821000000000000e+06 -1.858430000000000000e+05 1.484656000000000000e+06 1.603019000000000000e+06 5.190110000000000000e+05 9.109860000000000000e+05 3.090211000000000000e+06 -9.098820000000000000e+05 -5.939800000000000000e+05 -6.639990000000000000e+05 -3.940920000000000000e+05 -1.100700000000000000e+04 1.663592000000000000e+06 -7.581190000000000000e+05 -9.304230000000000000e+05
-1.015067000000000000e+06 -1.025713000000000000e+06 7.766418000000000000e+06 -1.080959000000000000e+06 -9.967690000000000000e+05 -3.937673000000000000e+06 -1.343937000000000000e+06 -3.706255000000000000e+06 1.186570000000000000e+05 -2.174401000000000000e+06 1.472955000000000000e+06 -4.175396000000000000e+06 3.961500000000000000e+04 1.008360000000000000e+05 5.249000000000000000e+05 1.421420000000000000e+05 -5.816840000000000000e+05 -1.717081000000000000e+06 2.428486000000000000e+06 -1.825813000000000000e+06
1.114540000000000000e+06 -9.090010000000000000e+05 -1.080959000000000000e+06 7.207067000000000000e+06 2.564591000000000000e+06 -3.281470000000000000e+06 -3.223574000000000000e+06 8.645220000000000000e+05 -1.055707000000000000e+06 2.654293000000000000e+06 1.405083000000000000e+06 2.281739000000000000e+06 -1.111374000000000000e+06 -1.534361000000000000e+06 -1.805895000000000000e+06 1.724409000000000000e+06 2.931906000000000000e+06 1.291397000000000000e+06 -5.250550000000000000e+05 3.162590000000000000e+06
-5.077090000000000000e+05 2.110350000000000000e+05 -9.967690000000000000e+05 2.564591000000000000e+06 8.372051000000000000e+06 2.594282000000000000e+06 -4.675890000000000000e+05 -9.436360000000000000e+05 1.931000000000000000e+03 1.041124000000000000e+06 3.956910000000000000e+06 6.443830000000000000e+05 3.667052000000000000e+06 -2.855440000000000000e+05 -1.856713000000000000e+06 3.238627000000000000e+06 5.529740000000000000e+05 2.488510000000000000e+05 -4.017824000000000000e+06 -1.574449000000000000e+06
-6.760780000000000000e+05 2.194821000000000000e+06 -3.937673000000000000e+06 -3.281470000000000000e+06 2.594282000000000000e+06 8.991884000000000000e+06 2.637174000000000000e+06 -8.893750000000000000e+05 1.002837000000000000e+06 9.643330000000000000e+05 -1.309716000000000000e+06 1.985172000000000000e+06 1.153061000000000000e+06 -3.656300000000000000e+05 8.610430000000000000e+05 7.081000000000000000e+03 -1.771739000000000000e+06 5.231530000000000000e+05 -3.611926000000000000e+06 -1.996787000000000000e+06
2.578166000000000000e+06 -1.858430000000000000e+05 -1.343937000000000000e+06 -3.223574000000000000e+06 -4.675890000000000000e+05 2.637174000000000000e+06 6.971080000000000000e+06 1.884885000000000000e+06 2.800270000000000000e+05 -7.208640000000000000e+05 -3.508630000000000000e+05 -1.144689000000000000e+06 8.284820000000000000e+05 1.214385000000000000e+06 -5.219050000000000000e+05 -2.258678000000000000e+06 -2.686932000000000000e+06 -1.157130000000000000e+06 -2.332136000000000000e+06 -1.132979000000000000e+06
2.033504000000000000e+06 1.484656000000000000e+06 -3.706255000000000000e+06 8.645220000000000000e+05 -9.436360000000000000e+05 -8.893750000000000000e+05 1.884885000000000000e+06 7.684121000000000000e+06 6.790140000000000000e+05 -9.102530000000000000e+05 -1.130117000000000000e+06 8.405620000000000000e+05 -2.025519000000000000e+06 8.958910000000000000e+05 -3.713420000000000000e+05 -1.935802000000000000e+06 1.211185000000000000e+06 1.999143000000000000e+06 1.031670000000000000e+05 6.313490000000000000e+05
-2.515490000000000000e+05 1.603019000000000000e+06 1.186570000000000000e+05 -1.055707000000000000e+06 1.931000000000000000e+03 1.002837000000000000e+06 2.800270000000000000e+05 6.790140000000000000e+05 4.370252000000000000e+06 -1.930409000000000000e+06 8.189620000000000000e+05 -5.068720000000000000e+05 -1.684200000000000000e+04 2.756660000000000000e+05 6.953090000000000000e+05 -2.230282000000000000e+06 1.377380000000000000e+05 5.596850000000000000e+05 2.186200000000000000e+05 2.603040000000000000e+05
-2.328140000000000000e+05 5.190110000000000000e+05 -2.174401000000000000e+06 2.654293000000000000e+06 1.041124000000000000e+06 9.643330000000000000e+05 -7.208640000000000000e+05 -9.102530000000000000e+05 -1.930409000000000000e+06 8.609754000000000000e+06 7.284660000000000000e+05 2.397615000000000000e+06 -1.407500000000000000e+06 -8.456090000000000000e+05 -2.907935000000000000e+06 1.348282000000000000e+06 8.293780000000000000e+05 -1.326780000000000000e+05 -1.606066000000000000e+06 1.689152000000000000e+06
2.198753000000000000e+06 9.109860000000000000e+05 1.472955000000000000e+06 1.405083000000000000e+06 3.956910000000000000e+06 -1.309716000000000000e+06 -3.508630000000000000e+05 -1.130117000000000000e+06 8.189620000000000000e+05 7.284660000000000000e+05 9.011900000000000000e+06 1.780710000000000000e+05 2.567630000000000000e+06 -5.484570000000000000e+05 -7.353210000000000000e+05 1.128323000000000000e+06 -4.913610000000000000e+05 -6.057010000000000000e+05 -7.211840000000000000e+05 -1.204480000000000000e+05
1.068050000000000000e+06 3.090211000000000000e+06 -4.175396000000000000e+06 2.281739000000000000e+06 6.443830000000000000e+05 1.985172000000000000e+06 -1.144689000000000000e+06 8.405620000000000000e+05 -5.068720000000000000e+05 2.397615000000000000e+06 1.780710000000000000e+05 8.158484000000000000e+06 -1.286803000000000000e+06 -2.518509000000000000e+06 -1.868197000000000000e+06 1.744536000000000000e+06 5.889620000000000000e+05 2.018463000000000000e+06 -2.167720000000000000e+06 6.498610000000000000e+05
2.826430000000000000e+05 -9.098820000000000000e+05 3.961500000000000000e+04 -1.111374000000000000e+06 3.667052000000000000e+06 1.153061000000000000e+06 8.284820000000000000e+05 -2.025519000000000000e+06 -1.684200000000000000e+04 -1.407500000000000000e+06 2.567630000000000000e+06 -1.286803000000000000e+06 7.682346000000000000e+06 2.607040000000000000e+05 3.276620000000000000e+05 -3.997300000000000000e+04 -2.226773000000000000e+06 -9.469670000000000000e+05 3.344030000000000000e+05 1.076555000000000000e+06
-1.453387000000000000e+06 -5.939800000000000000e+05 1.008360000000000000e+05 -1.534361000000000000e+06 -2.855440000000000000e+05 -3.656300000000000000e+05 1.214385000000000000e+06 8.958910000000000000e+05 2.756660000000000000e+05 -8.456090000000000000e+05 -5.484570000000000000e+05 -2.518509000000000000e+06 2.607040000000000000e+05 6.395006000000000000e+06 -4.423220000000000000e+05 2.703499000000000000e+06 -1.432414000000000000e+06 -2.191353000000000000e+06 3.219750000000000000e+05 -6.342380000000000000e+05
-3.901510000000000000e+05 -6.639990000000000000e+05 5.249000000000000000e+05 -1.805895000000000000e+06 -1.856713000000000000e+06 8.610430000000000000e+05 -5.219050000000000000e+05 -3.713420000000000000e+05 6.953090000000000000e+05 -2.907935000000000000e+06 -7.353210000000000000e+05 -1.868197000000000000e+06 3.276620000000000000e+05 -4.423220000000000000e+05 5.125591000000000000e+06 -1.645997000000000000e+06 -1.916466000000000000e+06 5.320500000000000000e+04 2.011189000000000000e+06 1.022687000000000000e+06
-2.648099000000000000e+06 -3.940920000000000000e+05 1.421420000000000000e+05 1.724409000000000000e+06 3.238627000000000000e+06 7.081000000000000000e+03 -2.258678000000000000e+06 -1.935802000000000000e+06 -2.230282000000000000e+06 1.348282000000000000e+06 1.128323000000000000e+06 1.744536000000000000e+06 -3.997300000000000000e+04 2.703499000000000000e+06 -1.645997000000000000e+06 8.194915000000000000e+06 7.387480000000000000e+05 -1.390935000000000000e+06 -1.742130000000000000e+06 -1.389013000000000000e+06
-4.199370000000000000e+05 -1.100700000000000000e+04 -5.816840000000000000e+05 2.931906000000000000e+06 5.529740000000000000e+05 -1.771739000000000000e+06 -2.686932000000000000e+06 1.211185000000000000e+06 1.377380000000000000e+05 8.293780000000000000e+05 -4.913610000000000000e+05 5.889620000000000000e+05 -2.226773000000000000e+06 -1.432414000000000000e+06 -1.916466000000000000e+06 7.387480000000000000e+05 5.160473000000000000e+06 8.788640000000000000e+05 -1.959510000000000000e+05 -4.686990000000000000e+05
-7.176190000000000000e+05 1.663592000000000000e+06 -1.717081000000000000e+06 1.291397000000000000e+06 2.488510000000000000e+05 5.231530000000000000e+05 -1.157130000000000000e+06 1.999143000000000000e+06 5.596850000000000000e+05 -1.326780000000000000e+05 -6.057010000000000000e+05 2.018463000000000000e+06 -9.469670000000000000e+05 -2.191353000000000000e+06 5.320500000000000000e+04 -1.390935000000000000e+06 8.788640000000000000e+05 4.088858000000000000e+06 5.087550000000000000e+05 1.061545000000000000e+06
-5.882330000000000000e+05 -7.581190000000000000e+05 2.428486000000000000e+06 -5.250550000000000000e+05 -4.017824000000000000e+06 -3.611926000000000000e+06 -2.332136000000000000e+06 1.031670000000000000e+05 2.186200000000000000e+05 -1.606066000000000000e+06 -7.211840000000000000e+05 -2.167720000000000000e+06 3.344030000000000000e+05 3.219750000000000000e+05 2.011189000000000000e+06 -1.742130000000000000e+06 -1.959510000000000000e+05 5.087550000000000000e+05 5.701056000000000000e+06 2.201962000000000000e+06
9.643770000000000000e+05 -9.304230000000000000e+05 -1.825813000000000000e+06 3.162590000000000000e+06 -1.574449000000000000e+06 -1.996787000000000000e+06 -1.132979000000000000e+06 6.313490000000000000e+05 2.603040000000000000e+05 1.689152000000000000e+06 -1.204480000000000000e+05 6.498610000000000000e+05 1.076555000000000000e+06 -6.342380000000000000e+05 1.022687000000000000e+06 -1.389013000000000000e+06 -4.686990000000000000e+05 1.061545000000000000e+06 2.201962000000000000e+06 6.255593000000000000e+06
