6.633995000000000000e+06 8.554100000000000000e+04 -1.751248000000000000e+06 -3.188190000000000000e+05 8.974180000000000000e+05 -4.642080000000000000e+06 2.409900000000000000e+04 -3.455250000000000000e+05 2.921960000000000000e+05 -6.726180000000000000e+05 2.114730000000000000e+06 -9.100800000000000000e+04 -1.383327000000000000e+06 1.141550000000000000e+06 1.401711000000000000e+06 9.813050000000000000e+05 1.736966000000000000e+06 3.346500000000000000e+05 -6.199090000000000000e+05 -1.899152000000000000e+06
8.554100000000000000e+04 6.654172000000000000e+06 8.229030000000000000e+05 -2.441438000000000000e+06 6.045840000000000000e+05 1.026643000000000000e+06 5.425460000000000000e+05 -2.065150000000000000e+05 1.176513000000000000e+06 -2.879849000000000000e+06 -1.306742000000000000e+06 1.308268000000000000e+06 -2.020891000000000000e+06 -1.477260000000000000e+06 1.174414000000000000e+06 -9.718900000000000000e+04 2.482030000000000000e+06 8.752230000000000000e+05 -1.326538000000000000e+06 -1.468193000000000000e+06
-1.751248000000000000e+06 8.229030000000000000e+05 6.922436000000000000e+06 1.639913000000000000e+06 -8.812220000000000000e+05 4.095341000000000000e+06 1.264210000000000000e+05 4.279670000000000000e+05 -1.542693000000000000e+06 4.014460000000000000e+05 6.969030000000000000e+05 -6.943390000000000000e+05 1.112448000000000000e+06 1.775931000000000000e+06 -1.755225000000000000e+06 -2.258210000000000000e+05 2.170180000000000000e+05 -1.395215000000000000e+06 -4.153504000000000000e+06 2.242850000000000000e+05
-3.188190000000000000e+05 -2.441438000000000000e+06 1.639913000000000000e+06 6.136376000000000000e+06 -1.169029000000000000e+06 1.317903000000000000e+06 7.716100000000000000e+04 -3.778040000000000000e+05 -4.591580000000000000e+05 1.525560000000000000e+06 3.187648000000000000e+06 2.365770000000000000e+06 1.465590000000000000e+05 1.564864000000000000e+06 -3.235040000000000000e+05 1.974960000000000000e+06 -1.972034000000000000e+06 -2.775290000000000000e+05 -2.558244000000000000e+06 -1.571425000000000000e+06
8.974180000000000000e+05 6.045840000000000000e+05 -8.812220000000000000e+05 -1.169029000000000000e+06 5.636726000000000000e+06 -2.771510000000000000e+05 -8.147970000000000000e+05 1.773747000000000000e+06 -3.067280000000000000e+05 -1.386200000000000000e+06 -5.960140000000000000e+05 7.628520000000000000e+05 4.614510000000000000e+05 2.327000000000000000e+05 -3.858760000000000000e+05 -2.738140000000000000e+05 8.131710000000000000e+05 1.181570000000000000e+06 1.403079000000000000e+06 1.478972000000000000e+06
-4.642080000000000000e+06 1.026643000000000000e+06 4.095341000000000000e+06 1.317903000000000000e+06 -2.771510000000000000e+05 6.397053000000000000e+06 -8.358990000000000000e+05 7.910610000000000000e+05 -2.154270000000000000e+05 1.139960000000000000e+05 -9.367680000000000000e+05 1.084132000000000000e+06 1.763225000000000000e+06 9.224820000000000000e+05 -2.939410000000000000e+06 -2.524100000000000000e+05 -4.053010000000000000e+05 -3.601310000000000000e+05 -1.713351000000000000e+06 6.526230000000000000e+05
2.409900000000000000e+04 5.425460000000000000e+05 1.264210000000000000e+05 7.716100000000000000e+04 -8.147970000000000000e+05 -8.358990000000000000e+05 8.599917000000000000e+06 -1.516230000000000000e+06 2.705400000000000000e+04 2.080211000000000000e+06 -6.662220000000000000e+05 2.756730000000000000e+05 -1.576066000000000000e+06 2.493720000000000000e+05 3.050840000000000000e+05 2.950772000000000000e+06 -6.296210000000000000e+05 1.728000000000000000e+03 2.356630000000000000e+05 2.045035000000000000e+06
-3.455250000000000000e+05 -2.065150000000000000e+05 4.279670000000000000e+05 -3.778040000000000000e+05 1.773747000000000000e+06 7.910610000000000000e+05 -1.516230000000000000e+06 3.561025000000000000e+06 4.237300000000000000e+05 8.262700000000000000e+05 -2.361067000000000000e+06 -8.100810000000000000e+05 -8.991800000000000000e+04 -7.814780000000000000e+05 -1.523618000000000000e+06 -1.386769000000000000e+06 -1.743830000000000000e+05 1.885981000000000000e+06 1.945079000000000000e+06 1.424330000000000000e+06
2.921960000000000000e+05 1.176513000000000000e+06 -1.542693000000000000e+06 -4.591580000000000000e+05 -3.067280000000000000e+05 -2.154270000000000000e+05 2.705400000000000000e+04 4.237300000000000000e+05 6.174335000000000000e+06 -4.264590000000000000e+05 -2.547834000000000000e+06 7.694710000000000000e+05 -6.249020000000000000e+05 -2.340722000000000000e+06 -1.575178000000000000e+06 4.349000000000000000e+04 3.270520000000000000e+05 1.584032000000000000e+06 1.329838000000000000e+06 -1.359110000000000000e+06
-6.726180000000000000e+05 -2.879849000000000000e+06 4.014460000000000000e+05 1.525560000000000000e+06 -1.386200000000000000e+06 1.139960000000000000e+05 2.080211000000000000e+06 8.262700000000000000e+05 -4.264590000000000000e+05 7.274634000000000000e+06 -1.475679000000000000e+06 8.981980000000000000e+05 -1.297527000000000000e+06 -7.072880000000000000e+05 -9.534530000000000000e+05 1.380578000000000000e+06 -1.055023000000000000e+06 -2.202428000000000000e+06 2.185010000000000000e+06 2.131390000000000000e+06
2.114730000000000000e+06 -1.306742000000000000e+06 6.969030000000000000e+05 3.187648000000000000e+06 -5.960140000000000000e+05 -9.367680000000000000e+05 -6.662220000000000000e+05 -2.361067000000000000e+06 -2.547834000000000000e+06 -1.475679000000000000e+06 8.040952000000000000e+06 1.474900000000000000e+05 2.110411000000000000e+06 3.808825000000000000e+06 3.394170000000000000e+05 1.952524000000000000e+06 -3.642640000000000000e+05 -2.851230000000000000e+05 -3.728922000000000000e+06 -3.529630000000000000e+06
-9.100800000000000000e+04 1.308268000000000000e+06 -6.943390000000000000e+05 2.365770000000000000e+06 7.628520000000000000e+05 1.084132000000000000e+06 2.756730000000000000e+05 -8.100810000000000000e+05 7.694710000000000000e+05 8.981980000000000000e+05 1.474900000000000000e+05 9.208932000000000000e+06 -2.605762000000000000e+06 -1.371929000000000000e+06 5.838950000000000000e+05 9.983860000000000000e+05 -8.698620000000000000e+05 -9.082410000000000000e+05 -1.973920000000000000e+06 -1.106579000000000000e+06
-1.383327000000000000e+06 -2.020891000000000000e+06 1.112448000000000000e+06 1.465590000000000000e+05 4.614510000000000000e+05 1.763225000000000000e+06 -1.576066000000000000e+06 -8.991800000000000000e+04 -6.249020000000000000e+05 -1.297527000000000000e+06 2.110411000000000000e+06 -2.605762000000000000e+06 7.238708000000000000e+06 4.351012000000000000e+06 -3.658722000000000000e+06 -2.345600000000000000e+04 1.954580000000000000e+06 3.482160000000000000e+05 -2.473313000000000000e+06 -3.242109000000000000e+06
1.141550000000000000e+06 -1.477260000000000000e+06 1.775931000000000000e+06 1.564864000000000000e+06 2.327000000000000000e+05 9.224820000000000000e+05 2.493720000000000000e+05 -7.814780000000000000e+05 -2.340722000000000000e+06 -7.072880000000000000e+05 3.808825000000000000e+06 -1.371929000000000000e+06 4.351012000000000000e+06 6.739543000000000000e+06 -3.330469000000000000e+06 1.873595000000000000e+06 6.885850000000000000e+05 -1.600430000000000000e+05 -3.142526000000000000e+06 -1.854805000000000000e+06
1.401711000000000000e+06 1.174414000000000000e+06 -1.755225000000000000e+06 -3.235040000000000000e+05 -3.858760000000000000e+05 -2.939410000000000000e+06 3.050840000000000000e+05 -1.523618000000000000e+06 -1.575178000000000000e+06 -9.534530000000000000e+05 3.394170000000000000e+05 5.838950000000000000e+05 -3.658722000000000000e+06 -3.330469000000000000e+06 7.307269000000000000e+06 3.055000000000000000e+05 2.532910000000000000e+05 -1.649040000000000000e+05 1.174993000000000000e+06 1.565085000000000000e+06
9.813050000000000000e+05 -9.718900000000000000e+04 -2.258210000000000000e+05 1.974960000000000000e+06 -2.738140000000000000e+05 -2.524100000000000000e+05 2.950772000000000000e+06 -1.386769000000000000e+06 4.349000000000000000e+04 1.380578000000000000e+06 1.952524000000000000e+06 9.983860000000000000e+05 -2.345600000000000000e+04 1.873595000000000000e+06 3.055000000000000000e+05 6.891771000000000000e+06 -1.283900000000000000e+06 -1.633958000000000000e+06 3.153130000000000000e+05 -1.577585000000000000e+06
1.736966000000000000e+06 2.482030000000000000e+06 2.170180000000000000e+05 -1.972034000000000000e+06 8.131710000000000000e+05 -4.053010000000000000e+05 -6.296210000000000000e+05 -1.743830000000000000e+05 3.270520000000000000e+05 -1.055023000000000000e+06 -3.642640000000000000e+05 -8.698620000000000000e+05 1.954580000000000000e+06 6.885850000000000000e+05 2.532910000000000000e+05 -1.283900000000000000e+06 5.805610000000000000e+06 1.124726000000000000e+06 -2.445233000000000000e+06 -1.763075000000000000e+06
3.346500000000000000e+05 8.752230000000000000e+05 -1.395215000000000000e+06 -2.775290000000000000e+05 1.181570000000000000e+06 -3.601310000000000000e+05 1.728000000000000000e+03 1.885981000000000000e+06 1.584032000000000000e+06 -2.202428000000000000e+06 -2.851230000000000000e+05 -9.082410000000000000e+05 3.482160000000000000e+05 -1.600430000000000000e+05 -1.649040000000000000e+05 -1.633958000000000000e+06 1.124726000000000000e+06 6.977297000000000000e+06 1.232409000000000000e+06 2.045092000000000000e+06
-6.199090000000000000e+05 -1.326538000000000000e+06 -4.153504000000000000e+06 -2.558244000000000000e+06 1.403079000000000000e+06 -1.713351000000000000e+06 2.356630000000000000e+05 1.945079000000000000e+06 1.329838000000000000e+06 2.185010000000000000e+06 -3.728922000000000000e+06 -1.973920000000000000e+06 -2.473313000000000000e+06 -3.142526000000000000e+06 1.174993000000000000e+06 3.153130000000000000e+05 -2.445233000000000000e+06 1.232409000000000000e+06 8.656915000000000000e+06 4.725342000000000000e+06
-1.899152000000000000e+06 -1.468193000000000000e+06 2.242850000000000000e+05 -1.571425000000000000e+06 1.478972000000000000e+06 6.526230000000000000e+05 2.045035000000000000e+06 1.424330000000000000e+06 -1.359110000000000000e+06 2.131390000000000000e+06 -3.529630000000000000e+06 -1.106579000000000000e+06 -3.242109000000000000e+06 -1.854805000000000000e+06 1.565085000000000000e+06 -1.577585000000000000e+06 -1.763075000000000000e+06 2.045092000000000000e+06 4.725342000000000000e+06 1.055797000000000000e+07
