2.343908213774849474e+07
1.975631558149949089e+07
1.914431729735749960e+07
1.371978091328610852e+07
1.077455274419599771e+07
9.950971147064564750e+06
8.924318336953075603e+06
7.009894060790468939e+06
5.863644568122884259e+06
4.352682191694753245e+06
3.590302435202985536e+06
3.059386124007101636e+06
1.806960093431596644e+06
1.325419555151414359e+06
1.214828589252268430e+06
7.549564432772479486e+05
3.485419133397266269e+05
1.004689106261667912e+05
4.572114563603295392e+04
1.089811362086225699e+03
