2.250662831507807225e+07
1.692270612212463841e+07
1.511053962914258614e+07
1.345969567856996879e+07
1.098264523745097406e+07
9.241632824304476380e+06
8.196657453396348283e+06
7.675266341152046807e+06
7.062223707701164298e+06
6.201277199121378362e+06
4.322321096660339274e+06
3.171708511423421558e+06
2.784937733798686415e+06
2.014559748143142555e+06
1.809814297683608718e+06
1.094663818030548282e+06
9.515878280891918112e+05
6.224581546285408549e+05
1.150493153724979638e+05
4.779881284653382636e+02
