2.164688202056027576e+07
1.603102631019634567e+07
1.493153322676729038e+07
1.303160053252653964e+07
1.059663364299993403e+07
1.028320403445103765e+07
9.786434831448551267e+06
7.541492085944310762e+06
7.203635305177463219e+06
5.104156131437736563e+06
4.762459904282199219e+06
2.986229858746641781e+06
2.450361849366312381e+06
1.850240643174421275e+06
1.249447842618975788e+06
6.736576434586216928e+05
3.071853548487001681e+05
2.758952122525605373e+05
1.241604039904700403e+04
2.429529343153106765e+03
