2.692469321093872190e+07
1.797188685490452498e+07
1.749750191312190518e+07
1.447890964178493619e+07
1.086852038011718355e+07
1.022600858372409455e+07
9.091231214497635141e+06
7.146742284023193642e+06
6.611101434675433673e+06
5.153004492936176248e+06
4.167129393583814148e+06
2.991502291360334959e+06
2.837775220514343120e+06
2.108925404060841072e+06
1.244457235639402410e+06
8.085315818036397686e+05
6.522152835700387368e+05
3.018551294788248488e+05
2.218080099666241149e+05
1.118364392984122678e+05
