1.020000000000001137e+02
1.000000000000000142e+02
9.900000000000012790e+01
9.799999999999970157e+01
-9.799999999999957367e+01
9.500000000000011369e+01
-9.500000000000001421e+01
9.499999999999992895e+01
9.400000000000009948e+01
-9.200000000000024158e+01
-9.200000000000004263e+01
9.099999999999941735e+01
8.900000000000014211e+01
-8.900000000000008527e+01
8.700000000000035527e+01
8.700000000000009948e+01
8.600000000000002842e+01
-8.600000000000000000e+01
8.500000000000017053e+01
8.399999999999995737e+01
8.300000000000000000e+01
8.299999999999995737e+01
-7.900000000000048317e+01
7.800000000000014211e+01
7.799999999999988631e+01
-7.799999999999977263e+01
-7.500000000000027001e+01
-7.400000000000000000e+01
-7.300000000000018474e+01
7.299999999999985789e+01
-7.200000000000017053e+01
7.200000000000008527e+01
7.100000000000021316e+01
-7.099999999999991473e+01
7.000000000000009948e+01
6.799999999999980105e+01
-6.799999999999972999e+01
-6.700000000000004263e+01
-6.699999999999990052e+01
-6.500000000000005684e+01
-6.300000000000036238e+01
5.800000000000022027e+01
-5.599999999999987210e+01
-5.500000000000019895e+01
5.400000000000009948e+01
5.200000000000002842e+01
5.099999999999991473e+01
-4.999999999999990763e+01
-4.900000000000000000e+01
4.500000000000013500e+01
-4.500000000000004974e+01
4.499999999999990763e+01
-4.400000000000004974e+01
-4.299999999999991473e+01
4.200000000000007105e+01
-4.200000000000004263e+01
3.800000000000011369e+01
3.800000000000005684e+01
-3.799999999999999289e+01
3.799999999999997158e+01
3.700000000000002132e+01
3.599999999999992895e+01
3.599999999999984368e+01
-3.400000000000015632e+01
-3.300000000000002132e+01
3.199999999999991473e+01
-3.100000000000012434e+01
-3.000000000000001776e+01
-3.000000000000001421e+01
2.999999999999997868e+01
-2.999999999999993250e+01
-2.800000000000013145e+01
-2.799999999999997158e+01
-2.700000000000001066e+01
-2.499999999999992539e+01
2.400000000000011724e+01
2.400000000000005684e+01
2.399999999999998934e+01
-2.399999999999996447e+01
-2.299999999999994316e+01
-2.000000000000008527e+01
-2.000000000000000711e+01
-1.899999999999999645e+01
-1.700000000000004974e+01
1.600000000000004263e+01
-1.599999999999998934e+01
-1.500000000000001243e+01
-1.400000000000005862e+01
-1.400000000000005329e+01
1.399999999999999822e+01
-1.000000000000006040e+01
7.999999999999999112e+00
7.999999999999997335e+00
7.999999999999976019e+00
6.000000000000007105e+00
5.999999999999992895e+00
5.000000000000008882e+00
4.000000000000026645e+00
-4.000000000000014211e+00
-3.999999999999994671e+00
1.000000000000006661e+00
9.999999999999976685e-01
