1.534960703627601120e-01
7.759142018337324143e-02
-1.062665102511416160e-01
1.180739002790462400e-02
3.542217008371387199e-02
-4.891633011560487382e-02
9.108558021526425019e-02
-1.400019103308691171e-01
-1.686770003986375055e-02
-9.277235021925062108e-02
-3.373540007972750110e-02
1.400019103308691171e-01
-7.590465017938687053e-02
7.253111017141411487e-02
-1.568696103707328537e-01
-2.698832006378199672e-02
-1.045797402471552451e-01
-1.636166903866783651e-01
-3.204863007574112327e-02
5.397664012756399343e-02
-9.951943023519611853e-02
8.265173019533236798e-02
-1.551828403667464829e-01
5.735018013553674909e-02
-1.012062002391824964e-02
2.192801005182287363e-02
-8.433850019931873887e-02
1.265077502989781222e-01
1.400019103308691171e-01
1.855447004385012491e-02
5.060310011959124471e-02
6.747080015945500220e-02
-1.332548303149236057e-01
-2.867509006776837455e-02
-1.096400502591143716e-01
-1.686770003986375055e-02
1.265077502989781222e-01
1.130135902670871134e-01
1.400019103308691171e-01
-1.349416003189100044e-01
1.450622203428282297e-01
-5.397664012756399343e-02
5.060310011959124471e-02
-1.855447004385012491e-02
-5.903695013952311998e-02
1.501225303547873702e-01
1.028929702431688742e-01
-1.501225303547873702e-01
-4.216925009965936944e-02
-1.501225303547873702e-01
1.366283703228963753e-01
1.534960703627601120e-01
8.939881021127786542e-02
-1.180739002790462400e-01
-1.433754503388418589e-01
-3.542217008371387199e-02
-8.602527020330512364e-02
-1.518093003587737445e-02
8.939881021127786542e-02
-1.686770003986374795e-03
1.349416003189100044e-01
-7.253111017141411487e-02
-3.204863007574112327e-02
2.530155005979562235e-02
-1.602431503787056233e-01
7.759142018337324143e-02
-3.373540007972749590e-03
-4.722956011161849599e-02
-5.397664012756399343e-02
3.710894008770024982e-02
5.060310011959124471e-02
1.416886803348554880e-01
1.400019103308691171e-01
-1.315680603109372349e-01
-3.204863007574112327e-02
-1.619299203826919942e-01
1.113268202631007425e-01
-1.231342102910053665e-01
1.518093003587737445e-02
-9.951943023519611853e-02
-5.903695013952311998e-02
-1.180739002790462400e-01
-8.433850019931873887e-02
-1.433754503388418589e-01
-2.192801005182287363e-02
-3.710894008770024982e-02
1.214474402870189956e-01
-3.879571009168662071e-02
3.373540007972750110e-02
3.542217008371387199e-02
-1.180739002790462400e-02
-6.072372014350949782e-02
1.180739002790462400e-01
-9.445912022323699198e-02
-1.281945203029644931e-01
-1.585563803747192524e-01
6.747080015945500220e-02
-1.113268202631007425e-01
-1.315680603109372349e-01
-1.265077502989781222e-01
1.467489903468146284e-01
-1.484357603508009993e-01
