3.554914445245668242e-01
2.659599195524922632e-01
3.171925044864318255e-01
2.111797203778907062e-01
7.596881818306884526e-02
7.948304511709936016e-02
7.948304511709937403e-02
1.709597480447965223e-01
2.274039071254002342e-01
1.026742507235862689e-01
7.596881818306883138e-02
5.285569749352187624e-02
8.425462871671408893e-02
2.264727201424814040e-01
1.014032621895245845e-01
1.014032621895245845e-01
2.363562810459129276e-02
9.239953819570292937e-02
1.014032621895245845e-01
1.479125102933878111e-01
1.014032621895245845e-01
9.239953819570292937e-02
1.014032621895245845e-01
1.501185718611528219e-01
5.705244054116569846e-02
5.920647491677847457e-02
7.557941348827204586e-02
1.334771533802401322e-01
1.310778229837109288e-01
1.349608192623278358e-01
1.747583023143528258e-01
1.910338414065437806e-01
3.086442197910470031e-01
3.733634702914828130e-01
