1.714985851425094021e-01
1.714985851425096519e-01
1.714985851425090968e-01
1.714985851425095964e-01
1.714985851425099850e-01
1.714985851425096519e-01
1.714985851425098462e-01
1.714985851425096242e-01
1.714985851425089025e-01
1.714985851425084029e-01
1.714985851425097907e-01
1.714985851425099572e-01
1.714985851425099295e-01
1.714985851425094299e-01
1.714985851425079866e-01
1.714985851425079311e-01
1.714985851425090968e-01
1.714985851425098184e-01
1.714985851425079866e-01
1.714985851425093188e-01
1.714985851425079588e-01
1.714985851425098184e-01
1.714985851425079866e-01
1.714985851425078756e-01
1.714985851425080421e-01
1.714985851425080143e-01
1.714985851425078756e-01
1.714985851425080976e-01
1.714985851425083752e-01
1.714985851425078756e-01
1.714985851425083752e-01
1.714985851425083752e-01
1.714985851425084307e-01
1.714985851425084307e-01
