2.000000000000005329e+01
2.000000000000002842e+01
-1.900000000000002132e+01
-1.900000000000000711e+01
-1.900000000000000355e+01
-1.899999999999999645e+01
-1.800000000000000355e+01
-1.600000000000001421e+01
-1.400000000000000711e+01
-1.400000000000000355e+01
1.399999999999998224e+01
-1.300000000000000533e+01
-1.200000000000001243e+01
-1.200000000000000355e+01
-1.000000000000000533e+01
8.999999999999992895e+00
7.000000000000000000e+00
6.999999999999991118e+00
-4.999999999999990230e+00
-2.000000000000010214e+00
