8.250906949056510120e-01 -7.105850028548514608e-02 -2.790672586715356646e-04 3.023025692044584503e-02 -5.757193216626781129e-02 3.304395576740131735e-01 1.859205711874478140e-01 1.962702672491096756e-01 -1.407081299372031635e-01 -3.104393694588474840e-03 1.704662096350895995e-01 -9.616321025035248771e-02 -2.178432310003438135e-02 1.184567098159025333e-01 -8.727063365245353588e-02 1.445692853502694997e-01 1.655563725285681687e-01 6.093303661300611060e-03 2.429711657228251359e-02 -9.107140945672266563e-02
-1.417394640808795070e-01 -9.522182916913187745e-01 -1.022360349789507543e-04 1.107482697417392151e-02 -2.109142469374975654e-02 1.210562297334348419e-01 6.811183121133050633e-02 7.190343289767525681e-02 -5.154829471065995594e-02 -1.137291790730074643e-03 6.245013999120287845e-02 -3.522930412422207308e-02 -7.980666843728062218e-03 4.339650730039857490e-02 -3.197151682074390183e-02 5.296282546481893838e-02 6.065142565777198458e-02 2.232276223374129575e-03 8.901226434082084443e-03 -3.336392756044351260e-02
-1.361199754926188388e-01 7.392625192471830031e-02 -2.211099981402408295e-04 2.395197517363397907e-02 -4.561527523809850992e-02 2.618131927433738904e-01 1.473082057181465676e-01 1.555084556788411676e-01 8.878642531277340932e-01 5.563422160237591063e-02 1.350634376633957634e-01 -7.619183755516267809e-02 -1.726011020811329955e-02 9.385537741632049569e-02 -6.914608950005687871e-02 1.145448397177739747e-01 1.311732855951726895e-01 4.827833862112608856e-03 1.925104157935821070e-02 -7.215751239149774399e-02
-1.487106167932520095e-01 8.076418234099853877e-02 -2.415619315508458207e-04 2.616745256232323388e-02 -4.983453524217969222e-02 2.860300351698860100e-01 1.609337207986860918e-01 1.698924663839683213e-01 -1.217976190197284092e-01 -2.687177781905574370e-03 1.475563527575681211e-01 -8.323932704537854999e-02 -1.885661252640339486e-02 1.025366851149735331e-01 -7.554187092071805443e-02 1.251398533041769012e-01 -7.846144997884336725e-01 3.436469009539974140e-01 2.103169837357295180e-02 -7.883184033182735750e-02
-2.012110448004737484e-01 1.092769693362316830e-01 3.847293963789921722e-01 -6.408425779091219132e-01 6.281209605029695053e-01 -2.420254052377257270e-01 2.177493631846798838e-01 2.298708821332728358e-01 -1.647967489183443934e-01 -3.635852373697171045e-03 1.996492822471093165e-01 -1.126259329996198849e-01 -2.551370433161628121e-02 1.387359825898945576e-01 -1.022109860204001436e-01 1.693189173205946196e-01 1.938989024130909899e-01 7.136450708304668301e-03 2.845667710166559228e-02 -1.066624380878155171e-01
-8.097239434316688689e-02 4.397580591310915055e-02 -9.229638997517809473e-01 -4.113995180203682267e-01 6.225167602140201789e-02 -9.739712138271340580e-02 8.762783037703909816e-02 9.250583502791513701e-02 -6.631836414904598853e-02 -1.463158607762060290e-03 8.034390173995611950e-02 -4.532351327510686367e-02 -1.026735749194579439e-02 5.583085512525123167e-02 -4.113227618521033552e-02 6.813819865920701935e-02 7.802980400240473735e-02 2.871887582197226677e-03 1.145168388871055896e-02 -4.292365266039264299e-02
-5.974208668118768245e-02 3.244570486086600231e-02 -9.704360162593884519e-05 1.051235112135652690e-02 -2.002021905600816915e-02 1.149079435148833289e-01 6.465252115286378165e-02 6.825155239119691519e-02 -4.893022482150798103e-02 -1.079530240921257106e-03 5.927837976126634073e-02 -3.344005423999035775e-02 -7.575339302318517820e-03 4.119245594049886910e-02 -3.034772565619156884e-02 5.027291342462184703e-02 -3.152061935352034605e-01 -9.388933432216828301e-01 8.449144885421507392e-03 -3.166941769120069222e-02
-2.352013799492634616e-02 1.277369938118557736e-02 -3.820554367228206407e-05 4.138656059084212455e-03 -7.881852493683470795e-03 4.523863892812951537e-02 2.545334961850438671e-02 2.687026884707724439e-02 -1.926356617012909417e-02 -4.250052458271461834e-04 2.333757907622049585e-02 -1.316516938016600372e-02 -2.982370312904019782e-03 1.621724820628894434e-02 -1.194773625961373549e-02 1.979217544683494617e-02 2.266540063117804260e-02 8.342002578425113416e-04 -9.966736171318429927e-01 -1.246807930046025040e-02
-8.447987399261763786e-02 4.588070505262001331e-02 -1.372270654165513458e-04 1.486526747613600014e-02 -2.831011899838354814e-02 1.624886094235636069e-01 9.142360342125303851e-02 9.651290850582870673e-02 -6.919107545423215655e-02 -1.526538221052145365e-03 8.382415698739344168e-02 -4.728679102851344324e-02 -1.071210841908452893e-02 5.824927920362775458e-02 9.570859977978488642e-01 7.108973970089255134e-02 8.140981952262182908e-02 2.996289081396728404e-03 1.194773625961347875e-02 -4.478297569767808461e-02
-4.457021318623817507e-02 2.420591684960245529e-02 -7.239877702696626883e-05 7.842674345605317801e-03 -1.493596024061343355e-02 8.572635848126962388e-02 4.823361236423419351e-02 5.091864729467566325e-02 -3.650409071218244789e-02 -8.053768398752198356e-04 4.422426751502137043e-02 -2.494774503591211737e-02 9.714841262165759828e-01 -3.579555360713130852e-01 -2.264073247779310391e-02 3.750579521579114339e-02 4.295050217396762654e-02 1.580793588034055952e-03 6.303432131426416930e-03 -2.362677262201005879e-02
-8.815910774606505740e-02 4.787888320658256064e-02 -1.432035237979035743e-04 1.551267367204262060e-02 -2.954307000150741686e-02 1.695652484866634613e-01 9.540524770730655912e-02 1.007162001756198577e-01 -7.220445755599672055e-02 -1.593021404364148522e-03 8.747483321554740121e-02 -4.934620647768369478e-02 -1.117863788939945681e-02 6.078612856231232348e-02 -4.478297569767841768e-02 7.418581167010751543e-02 8.495534748915076206e-02 3.126782267553081512e-03 1.246807930046014284e-02 9.532666540190861681e-01
-1.899938931546423793e-01 1.031849760380661452e-01 -3.086214878463152908e-04 3.343175015652765508e-02 -6.366900742115307044e-02 3.654342985923999532e-01 2.056102302158734907e-01 -7.829440035824055677e-01 -1.556096283743889086e-01 -3.433160183127350294e-03 1.885191960375380560e-01 -1.063472410373431237e-01 -2.409136148349641515e-02 1.310017026104441373e-01 -9.651290850583076064e-02 1.598796940713121673e-01 1.830893894736562444e-01 6.738606495093814319e-03 2.687026884707683153e-02 -1.007162001756194691e-01
-1.650150034125100473e-01 8.961903401380565126e-02 -2.680463830947122316e-04 2.903640887907591242e-02 -5.529831144794399717e-02 3.173898962120415557e-01 1.785782283702292694e-01 1.885191960375376397e-01 -1.351513089755946584e-01 -2.981795519466211557e-03 -8.362658122272507155e-01 -9.236554949902830991e-02 -2.092402040614774542e-02 1.137786380623941607e-01 -8.382415698739345555e-02 1.388599803115512510e-01 1.590182490981374708e-01 5.852667974324544421e-03 2.333757907622059646e-02 -8.747483321554738733e-02
-1.399462167105532950e-01 7.600426928534494142e-02 -2.273252518940749984e-04 2.462524913161536627e-02 -4.689749003171540115e-02 2.691725859980996227e-01 1.514489405839823388e-01 1.598796940713117232e-01 -1.146193617760435934e-01 -2.528806431683140819e-03 1.388599803115507791e-01 -7.833353900837149164e-02 -1.774528033002368763e-02 9.649358912841969615e-02 -7.108973970089278727e-02 -8.822353816608758947e-01 1.348604786777435061e-01 4.963541034036709348e-03 1.979217544683508148e-02 -7.418581167010689092e-02
-1.975463250325256437e-01 1.072866736737593113e-01 -8.801462609022014591e-03 5.279687603467190238e-01 -6.912880050413811039e-02 -2.376173207421646838e-01 2.137834258450436176e-01 2.256841717731887798e-01 -1.617952541243901921e-01 -3.569631455854214812e-03 1.960130073496099135e-01 -1.105746416132224463e-01 -2.504901524503833771e-02 1.362091406939782423e-01 -1.003493853247632711e-01 1.662350588574188770e-01 1.903673609842331249e-01 7.006472296783663317e-03 2.793838673043856982e-02 -1.047197617017077975e-01
-9.308808180570588009e-02 5.055579066814144124e-02 -1.512100301263518093e-04 1.637998696592730605e-02 -3.119482249087048367e-02 1.790456383473979785e-01 1.007393533161960175e-01 1.063472410373451360e-01 -7.624140742292152828e-02 -1.682087201186602829e-03 9.236554949902842093e-02 9.478948480442068725e-01 -1.180363532401154138e-02 6.418467986948804549e-02 -4.728679102851382487e-02 7.833353900837145001e-02 8.970519937295166890e-02 3.301600605453015435e-03 1.316516938016588055e-02 -4.934620647768354906e-02
-1.274816574236535549e-01 6.923481354132803023e-02 -6.546596217336873337e-03 3.663191445968631554e-01 -7.556111756236659760e-01 -1.533404879882800109e-01 1.379598706882846082e-01 1.456397240859511610e-01 -1.044105839765050031e-01 -2.303573778499303382e-03 1.264921686060665740e-01 -7.135662270386045059e-02 -1.616476530121282312e-02 8.789921558429898696e-02 -6.475800529591928256e-02 1.072757026564436361e-01 1.228488897155704807e-01 4.521454402858764848e-03 1.802935005524860038e-02 -6.757832009553055297e-02
-1.799751619668636393e-01 9.774384042903183634e-02 -2.923473030599341204e-04 3.166883182060756946e-02 -6.031162229811636716e-02 3.461642686793235946e-01 -8.052319794561715316e-01 2.056102302158648032e-01 -1.474040433893793467e-01 -3.252123264370414442e-03 1.785782283702297690e-01 -1.007393533161953930e-01 -2.282097920623965201e-02 1.240937392975042519e-01 -9.142360342125219197e-02 1.514489405839826996e-01 1.734347456005601862e-01 6.383267247428329322e-03 2.545334961850462263e-02 -9.540524770730661464e-02
-1.056522650037673150e-01 5.737935178741753600e-02 -1.716189856343962121e-04 1.859080872774285936e-02 -3.540521609876890602e-02 2.032115912532279911e-01 1.143362355998003704e-01 1.207010250350684100e-01 -8.653177963339848955e-02 -1.909120042994893714e-03 1.048322118534813774e-01 -5.913783177942079361e-02 -2.260135736564282960e-01 -8.485221508487018616e-01 -5.366913228859768181e-02 8.890628812471801368e-02 1.018127918474945326e-01 3.747220646698837167e-03 1.494208428395746996e-02 -5.600650891692647571e-02
-4.910911888394996899e-03 2.667097963599535885e-03 -7.977166573651991982e-06 8.641350338535648415e-04 -1.645699660525837618e-03 9.445649076331167487e-03 5.314558837535299403e-03 5.610405974401448150e-03 3.203220614892304807e-02 -9.983998633274248080e-01 4.872794307435307851e-03 -2.748835352740593065e-03 -6.227071383846393728e-04 3.386097353276444795e-03 -2.494640127086011645e-03 4.132528037039048807e-03 4.732446103798311487e-03 1.741777180229464345e-04 6.945356007736161073e-04 -2.603285698208433665e-03
