1.895604512477357062e+01 -3.835699589731094150e-01 -2.310532800984373414e-01 -9.887043751488892029e-01 -8.189485205402686763e-01 -1.256013425820423912e-01 -6.497859115805788843e-02 -6.878280265026139872e-01 -1.233068702345880840e+00 -5.260602455633939245e-01 -5.190547460302162852e-01 -2.647659002802393510e-02 -2.526981222777229807e-01 -1.446948034478201972e+00 -2.048654170718601786e-01 -9.824176292959080348e-01 -4.816110195244449055e-01 -2.212596360837653986e+00 -2.608300678423204344e-01 -5.695364321763315418e-01
-3.835699589731093040e-01 1.985906870410014236e+01 -8.489360916939793500e-02 -3.632698171270459797e-01 -3.008981114788005784e-01 -4.614845235596232859e-02 -2.387443761802537576e-02 -2.527218121845917209e-01 -4.530541719700769687e-01 -1.932850850132481202e-01 -1.907111239807423309e-01 -9.728030197276761257e-03 -9.284635830032871018e-02 -5.316377282118126546e-01 -7.527166306323226919e-02 -3.609599406121447585e-01 -1.769535478819631857e-01 -8.129522793468199060e-01 -9.583419819705575604e-02 -2.092591079438984591e-01
-2.310532800984373969e-01 -8.489360916939796275e-02 6.370825465709673452e+00 1.829199069818933765e+00 5.444276992821823757e-01 1.120857132541853429e-01 2.701168405062396971e+00 -7.747418721378317163e-02 8.197301049303552523e-01 1.216374973530290893e+00 1.500506259974432322e+00 5.008565725201514773e-01 3.720924870172294674e-01 2.072730836780323216e-01 2.396254240093131926e+00 1.446588584352575424e+00 2.231274518568120424e+00 1.808322475919646455e-02 3.736350662871203848e-02 2.638627599854464822e+00
-9.887043751488894250e-01 -3.632698171270460907e-01 1.829199069818933321e+00 1.001216053217666158e+01 -4.395082997180304041e-01 -5.416677897922243801e-02 1.196162150832471571e+00 -6.168006196422567422e-01 -6.617557944253068536e-01 1.190673357309233321e-01 2.565788405135251415e-01 2.096094625040824944e-01 -4.108719637190486745e-02 -1.126050084653092975e+00 9.367975750535613155e-01 -1.597352037691049942e-01 6.266566218038290836e-01 -1.860316262753421102e+00 -2.029842903652264441e-01 7.410623140106740170e-01
-8.189485205402688983e-01 -3.008981114788005784e-01 5.444276992821824868e-01 -4.395082997180302931e-01 1.347665206316827913e+01 -7.557393961446561004e-02 3.946710265755205005e-01 -5.273099971117838347e-01 -7.879908750781541293e-01 -1.939525154278196883e-01 -1.420830394539309149e-01 6.238642873909209380e-02 -1.279915917451308616e-01 -1.048513214995733245e+00 2.399762638954220373e-01 -4.975945012914173571e-01 5.855568072480254668e-03 -1.652377646446509418e+00 -1.890073219523259185e-01 6.924591035435785288e-03
-1.256013425820423912e-01 -4.614845235596234246e-02 1.120857132541853568e-01 -5.416677897922236862e-02 -7.557393961446563779e-02 1.298931363087746860e+01 7.808595655060741880e-02 -8.038971586708616723e-02 -1.137896428338352334e-01 -2.112991352913410129e-02 -1.134789754501876885e-02 1.284399631360085871e-02 -1.686285250239211511e-02 -1.573991237159765300e-01 5.258949861186987262e-02 -6.555792116397173019e-02 1.601204062952393120e-02 -2.501407970947347459e-01 -2.837311578502194065e-02 1.893528204775357660e-02
-6.497859115805791619e-02 -2.387443761802538963e-02 2.701168405062396971e+00 1.196162150832471793e+00 3.946710265755204450e-01 7.808595655060741880e-02 2.663588260324672330e+00 3.097790533663955046e-03 5.942455214058405266e-01 7.857389423032939968e-01 9.597092625454882731e-01 3.095291632606090304e-01 2.471211509266032225e-01 2.338899587231182131e-01 1.486644975919851230e+00 9.607359684903850061e-01 1.405719073279328324e+00 1.741159332937969317e-01 4.216152366756439202e-02 1.662354458642305799e+00
-6.878280265026139872e-01 -2.527218121845917209e-01 -7.747418721378333817e-02 -6.168006196422569642e-01 -5.273099971117838347e-01 -8.038971586708616723e-02 3.097790533663982802e-03 1.854807631849487493e+01 -7.939564423948014538e-01 -3.240711502106126685e-01 -3.146780393981172264e-01 -8.877832384547017924e-03 -1.592583235961977373e-01 -9.444287297614885057e-01 -9.370066624032401259e-02 -6.191505631413636301e-01 -2.777930533012650249e-01 -1.449223202161984414e+00 -1.702448213662069165e-01 -3.285083979531775999e-01
-1.233068702345880840e+00 -4.530541719700770797e-01 8.197301049303555853e-01 -6.617557944253067426e-01 -7.879908750781541293e-01 -1.137896428338352334e-01 5.942455214058406376e-01 -7.939564423948012317e-01 1.281354338957470951e+01 -2.920290720563565867e-01 -2.139306008749332078e-01 9.393356334358685111e-02 -1.927134880715519472e-01 -1.578718071991098926e+00 3.613257889764886488e-01 -7.492146216920643198e-01 8.816570936434547229e-03 -2.487940461684917892e+00 -2.845832276000365146e-01 1.042616998283105861e-02
-5.260602455633940355e-01 -1.932850850132480924e-01 1.216374973530290893e+00 1.190673357309233737e-01 -1.939525154278197439e-01 -2.112991352913410822e-02 7.857389423032939968e-01 -3.240711502106126685e-01 -2.920290720563566422e-01 9.136627689590502754e+00 2.253293178556993459e-01 1.393854330083055815e-01 1.670624888622076858e-03 -5.701356816437790354e-01 6.326772153639523832e-01 6.494909133987089751e-03 4.619575669080642211e-01 -9.619017921587550424e-01 -1.027739248259193217e-01 5.462949430298975617e-01
-5.190547460302166183e-01 -1.907111239807423586e-01 1.500506259974432322e+00 2.565788405135254191e-01 -1.420830394539310537e-01 -1.134789754501877926e-02 9.597092625454883841e-01 -3.146780393981170598e-01 -2.139306008749328192e-01 2.253293178556995124e-01 8.332041956176846398e+00 1.719442765015101182e-01 3.071857855654695768e-02 -5.267153605107858239e-01 7.900795348642372096e-01 1.194249994770280460e-01 6.145883080386124186e-01 -9.146045595273947226e-01 -9.494688125766981290e-02 7.267907461154614612e-01
-2.647659002802393510e-02 -9.728030197276762991e-03 5.008565725201514773e-01 2.096094625040825221e-01 6.238642873909209380e-02 1.284399631360085871e-02 3.095291632606090304e-01 -8.877832384547021394e-03 9.393356334358686499e-02 1.393854330083055815e-01 1.719442765015101182e-01 2.057393576614916064e+00 4.263839157386471040e-02 2.375159728548114496e-02 2.745887922077113741e-01 1.657658046265568785e-01 2.556836269233478398e-01 2.072171960207148424e-03 4.281515703201882635e-03 3.023625597014322763e-01
-2.526981222777229807e-01 -9.284635830032868242e-02 3.720924870172294674e-01 -4.108719637190486745e-02 -1.279915917451308616e-01 -1.686285250239211164e-02 2.471211509266031947e-01 -1.592583235961976817e-01 -1.927134880715518639e-01 1.670624888622131285e-03 3.071857855654690564e-02 4.263839157386470347e-02 1.098026226557353091e+01 -2.991852110854268942e-01 1.867431983517641725e-01 -7.673463533541420578e-02 1.097142026269364995e-01 -4.864268948846367513e-01 -5.393179094574216542e-02 1.297441980977033782e-01
-1.446948034478202416e+00 -5.316377282118126546e-01 2.072730836780323771e-01 -1.126050084653092753e+00 -1.048513214995733023e+00 -1.573991237159765300e-01 2.338899587231183519e-01 -9.444287297614882837e-01 -1.578718071991098482e+00 -5.701356816437790354e-01 -5.267153605107854908e-01 2.375159728548112414e-02 -2.991852110854268942e-01 1.505742362710716087e+01 7.321904777900449524e-03 -1.163146061971560119e+00 -3.886289142892331849e-01 -3.006138468959093313e+00 -3.501731334209578494e-01 -4.595790301962078828e-01
-2.048654170718601786e-01 -7.527166306323226919e-02 2.396254240093131926e+00 9.367975750535615376e-01 2.399762638954218985e-01 5.258949861186988650e-02 1.486644975919851230e+00 -9.370066624032384606e-02 3.613257889764887598e-01 6.326772153639524943e-01 7.900795348642370985e-01 2.745887922077113741e-01 1.867431983517641725e-01 7.321904777900491157e-03 4.307929519643487914e+00 7.260038521784020205e-01 1.196346854521942005e+00 -1.538241994078496100e-01 1.319862824682305940e-03 1.414758158653841802e+00
-9.824176292959080348e-01 -3.609599406121449805e-01 1.446588584352575646e+00 -1.597352037691045779e-01 -4.975945012914171350e-01 -6.555792116397170244e-02 9.607359684903852282e-01 -6.191505631413634081e-01 -7.492146216920640978e-01 6.494909133987251948e-03 1.194249994770282125e-01 1.657658046265569340e-01 -7.673463533541413639e-02 -1.163146061971559897e+00 7.260038521784020205e-01 1.070167780491755138e+01 4.265372685531345076e-01 -1.891087882216776261e+00 -2.096712936646518144e-01 5.044081307812759984e-01
-4.816110195244450165e-01 -1.769535478819632968e-01 2.231274518568120424e+00 6.266566218038291947e-01 5.855568072480211300e-03 1.601204062952396243e-02 1.405719073279328324e+00 -2.777930533012649694e-01 8.816570936434502126e-03 4.619575669080641656e-01 6.145883080386124186e-01 2.556836269233478398e-01 1.097142026269364856e-01 -3.886289142892334070e-01 1.196346854521941783e+00 4.265372685531342856e-01 7.013833984225132490e+00 -7.522804919733510065e-01 -7.005511163094593763e-02 1.198924789480215303e+00
-2.212596360837653986e+00 -8.129522793468196840e-01 1.808322475919636393e-02 -1.860316262753421102e+00 -1.652377646446509418e+00 -2.501407970947346904e-01 1.741159332937969595e-01 -1.449223202161984192e+00 -2.487940461684917892e+00 -9.619017921587550424e-01 -9.146045595273949447e-01 2.072171960207116331e-03 -4.864268948846368623e-01 -3.006138468959093313e+00 -1.538241994078494435e-01 -1.891087882216775817e+00 -7.522804919733508955e-01 1.336885233924665428e+01 -5.418932001139685761e-01 -8.896207313059848465e-01
-2.608300678423204344e-01 -9.583419819705575604e-02 3.736350662871196215e-02 -2.029842903652263608e-01 -1.890073219523258630e-01 -2.837311578502194065e-02 4.216152366756443365e-02 -1.702448213662069165e-01 -2.845832276000365146e-01 -1.027739248259193494e-01 -9.494688125766978515e-02 4.281515703201884369e-03 -5.393179094574215154e-02 -3.501731334209578494e-01 1.319862824682321552e-03 -2.096712936646518421e-01 -7.005511163094589600e-02 -5.418932001139684651e-01 1.693687701287787917e+01 -8.284473717690421513e-02
-5.695364321763315418e-01 -2.092591079438984869e-01 2.638627599854465267e+00 7.410623140106742390e-01 6.924591035435762737e-03 1.893528204775357660e-02 1.662354458642305799e+00 -3.285083979531775444e-01 1.042616998283110372e-02 5.462949430298975617e-01 7.267907461154614612e-01 3.023625597014323318e-01 1.297441980977034892e-01 -4.595790301962081048e-01 1.414758158653841802e+00 5.044081307812759984e-01 1.198924789480215303e+00 -8.896207313059848465e-01 -8.284473717690427064e-02 7.417806734826304371e+00
