1.512398130714875388e-01
-5.671492990180783400e-02
3.875520209956868634e-01
-5.198868574332384668e-02
-3.733732885202348806e-01
-2.883008936675231504e-01
-3.780995326787188471e-02
-2.268597196072313360e-01
-4.111832417881067792e-01
-8.979863901119573832e-02
-1.985022546563273982e-01
-2.079547429732953867e-01
2.268597196072313360e-01
-2.977533819844911389e-01
8.507239485271174406e-02
4.726244158483985935e-02
1.417873247545195781e-01
-5.198868574332384668e-02
-3.355633352523629820e-01
2.835746495090391700e-02
