-2.000000000000000000e+01
1.999999999999998224e+01
1.799999999999998934e+01
-1.799999999999995737e+01
1.600000000000002487e+01
1.399999999999999822e+01
-1.399999999999999822e+01
1.399999999999999467e+01
-1.299999999999998579e+01
1.200000000000000178e+01
1.199999999999998757e+01
-9.999999999999989342e+00
-9.000000000000010658e+00
8.999999999999998224e+00
8.999999999999994671e+00
7.999999999999997335e+00
-5.999999999999998224e+00
-2.000000000000000888e+00
-1.000000000000003553e+00
9.835883706720607515e-16
