-2.297344054822347825e-02 9.710738301013289719e-01 -9.169372668345919519e-02 -7.994787775027514809e-02 -1.320492172293451054e-02 -5.002384327071748849e-02 -8.252592968103071233e-03 1.300484953421559564e-01 -8.351368558748131776e-02 -3.279451925216349956e-02 2.821306215021638156e-02 -9.264316521902257284e-05 3.770794887780205135e-02 -6.798422595163239324e-02 -2.514417326806498224e-02 -2.478292866569595243e-02 5.858456003346404484e-02 -1.193574644685162743e-02 1.551687390062308353e-02 -5.685865521748247747e-02
-9.996895431651434683e-01 -9.545970124140610528e-04 -1.490793146940282664e-03 -1.299824454443153235e-03 -2.146908793259145380e-04 -8.133075776146769928e-04 -1.341739450051855859e-04 2.114380259560964207e-03 -1.357798779179137999e-03 -5.331863621045216609e-04 4.586992069022751729e-04 -1.506229497260254510e-06 6.130708588832698000e-04 -1.105314636172439633e-03 -4.088039885520521294e-04 -4.029307298563749012e-04 9.524911220548684622e-04 -1.940561219413075155e-04 2.522795191078008544e-04 -9.244306738108048517e-04
1.704158131841753657e-04 -4.218639485745596246e-03 -1.337281588429178707e-02 -1.165977529940624181e-02 -1.925834987347560664e-03 -7.295587932567344606e-03 -1.203576409446205928e-03 1.896656016876164738e-02 -1.217982060032785606e-02 -4.782825214281018374e-03 4.114655378435826127e-03 -1.351128410003566522e-05 5.499410657153628972e-03 -9.914969862941434495e-03 -3.667081836877496975e-03 -3.614397125159661810e-03 -6.346588165305827589e-02 8.158976151286743139e-01 -1.502390334677267125e-01 -8.292392022375909277e-03
1.001121144718128322e-03 -2.478273061759477328e-02 -7.855966236956485327e-02 -6.849627025092767940e-02 -1.131346963082275649e-02 -4.285850711839965521e-02 -7.070504610263472593e-03 1.114205546582147655e-01 -7.155131741607063944e-02 -2.809708420856300501e-02 2.417186777219714963e-02 -7.937310483158011693e-05 3.230672194964116090e-02 -5.824627300462842383e-02 -2.154256167731208316e-02 9.787669388198474429e-01 5.019300035853679204e-02 -1.022608901294166754e-02 1.329426143701449917e-02 -4.871431141732423392e-02
3.229542075950538136e-03 -7.994723886188481732e-02 -2.534276060729848679e-01 7.790361456371803772e-01 -3.649640844217317409e-02 -1.382583444386880911e-01 -2.280892003682123692e-02 3.594343914249691907e-01 -2.308192084484831097e-01 -9.063909611920484277e-02 7.797664092550889159e-02 -2.560517107293771850e-04 1.042190732089415400e-01 -1.878981284414878716e-01 -6.949469574955813300e-02 -6.849627025092756838e-02 1.619188720878783072e-01 -3.298859974534575079e-02 4.288629493647434093e-02 -1.571487319524041415e-01
2.020742903872669704e-03 -5.002344351460724647e-02 -1.585710991136924375e-01 -1.382583444386800420e-01 -2.283601100154390717e-02 9.134909650175692120e-01 -1.427167140896810384e-02 2.249001495563358044e-01 -1.444248957222428464e-01 -5.671339960554550724e-02 4.879042914207988579e-02 -1.602130163697358407e-04 6.521046875450849101e-02 -1.175689310650384900e-01 -4.348322764965661946e-02 -4.285850711839984950e-02 1.013135621335189140e-01 -2.064115508526989662e-02 2.683419944010461550e-02 -9.832885823353912369e-02
2.906672875752172071e-03 -7.195461933179461700e-02 -2.280915161391957602e-01 -1.988732850953144615e-01 5.780639696951181961e-01 -1.244361492048043361e-01 6.435953748213610881e-01 -2.297946799327424683e-01 -2.077433631831757666e-01 -8.157757229242779129e-02 7.018102931934935840e-02 -2.304532794011218515e-04 9.379990912277783033e-02 -1.691132614163326220e-01 -6.254705540083820015e-02 -6.164844617170326529e-02 1.457312468770125824e-01 -2.969060809049334573e-02 3.859879428776996635e-02 -1.414379951963591620e-01
1.324754111876495950e-03 -3.279425718094546027e-02 -1.039556863829484007e-01 -9.063909611920382969e-02 -1.497078100096899296e-02 -5.671339960554416804e-02 -9.356190412020780681e-03 1.474395368729453371e-01 -9.468175001314819983e-02 9.628199563725171606e-01 3.198592037725157128e-02 -1.050320908240985065e-04 4.275053320951073543e-02 -7.707557678850930627e-02 -2.850663709674541510e-02 -2.809708420856321665e-02 6.641891839281632848e-02 -1.353188226996931455e-02 1.759190443230113088e-02 -6.446221288779997727e-02
2.164093780709547971e-03 -5.357209113152632679e-02 -1.698200838585713357e-01 -1.480663486471182066e-01 -2.445599056166589819e-02 -9.264595917763891741e-02 -1.528409936627411064e-02 2.408544966323208081e-01 -1.546703531721871916e-01 -6.073663063918776500e-02 5.225160710063247310e-02 -1.715784782169809644e-04 6.983647924649559469e-02 -1.259092346853980526e-01 -4.656791437518734145e-02 -4.589887636259308568e-02 -8.059470374628118217e-01 3.334947857900703028e-01 1.766660808668222282e-01 -1.053042770357852514e-01
9.424722988558575671e-04 -2.333087980442540357e-02 -7.395738865511916615e-02 -6.448354190402559583e-02 -1.065069076530057897e-02 -4.034772009612992705e-02 -6.656292067411340684e-03 1.048931858472319789e-01 -6.735961473500727548e-02 -2.645106806993315074e-02 2.275580323829284879e-02 -7.472317708268141369e-05 3.041409190587655506e-02 -5.483402194437544952e-02 -2.028053021792449243e-02 -1.998916123965983893e-02 -3.509934569030110918e-01 -4.624139514861572153e-01 -9.646541198219739099e-01 -4.586047284176301281e-02
3.373585004531636476e-03 -8.351301820361023420e-02 -2.647308972838197660e-01 -2.308192084484842754e-01 -3.812420874050721775e-02 -1.444248957222415697e-01 -2.382623566938467038e-02 3.754657609368446392e-01 7.588858723413489660e-01 -9.468175001313469674e-02 8.145452833359824452e-02 -2.674720413566039493e-04 1.088674165858058845e-01 -1.962786963545720131e-01 -7.259427434652984679e-02 -7.155131741607066720e-02 1.691407221147934459e-01 -3.445994596266305221e-02 4.479909476176695965e-02 -1.641578258242051558e-01
2.746263245380248328e-03 -6.798368266850952912e-02 -2.155039022732266052e-01 -1.878981284414882602e-01 -3.103497113089076498e-02 -1.175689310650373243e-01 -1.939572152671229649e-02 3.056474989586396296e-01 -1.962786963545715968e-01 -7.707557678851047200e-02 6.630797120328564553e-02 -2.177353276580812379e-04 8.862340340837983332e-02 8.402195382877308827e-01 -5.909529097239418771e-02 -5.824627300462840301e-02 1.376888229633832506e-01 -2.805208195670751484e-02 3.646865491910585011e-02 -1.336325015960546925e-01
2.296839197913636606e-03 -5.685820084226085591e-02 -1.802368403237100680e-01 -1.571487319524047244e-01 -2.595611994569537243e-02 -9.832885823353840204e-02 -1.622162534830101643e-02 2.556285008487004795e-01 -1.641578258242059607e-01 -6.446221288780147607e-02 5.545671837906435836e-02 -1.821030945146627261e-04 7.412024580793069584e-02 -1.336325015960531382e-01 -4.942438819214861612e-02 -4.871431141732195796e-02 1.151561439817788829e-01 -2.346137848570590753e-02 3.050058520583886004e-02 8.882363632483590843e-01
2.813392574428691742e-03 -6.964546764538584456e-02 -2.207716537865137552e-01 -1.924910877336433457e-01 -7.803759321315366648e-01 -1.204427719004029229e-01 2.452682991539532897e-01 -2.224201600253021549e-01 -2.010765092426044509e-01 -7.895960293366272031e-02 6.792879529029594021e-02 -2.230576238654855871e-04 9.078970324097038191e-02 -1.636861161347651916e-01 -6.053980916981121368e-02 -5.967003790877557085e-02 1.410544720206725333e-01 -2.873778368006179793e-02 3.736009034143997903e-02 -1.368989984208518473e-01
1.277588795834792455e-04 -3.162668088097783832e-03 -1.002545445946841605e-02 -8.741206585304146792e-03 -1.443777520692844782e-03 -5.469422835539038824e-03 -9.023081291032425226e-04 1.421902364243623866e-02 -9.131078884927718714e-03 -3.585631985683428689e-03 -1.090156100378144449e-01 9.940495112237534014e-01 4.122848289713701084e-03 -7.433144947780389797e-03 -2.749171324339296646e-03 -2.709674169618094767e-03 6.405420085836970555e-03 -1.305010569106448276e-03 1.696557859198351802e-03 -6.216716008035494748e-03
1.015713835304665183e-03 -2.514397233314575111e-02 -7.970477537770698229e-02 -6.949469574955818851e-02 -1.147837870566772306e-02 -4.348322764965632109e-02 -7.173566748759806905e-03 1.130446594807812122e-01 -7.259427434652998556e-02 -2.850663709674608470e-02 2.452420533809551717e-02 -8.053007486049295694e-05 3.277763598413685475e-02 -5.909529097239436118e-02 9.781434264384540889e-01 -2.154256167731239194e-02 5.092463101853227786e-02 -1.037514804906737066e-02 1.348804322331657521e-02 -4.942438819214824142e-02
1.523235024187104096e-03 -3.770764754184009054e-02 -1.195308178645321656e-01 -1.042190732089416649e-01 -1.721377405488599271e-02 -6.521046875450768610e-02 -1.075797900968539222e-02 1.695296240272020638e-01 -1.088674165858060927e-01 -4.275053320951443386e-02 3.677820190382359578e-02 -1.207684942984815334e-04 -9.508443801731657485e-01 -8.862340340837877861e-02 -3.277763598413705598e-02 -3.230672194964271521e-02 7.637011416504006778e-02 -1.555929272610998351e-02 2.022760656729714196e-02 -7.412024580793007134e-02
3.351737293816277330e-03 -8.297217863371421365e-02 -2.630164706266946428e-01 -2.293243976500439762e-01 2.198267210741033928e-01 -1.434895840766453046e-01 -7.227006045184459770e-01 -2.649804197356336877e-01 -2.395526458214010945e-01 -9.406858049711269709e-02 8.092701977244637357e-02 -2.657398627463337633e-04 1.081623791194504941e-01 -1.950075737439943835e-01 -7.212414577305686914e-02 -7.108794314737304498e-02 1.680453480357788076e-01 -3.423677953000379276e-02 4.450897085457420493e-02 -1.630947215343163392e-01
1.132499882005823548e-03 -2.803500819884113815e-02 -8.886917315985180810e-02 -7.748514591493337045e-02 -1.279815443873184681e-02 -4.848289790962181239e-02 -7.998378297262964676e-03 1.260424531728098763e-01 -8.094111183104749085e-02 -3.178430973991966391e-02 -9.663529134509784013e-01 -1.089265072326018602e-01 3.654638500944255852e-02 -6.589002505145269417e-02 -2.436962667942365116e-02 -2.401950993444916527e-02 5.677990848905980353e-02 -1.156807511422348195e-02 1.503888873809751912e-02 -5.510716882085601315e-02
3.704022630216321794e-03 -9.169299393033136791e-02 7.093391056872736522e-01 -2.534276060729861446e-01 -4.185841819438348294e-02 -1.585710991136914383e-01 -2.615997996011776988e-02 4.122420729028409281e-01 -2.647308972838194330e-01 -1.039556863829516065e-01 8.943287804400935903e-02 -2.936705293640164333e-04 1.195308178645328179e-01 -2.155039022732270215e-01 -7.970477537770748189e-02 -7.855966236956490878e-02 1.857078038831209421e-01 -3.783524633597079578e-02 4.918709935809079115e-02 -1.802368403237106231e-01
