1.772873536496599911e+01 1.105287576136319561e-01 -2.381517326299153581e+00 -1.901912729417931436e+00 -5.123012483918386595e-01 -1.846755147279404596e+00 -6.732061207326436314e-01 -1.447888115233089579e+00 -6.051077582143571387e-01 -6.971853576708987310e-01 -4.704452750838736264e-01 -7.327955321629199270e-01 -6.682565466210768079e-01 -5.117324830766830646e-01 -2.553506124906094410e+00 -1.080849270758815317e+00 -1.011844051835947278e+00 -4.605774687285686397e-01 -6.563133452442990734e-01 -1.115869426286886013e+00
1.105287576136319838e-01 -1.997535607169646710e+01 1.568234694038591337e-01 2.324339642493486457e-01 2.999460929336549286e-01 1.823622150446556900e-01 1.766400417933848555e-01 2.853780028736357388e-01 1.192664279413304246e-01 4.153668341586396612e-02 2.149507189724323974e-01 8.955540803229491975e-02 9.130738444639743823e-02 2.996130878226727079e-01 1.521319608102854881e-01 2.130348353932857708e-01 3.125410890011141030e-01 7.067566953991870349e-02 2.432960524577177375e-01 8.980314681015438838e-02
-2.381517326299153581e+00 1.568234694038591337e-01 1.455867630114046385e+01 -1.803541312678709652e+00 -1.622461591628731326e-01 -1.810308820576266964e+00 -5.097374258451904394e-01 -1.225178421809159701e+00 -5.120319453096660034e-01 -7.206553887576543360e-01 -2.314541537364616097e-01 -6.948936171254723737e-01 -6.205516271447973908e-01 -1.620660307947714429e-01 -2.639467293585796792e+00 -9.145963626814377356e-01 -7.020084670619183287e-01 -4.171401463521478004e-01 -4.000330357395003311e-01 -1.121639256964925613e+00
-1.901912729417931436e+00 2.324339642493486457e-01 -1.803541312678709208e+00 1.005908993206724666e+01 8.523389598955077862e-01 -1.115506508441902467e+00 1.066205386747588468e-01 -2.111045166729139944e-01 -8.822572648322893341e-02 -5.483587682208446168e-01 5.008747727175126840e-01 -3.625269883751426891e-01 -2.856876261138173723e-01 8.513926790916525045e-01 -2.008414918488376166e+00 -1.575896372787607969e-01 3.794511751226533058e-01 -1.608195033481092107e-01 4.351546723728653698e-01 -7.690061850400238264e-01
-5.123012483918382154e-01 2.999460929336549841e-01 -1.622461591628731326e-01 8.523389598955073421e-01 3.403657717574528618e+00 4.306981462210784373e-01 1.166122578111830510e+00 1.642120958120623309e+00 6.862824007124450620e-01 -8.755631663136034804e-02 1.653177890210092205e+00 3.284010733189479114e-01 3.877767040093315076e-01 2.400989137040022481e+00 -3.206831416243436372e-01 1.225844194319331004e+00 2.183672005065194988e+00 3.382065925838240172e-01 1.788049121785086903e+00 7.350066994792280040e-02
-1.846755147279404152e+00 1.823622150446556900e-01 -1.810308820576266964e+00 -1.115506508441902023e+00 4.306981462210783818e-01 1.178335366549164576e+01 -1.041282813620065806e-01 -5.151673256051196859e-01 -2.153009906100479265e-01 -5.434374280740172924e-01 2.091584540150259741e-01 -4.297979464783623360e-01 -3.622485058183844142e-01 4.302199780189877587e-01 -1.990390053121652736e+00 -3.845726906249397614e-01 -1.156781460718565337e-02 -2.258109371119398634e-01 1.174887992726383334e-01 -7.979410281693644080e-01
-6.732061207326436314e-01 1.766400417933848277e-01 -5.097374258451904394e-01 1.066205386747588052e-01 1.166122578111830288e+00 -1.041282813620064696e-01 5.489979480784586308e+00 6.008054268372219342e-01 2.510912418795319123e-01 -1.701823840016928879e-01 7.809629096067037812e-01 4.108025208999915162e-02 8.365721220695852833e-02 1.164827929547666452e+00 -6.233087874237532855e-01 4.485015800826631649e-01 9.619162751174664683e-01 9.477306268208815498e-02 8.183648501064487712e-01 -1.606145798742777686e-01
-1.447888115233089579e+00 2.853780028736357388e-01 -1.225178421809159701e+00 -2.111045166729142164e-01 1.642120958120623309e+00 -5.151673256051196859e-01 6.008054268372219342e-01 7.615493306040207244e+00 2.572296648446310008e-01 -3.899741694880899390e-01 1.074943452401252664e+00 -8.133730020549800876e-02 -5.170441521741055320e-03 1.640297848285930282e+00 -1.428316615354199293e+00 4.594660899494927842e-01 1.239811714770736817e+00 5.187600873965252796e-02 1.094617308442485948e+00 -4.572145551630099614e-01
-6.051077582143571387e-01 1.192664279413304246e-01 -5.120319453096660034e-01 -8.822572648322893341e-02 6.862824007124451731e-01 -2.153009906100480375e-01 2.510912418795320233e-01 2.572296648446310563e-01 7.107502550924182927e+00 -1.629797171326699823e-01 4.492450872732033917e-01 -3.399284162135254861e-02 -2.160853622101456626e-03 6.855204786457858024e-01 -5.969283510543628157e-01 1.920220856430578382e-01 5.181475553530899836e-01 2.168024933922894221e-02 4.574672715699686365e-01 -1.910811143395041156e-01
-6.971853576708987310e-01 4.153668341586396612e-02 -7.206553887576542250e-01 -5.483587682208445058e-01 -8.755631663136023701e-02 -5.434374280740172924e-01 -1.701823840016928324e-01 -3.899741694880899390e-01 -1.629797171326699823e-01 1.778792098088299767e+01 -9.573303238541347460e-02 -2.112793343034073679e-01 -1.902285118752701787e-01 -8.745911016118460002e-02 -7.767591047644314406e-01 -2.911159310387185783e-01 -2.438644818133965941e-01 -1.291470144156804667e-01 -1.478955217165231484e-01 -3.335291218311969286e-01
-4.704452750838736264e-01 2.149507189724323974e-01 -2.314541537364613877e-01 5.008747727175124620e-01 1.653177890210092205e+00 2.091584540150258076e-01 7.809629096067037812e-01 1.074943452401252664e+00 4.492450872732033362e-01 -9.573303238541355786e-02 3.131157031076202024e+00 1.929840365140419178e-01 2.376508389974338054e-01 1.651342504786604160e+00 -3.506311225018294842e-01 8.024458757628620820e-01 1.474768082307996719e+00 2.133367442368375166e-01 1.216123206480743013e+00 -4.030290227475944072e-03
-7.327955321629200380e-01 8.955540803229491975e-02 -6.948936171254725958e-01 -3.625269883751428002e-01 3.284010733189478559e-01 -4.297979464783624470e-01 4.108025208999926264e-02 -8.133730020549811979e-02 -3.399284162135249310e-02 -2.112793343034073679e-01 1.929840365140419178e-01 1.086032053245098794e+01 -1.100737235585497881e-01 3.280364770183338274e-01 -7.738301848624046242e-01 -6.071833913661926069e-02 1.462002548818044367e-01 -6.196278710128878126e-02 1.676624772432360744e-01 -2.962934565222898886e-01
-6.682565466210769189e-01 9.130738444639745210e-02 -6.205516271447973908e-01 -2.856876261138175943e-01 3.877767040093314521e-01 -3.622485058183845252e-01 8.365721220695856997e-02 -5.170441521740828938e-03 -2.160853622101400681e-03 -1.902285118752701232e-01 2.376508389974339164e-01 -1.100737235585498158e-01 9.918495463847870397e+00 3.873461879019471921e-01 -6.967295925835678139e-01 -3.859737426862565064e-03 2.178615018516641411e-01 -4.101015358370827674e-02 2.207561017045345519e-01 -2.588001342770693269e-01
-5.117324830766826205e-01 2.996130878226727079e-01 -1.620660307947716927e-01 8.513926790916522824e-01 2.400989137040022481e+00 4.302199780189877032e-01 1.164827929547666896e+00 1.640297848285930060e+00 6.855204786457855803e-01 -8.745911016118460002e-02 1.651342504786603937e+00 3.280364770183338829e-01 3.873461879019471366e-01 3.398323519207740340e+00 -3.203271138990874678e-01 1.224483241829556368e+00 2.181247656305445037e+00 3.378311100336205408e-01 1.786064000090658466e+00 7.341906828905878091e-02
-2.553506124906094410e+00 1.521319608102854881e-01 -2.639467293585796348e+00 -2.008414918488376166e+00 -3.206831416243436372e-01 -1.990390053121652292e+00 -6.233087874237531745e-01 -1.428316615354198849e+00 -5.969283510543628157e-01 -7.767591047644314406e-01 -3.506311225018294842e-01 -7.738301848624042911e-01 -6.967295925835677028e-01 -3.203271138990873568e-01 1.515504763579841807e+01 -1.066239135383574954e+00 -8.931763140262403144e-01 -4.730129350757891205e-01 -5.416810843689454646e-01 -1.221581385868026670e+00
-1.080849270758815317e+00 2.130348353932857708e-01 -9.145963626814376246e-01 -1.575896372787608801e-01 1.225844194319331004e+00 -3.845726906249399280e-01 4.485015800826633314e-01 4.594660899494926176e-01 1.920220856430576994e-01 -2.911159310387185228e-01 8.024458757628620820e-01 -6.071833913661921212e-02 -3.859737426862621442e-03 1.224483241829556590e+00 -1.066239135383575176e+00 7.342991687710873627e+00 9.255201238891708204e-01 3.872546892693079501e-02 8.171324200693308448e-01 -3.413109157600197063e-01
-1.011844051835947278e+00 3.125410890011140475e-01 -7.020084670619183287e-01 3.794511751226529728e-01 2.183672005065194988e+00 -1.156781460718589276e-02 9.619162751174664683e-01 1.239811714770737039e+00 5.181475553530898726e-01 -2.438644818133966496e-01 1.474768082307996941e+00 1.462002548818046033e-01 2.178615018516642521e-01 2.181247656305445037e+00 -8.931763140262405365e-01 9.255201238891701543e-01 5.858387706058652888e+00 2.180753081747401068e-01 1.561228534937400214e+00 -1.857762359411337383e-01
-4.605774687285686397e-01 7.067566953991871737e-02 -4.171401463521478559e-01 -1.608195033481092662e-01 3.382065925838240172e-01 -2.258109371119399189e-01 9.477306268208816886e-02 5.187600873965248632e-02 2.168024933922894568e-02 -1.291470144156804667e-01 2.133367442368375166e-01 -6.196278710128879513e-02 -4.101015358370831837e-02 3.378311100336205408e-01 -4.730129350757892315e-01 3.872546892693080195e-02 2.180753081747400512e-01 8.984184432166816947e+00 2.066711453147658251e-01 -1.692132811472756015e-01
-6.563133452442992954e-01 2.432960524577176820e-01 -4.000330357395003866e-01 4.351546723728650923e-01 1.788049121785086903e+00 1.174887992726382085e-01 8.183648501064486602e-01 1.094617308442485948e+00 4.574672715699684700e-01 -1.478955217165231484e-01 1.216123206480743013e+00 1.676624772432360466e-01 2.207561017045345242e-01 1.786064000090658910e+00 -5.416810843689455757e-01 8.171324200693306228e-01 1.561228534937400214e+00 2.066711453147658806e-01 4.298286214329288590e+00 -7.252534012341343983e-02
-1.115869426286886013e+00 8.980314681015437450e-02 -1.121639256964925391e+00 -7.690061850400239374e-01 7.350066994792286978e-02 -7.979410281693646301e-01 -1.606145798742778519e-01 -4.572145551630099614e-01 -1.910811143395041711e-01 -3.335291218311969841e-01 -4.030290227475832182e-03 -2.962934565222898331e-01 -2.588001342770693269e-01 7.341906828905866988e-02 -1.221581385868026892e+00 -3.413109157600197063e-01 -1.857762359411337105e-01 -1.692132811472756015e-01 -7.252534012341342595e-02 1.449375254917773148e+01
